,일자,요일,지점명,지점번호,구분,방향,total,Latitude_y,Longitude_y,time,floating
0,20190324.0,일,율곡로(안국역),A-05,유입,안국역->안국동사거리,17952.0,37.57651,126.9876,8시,782.0
0,20190324.0,일,율곡로(안국역),A-05,유입,안국역->안국동사거리,17952.0,37.57651,126.9876,9시,1155.0
0,20190324.0,일,율곡로(안국역),A-05,유입,안국역->안국동사거리,17952.0,37.57651,126.9876,10시,1195.0
0,20190324.0,일,율곡로(안국역),A-05,유입,안국역->안국동사거리,17952.0,37.57651,126.9876,11시,1329.0
0,20190324.0,일,율곡로(안국역),A-05,유입,안국역->안국동사거리,17952.0,37.57651,126.9876,12시,1436.0
0,20190324.0,일,율곡로(안국역),A-05,유입,안국역->안국동사거리,17952.0,37.57651,126.9876,13시,1640.0
0,20190324.0,일,율곡로(안국역),A-05,유입,안국역->안국동사거리,17952.0,37.57651,126.9876,14시,1690.0
0,20190324.0,일,율곡로(안국역),A-05,유입,안국역->안국동사거리,17952.0,37.57651,126.9876,15시,1682.0
0,20190324.0,일,율곡로(안국역),A-05,유입,안국역->안국동사거리,17952.0,37.57651,126.9876,16시,1463.0
0,20190324.0,일,율곡로(안국역),A-05,유입,안국역->안국동사거리,17952.0,37.57651,126.9876,17시,1637.0
0,20190324.0,일,율곡로(안국역),A-05,유입,안국역->안국동사거리,17952.0,37.57651,126.9876,18시,1427.0
0,20190324.0,일,율곡로(안국역),A-05,유입,안국역->안국동사거리,17952.0,37.57651,126.9876,19시,1295.0
0,20190324.0,일,율곡로(안국역),A-05,유입,안국역->안국동사거리,17952.0,37.57651,126.9876,20시,1221.0
0,20190325.0,월,율곡로(안국역),A-05,유입,안국역->안국동사거리,19649.0,37.57651,126.9876,8시,1722.0
0,20190325.0,월,율곡로(안국역),A-05,유입,안국역->안국동사거리,19649.0,37.57651,126.9876,9시,1713.0
0,20190325.0,월,율곡로(안국역),A-05,유입,안국역->안국동사거리,19649.0,37.57651,126.9876,10시,1497.0
0,20190325.0,월,율곡로(안국역),A-05,유입,안국역->안국동사거리,19649.0,37.57651,126.9876,11시,1582.0
0,20190325.0,월,율곡로(안국역),A-05,유입,안국역->안국동사거리,19649.0,37.57651,126.9876,12시,1473.0
0,20190325.0,월,율곡로(안국역),A-05,유입,안국역->안국동사거리,19649.0,37.57651,126.9876,13시,1565.0
0,20190325.0,월,율곡로(안국역),A-05,유입,안국역->안국동사거리,19649.0,37.57651,126.9876,14시,1576.0
0,20190325.0,월,율곡로(안국역),A-05,유입,안국역->안국동사거리,19649.0,37.57651,126.9876,15시,1587.0
0,20190325.0,월,율곡로(안국역),A-05,유입,안국역->안국동사거리,19649.0,37.57651,126.9876,16시,1514.0
0,20190325.0,월,율곡로(안국역),A-05,유입,안국역->안국동사거리,19649.0,37.57651,126.9876,17시,1531.0
0,20190325.0,월,율곡로(안국역),A-05,유입,안국역->안국동사거리,19649.0,37.57651,126.9876,18시,1442.0
0,20190325.0,월,율곡로(안국역),A-05,유입,안국역->안국동사거리,19649.0,37.57651,126.9876,19시,1219.0
0,20190325.0,월,율곡로(안국역),A-05,유입,안국역->안국동사거리,19649.0,37.57651,126.9876,20시,1228.0
0,20190326.0,화,율곡로(안국역),A-05,유입,안국역->안국동사거리,19692.0,37.57651,126.9876,8시,1654.0
0,20190326.0,화,율곡로(안국역),A-05,유입,안국역->안국동사거리,19692.0,37.57651,126.9876,9시,1589.0
0,20190326.0,화,율곡로(안국역),A-05,유입,안국역->안국동사거리,19692.0,37.57651,126.9876,10시,1470.0
0,20190326.0,화,율곡로(안국역),A-05,유입,안국역->안국동사거리,19692.0,37.57651,126.9876,11시,1584.0
0,20190326.0,화,율곡로(안국역),A-05,유입,안국역->안국동사거리,19692.0,37.57651,126.9876,12시,1554.0
0,20190326.0,화,율곡로(안국역),A-05,유입,안국역->안국동사거리,19692.0,37.57651,126.9876,13시,1584.0
0,20190326.0,화,율곡로(안국역),A-05,유입,안국역->안국동사거리,19692.0,37.57651,126.9876,14시,1571.0
0,20190326.0,화,율곡로(안국역),A-05,유입,안국역->안국동사거리,19692.0,37.57651,126.9876,15시,1694.0
0,20190326.0,화,율곡로(안국역),A-05,유입,안국역->안국동사거리,19692.0,37.57651,126.9876,16시,1687.0
0,20190326.0,화,율곡로(안국역),A-05,유입,안국역->안국동사거리,19692.0,37.57651,126.9876,17시,1556.0
0,20190326.0,화,율곡로(안국역),A-05,유입,안국역->안국동사거리,19692.0,37.57651,126.9876,18시,1132.0
0,20190326.0,화,율곡로(안국역),A-05,유입,안국역->안국동사거리,19692.0,37.57651,126.9876,19시,1346.0
0,20190326.0,화,율곡로(안국역),A-05,유입,안국역->안국동사거리,19692.0,37.57651,126.9876,20시,1271.0
0,20190327.0,수,율곡로(안국역),A-05,유입,안국역->안국동사거리,19940.0,37.57651,126.9876,8시,1731.0
0,20190327.0,수,율곡로(안국역),A-05,유입,안국역->안국동사거리,19940.0,37.57651,126.9876,9시,1636.0
0,20190327.0,수,율곡로(안국역),A-05,유입,안국역->안국동사거리,19940.0,37.57651,126.9876,10시,1566.0
0,20190327.0,수,율곡로(안국역),A-05,유입,안국역->안국동사거리,19940.0,37.57651,126.9876,11시,1581.0
0,20190327.0,수,율곡로(안국역),A-05,유입,안국역->안국동사거리,19940.0,37.57651,126.9876,12시,1495.0
0,20190327.0,수,율곡로(안국역),A-05,유입,안국역->안국동사거리,19940.0,37.57651,126.9876,13시,1586.0
0,20190327.0,수,율곡로(안국역),A-05,유입,안국역->안국동사거리,19940.0,37.57651,126.9876,14시,1670.0
0,20190327.0,수,율곡로(안국역),A-05,유입,안국역->안국동사거리,19940.0,37.57651,126.9876,15시,1735.0
0,20190327.0,수,율곡로(안국역),A-05,유입,안국역->안국동사거리,19940.0,37.57651,126.9876,16시,1496.0
0,20190327.0,수,율곡로(안국역),A-05,유입,안국역->안국동사거리,19940.0,37.57651,126.9876,17시,1687.0
0,20190327.0,수,율곡로(안국역),A-05,유입,안국역->안국동사거리,19940.0,37.57651,126.9876,18시,1184.0
0,20190327.0,수,율곡로(안국역),A-05,유입,안국역->안국동사거리,19940.0,37.57651,126.9876,19시,1372.0
0,20190327.0,수,율곡로(안국역),A-05,유입,안국역->안국동사거리,19940.0,37.57651,126.9876,20시,1201.0
0,20190328.0,목,율곡로(안국역),A-05,유입,안국역->안국동사거리,20437.0,37.57651,126.9876,8시,1620.0
0,20190328.0,목,율곡로(안국역),A-05,유입,안국역->안국동사거리,20437.0,37.57651,126.9876,9시,1572.0
0,20190328.0,목,율곡로(안국역),A-05,유입,안국역->안국동사거리,20437.0,37.57651,126.9876,10시,1648.0
0,20190328.0,목,율곡로(안국역),A-05,유입,안국역->안국동사거리,20437.0,37.57651,126.9876,11시,1616.0
0,20190328.0,목,율곡로(안국역),A-05,유입,안국역->안국동사거리,20437.0,37.57651,126.9876,12시,1523.0
0,20190328.0,목,율곡로(안국역),A-05,유입,안국역->안국동사거리,20437.0,37.57651,126.9876,13시,1625.0
0,20190328.0,목,율곡로(안국역),A-05,유입,안국역->안국동사거리,20437.0,37.57651,126.9876,14시,1679.0
0,20190328.0,목,율곡로(안국역),A-05,유입,안국역->안국동사거리,20437.0,37.57651,126.9876,15시,1708.0
0,20190328.0,목,율곡로(안국역),A-05,유입,안국역->안국동사거리,20437.0,37.57651,126.9876,16시,1792.0
0,20190328.0,목,율곡로(안국역),A-05,유입,안국역->안국동사거리,20437.0,37.57651,126.9876,17시,1623.0
0,20190328.0,목,율곡로(안국역),A-05,유입,안국역->안국동사거리,20437.0,37.57651,126.9876,18시,1302.0
0,20190328.0,목,율곡로(안국역),A-05,유입,안국역->안국동사거리,20437.0,37.57651,126.9876,19시,1452.0
0,20190328.0,목,율곡로(안국역),A-05,유입,안국역->안국동사거리,20437.0,37.57651,126.9876,20시,1277.0
0,20190329.0,금,율곡로(안국역),A-05,유입,안국역->안국동사거리,20216.0,37.57651,126.9876,8시,1695.0
0,20190329.0,금,율곡로(안국역),A-05,유입,안국역->안국동사거리,20216.0,37.57651,126.9876,9시,1567.0
0,20190329.0,금,율곡로(안국역),A-05,유입,안국역->안국동사거리,20216.0,37.57651,126.9876,10시,1579.0
0,20190329.0,금,율곡로(안국역),A-05,유입,안국역->안국동사거리,20216.0,37.57651,126.9876,11시,1609.0
0,20190329.0,금,율곡로(안국역),A-05,유입,안국역->안국동사거리,20216.0,37.57651,126.9876,12시,1598.0
0,20190329.0,금,율곡로(안국역),A-05,유입,안국역->안국동사거리,20216.0,37.57651,126.9876,13시,1604.0
0,20190329.0,금,율곡로(안국역),A-05,유입,안국역->안국동사거리,20216.0,37.57651,126.9876,14시,1633.0
0,20190329.0,금,율곡로(안국역),A-05,유입,안국역->안국동사거리,20216.0,37.57651,126.9876,15시,1666.0
0,20190329.0,금,율곡로(안국역),A-05,유입,안국역->안국동사거리,20216.0,37.57651,126.9876,16시,1610.0
0,20190329.0,금,율곡로(안국역),A-05,유입,안국역->안국동사거리,20216.0,37.57651,126.9876,17시,1665.0
0,20190329.0,금,율곡로(안국역),A-05,유입,안국역->안국동사거리,20216.0,37.57651,126.9876,18시,1384.0
0,20190329.0,금,율곡로(안국역),A-05,유입,안국역->안국동사거리,20216.0,37.57651,126.9876,19시,1240.0
0,20190329.0,금,율곡로(안국역),A-05,유입,안국역->안국동사거리,20216.0,37.57651,126.9876,20시,1366.0
0,20190330.0,토,율곡로(안국역),A-05,유입,안국역->안국동사거리,18673.0,37.57651,126.9876,8시,1154.0
0,20190330.0,토,율곡로(안국역),A-05,유입,안국역->안국동사거리,18673.0,37.57651,126.9876,9시,1471.0
0,20190330.0,토,율곡로(안국역),A-05,유입,안국역->안국동사거리,18673.0,37.57651,126.9876,10시,1466.0
0,20190330.0,토,율곡로(안국역),A-05,유입,안국역->안국동사거리,18673.0,37.57651,126.9876,11시,1432.0
0,20190330.0,토,율곡로(안국역),A-05,유입,안국역->안국동사거리,18673.0,37.57651,126.9876,12시,1622.0
0,20190330.0,토,율곡로(안국역),A-05,유입,안국역->안국동사거리,18673.0,37.57651,126.9876,13시,1644.0
0,20190330.0,토,율곡로(안국역),A-05,유입,안국역->안국동사거리,18673.0,37.57651,126.9876,14시,1645.0
0,20190330.0,토,율곡로(안국역),A-05,유입,안국역->안국동사거리,18673.0,37.57651,126.9876,15시,1517.0
0,20190330.0,토,율곡로(안국역),A-05,유입,안국역->안국동사거리,18673.0,37.57651,126.9876,16시,1250.0
0,20190330.0,토,율곡로(안국역),A-05,유입,안국역->안국동사거리,18673.0,37.57651,126.9876,17시,1239.0
0,20190330.0,토,율곡로(안국역),A-05,유입,안국역->안국동사거리,18673.0,37.57651,126.9876,18시,1593.0
0,20190330.0,토,율곡로(안국역),A-05,유입,안국역->안국동사거리,18673.0,37.57651,126.9876,19시,1337.0
0,20190330.0,토,율곡로(안국역),A-05,유입,안국역->안국동사거리,18673.0,37.57651,126.9876,20시,1303.0
0,20190331.0,일,율곡로(안국역),A-05,유입,안국역->안국동사거리,17785.0,37.57651,126.9876,8시,796.0
0,20190331.0,일,율곡로(안국역),A-05,유입,안국역->안국동사거리,17785.0,37.57651,126.9876,9시,1162.0
0,20190331.0,일,율곡로(안국역),A-05,유입,안국역->안국동사거리,17785.0,37.57651,126.9876,10시,1247.0
0,20190331.0,일,율곡로(안국역),A-05,유입,안국역->안국동사거리,17785.0,37.57651,126.9876,11시,1358.0
0,20190331.0,일,율곡로(안국역),A-05,유입,안국역->안국동사거리,17785.0,37.57651,126.9876,12시,1394.0
0,20190331.0,일,율곡로(안국역),A-05,유입,안국역->안국동사거리,17785.0,37.57651,126.9876,13시,1638.0
0,20190331.0,일,율곡로(안국역),A-05,유입,안국역->안국동사거리,17785.0,37.57651,126.9876,14시,1548.0
0,20190331.0,일,율곡로(안국역),A-05,유입,안국역->안국동사거리,17785.0,37.57651,126.9876,15시,1644.0
0,20190331.0,일,율곡로(안국역),A-05,유입,안국역->안국동사거리,17785.0,37.57651,126.9876,16시,1696.0
0,20190331.0,일,율곡로(안국역),A-05,유입,안국역->안국동사거리,17785.0,37.57651,126.9876,17시,1512.0
0,20190331.0,일,율곡로(안국역),A-05,유입,안국역->안국동사거리,17785.0,37.57651,126.9876,18시,1404.0
0,20190331.0,일,율곡로(안국역),A-05,유입,안국역->안국동사거리,17785.0,37.57651,126.9876,19시,1219.0
0,20190331.0,일,율곡로(안국역),A-05,유입,안국역->안국동사거리,17785.0,37.57651,126.9876,20시,1167.0
0,20190301.0,금,율곡로(안국역),A-05,유출,안국동사거리->안국역,11729.0,37.57651,126.9876,8시,480.0
0,20190301.0,금,율곡로(안국역),A-05,유출,안국동사거리->안국역,11729.0,37.57651,126.9876,9시,583.0
0,20190301.0,금,율곡로(안국역),A-05,유출,안국동사거리->안국역,11729.0,37.57651,126.9876,10시,651.0
0,20190301.0,금,율곡로(안국역),A-05,유출,안국동사거리->안국역,11729.0,37.57651,126.9876,11시,787.0
0,20190301.0,금,율곡로(안국역),A-05,유출,안국동사거리->안국역,11729.0,37.57651,126.9876,12시,662.0
0,20190301.0,금,율곡로(안국역),A-05,유출,안국동사거리->안국역,11729.0,37.57651,126.9876,13시,1013.0
0,20190301.0,금,율곡로(안국역),A-05,유출,안국동사거리->안국역,11729.0,37.57651,126.9876,14시,769.0
0,20190301.0,금,율곡로(안국역),A-05,유출,안국동사거리->안국역,11729.0,37.57651,126.9876,15시,812.0
0,20190301.0,금,율곡로(안국역),A-05,유출,안국동사거리->안국역,11729.0,37.57651,126.9876,16시,1081.0
0,20190301.0,금,율곡로(안국역),A-05,유출,안국동사거리->안국역,11729.0,37.57651,126.9876,17시,1157.0
0,20190301.0,금,율곡로(안국역),A-05,유출,안국동사거리->안국역,11729.0,37.57651,126.9876,18시,1235.0
0,20190301.0,금,율곡로(안국역),A-05,유출,안국동사거리->안국역,11729.0,37.57651,126.9876,19시,1317.0
0,20190301.0,금,율곡로(안국역),A-05,유출,안국동사거리->안국역,11729.0,37.57651,126.9876,20시,1182.0
0,20190302.0,토,율곡로(안국역),A-05,유출,안국동사거리->안국역,18624.0,37.57651,126.9876,8시,995.0
0,20190302.0,토,율곡로(안국역),A-05,유출,안국동사거리->안국역,18624.0,37.57651,126.9876,9시,1242.0
0,20190302.0,토,율곡로(안국역),A-05,유출,안국동사거리->안국역,18624.0,37.57651,126.9876,10시,1411.0
0,20190302.0,토,율곡로(안국역),A-05,유출,안국동사거리->안국역,18624.0,37.57651,126.9876,11시,1547.0
0,20190302.0,토,율곡로(안국역),A-05,유출,안국동사거리->안국역,18624.0,37.57651,126.9876,12시,1550.0
0,20190302.0,토,율곡로(안국역),A-05,유출,안국동사거리->안국역,18624.0,37.57651,126.9876,13시,1490.0
0,20190302.0,토,율곡로(안국역),A-05,유출,안국동사거리->안국역,18624.0,37.57651,126.9876,14시,1497.0
0,20190302.0,토,율곡로(안국역),A-05,유출,안국동사거리->안국역,18624.0,37.57651,126.9876,15시,1644.0
0,20190302.0,토,율곡로(안국역),A-05,유출,안국동사거리->안국역,18624.0,37.57651,126.9876,16시,1635.0
0,20190302.0,토,율곡로(안국역),A-05,유출,안국동사거리->안국역,18624.0,37.57651,126.9876,17시,1608.0
0,20190302.0,토,율곡로(안국역),A-05,유출,안국동사거리->안국역,18624.0,37.57651,126.9876,18시,1492.0
0,20190302.0,토,율곡로(안국역),A-05,유출,안국동사거리->안국역,18624.0,37.57651,126.9876,19시,1296.0
0,20190302.0,토,율곡로(안국역),A-05,유출,안국동사거리->안국역,18624.0,37.57651,126.9876,20시,1217.0
0,20190303.0,일,율곡로(안국역),A-05,유출,안국동사거리->안국역,17704.0,37.57651,126.9876,8시,848.0
0,20190303.0,일,율곡로(안국역),A-05,유출,안국동사거리->안국역,17704.0,37.57651,126.9876,9시,1078.0
0,20190303.0,일,율곡로(안국역),A-05,유출,안국동사거리->안국역,17704.0,37.57651,126.9876,10시,1248.0
0,20190303.0,일,율곡로(안국역),A-05,유출,안국동사거리->안국역,17704.0,37.57651,126.9876,11시,1401.0
0,20190303.0,일,율곡로(안국역),A-05,유출,안국동사거리->안국역,17704.0,37.57651,126.9876,12시,1297.0
0,20190303.0,일,율곡로(안국역),A-05,유출,안국동사거리->안국역,17704.0,37.57651,126.9876,13시,1561.0
0,20190303.0,일,율곡로(안국역),A-05,유출,안국동사거리->안국역,17704.0,37.57651,126.9876,14시,1675.0
0,20190303.0,일,율곡로(안국역),A-05,유출,안국동사거리->안국역,17704.0,37.57651,126.9876,15시,1676.0
0,20190303.0,일,율곡로(안국역),A-05,유출,안국동사거리->안국역,17704.0,37.57651,126.9876,16시,1683.0
0,20190303.0,일,율곡로(안국역),A-05,유출,안국동사거리->안국역,17704.0,37.57651,126.9876,17시,1539.0
0,20190303.0,일,율곡로(안국역),A-05,유출,안국동사거리->안국역,17704.0,37.57651,126.9876,18시,1365.0
0,20190303.0,일,율곡로(안국역),A-05,유출,안국동사거리->안국역,17704.0,37.57651,126.9876,19시,1257.0
0,20190303.0,일,율곡로(안국역),A-05,유출,안국동사거리->안국역,17704.0,37.57651,126.9876,20시,1076.0
0,20190304.0,월,율곡로(안국역),A-05,유출,안국동사거리->안국역,20736.0,37.57651,126.9876,8시,1647.0
0,20190304.0,월,율곡로(안국역),A-05,유출,안국동사거리->안국역,20736.0,37.57651,126.9876,9시,1755.0
0,20190304.0,월,율곡로(안국역),A-05,유출,안국동사거리->안국역,20736.0,37.57651,126.9876,10시,1720.0
0,20190304.0,월,율곡로(안국역),A-05,유출,안국동사거리->안국역,20736.0,37.57651,126.9876,11시,1596.0
0,20190304.0,월,율곡로(안국역),A-05,유출,안국동사거리->안국역,20736.0,37.57651,126.9876,12시,1545.0
0,20190304.0,월,율곡로(안국역),A-05,유출,안국동사거리->안국역,20736.0,37.57651,126.9876,13시,1682.0
0,20190304.0,월,율곡로(안국역),A-05,유출,안국동사거리->안국역,20736.0,37.57651,126.9876,14시,1691.0
0,20190304.0,월,율곡로(안국역),A-05,유출,안국동사거리->안국역,20736.0,37.57651,126.9876,15시,1663.0
0,20190304.0,월,율곡로(안국역),A-05,유출,안국동사거리->안국역,20736.0,37.57651,126.9876,16시,1558.0
0,20190304.0,월,율곡로(안국역),A-05,유출,안국동사거리->안국역,20736.0,37.57651,126.9876,17시,1511.0
0,20190304.0,월,율곡로(안국역),A-05,유출,안국동사거리->안국역,20736.0,37.57651,126.9876,18시,1517.0
0,20190304.0,월,율곡로(안국역),A-05,유출,안국동사거리->안국역,20736.0,37.57651,126.9876,19시,1519.0
0,20190304.0,월,율곡로(안국역),A-05,유출,안국동사거리->안국역,20736.0,37.57651,126.9876,20시,1332.0
0,20190305.0,화,율곡로(안국역),A-05,유출,안국동사거리->안국역,20782.0,37.57651,126.9876,8시,1567.0
0,20190305.0,화,율곡로(안국역),A-05,유출,안국동사거리->안국역,20782.0,37.57651,126.9876,9시,1668.0
0,20190305.0,화,율곡로(안국역),A-05,유출,안국동사거리->안국역,20782.0,37.57651,126.9876,10시,1720.0
0,20190305.0,화,율곡로(안국역),A-05,유출,안국동사거리->안국역,20782.0,37.57651,126.9876,11시,1712.0
0,20190305.0,화,율곡로(안국역),A-05,유출,안국동사거리->안국역,20782.0,37.57651,126.9876,12시,1627.0
0,20190305.0,화,율곡로(안국역),A-05,유출,안국동사거리->안국역,20782.0,37.57651,126.9876,13시,1692.0
0,20190305.0,화,율곡로(안국역),A-05,유출,안국동사거리->안국역,20782.0,37.57651,126.9876,14시,1615.0
0,20190305.0,화,율곡로(안국역),A-05,유출,안국동사거리->안국역,20782.0,37.57651,126.9876,15시,1678.0
0,20190305.0,화,율곡로(안국역),A-05,유출,안국동사거리->안국역,20782.0,37.57651,126.9876,16시,1565.0
0,20190305.0,화,율곡로(안국역),A-05,유출,안국동사거리->안국역,20782.0,37.57651,126.9876,17시,1580.0
0,20190305.0,화,율곡로(안국역),A-05,유출,안국동사거리->안국역,20782.0,37.57651,126.9876,18시,1530.0
0,20190305.0,화,율곡로(안국역),A-05,유출,안국동사거리->안국역,20782.0,37.57651,126.9876,19시,1450.0
0,20190305.0,화,율곡로(안국역),A-05,유출,안국동사거리->안국역,20782.0,37.57651,126.9876,20시,1378.0
0,20190306.0,수,율곡로(안국역),A-05,유출,안국동사거리->안국역,21220.0,37.57651,126.9876,8시,1674.0
0,20190306.0,수,율곡로(안국역),A-05,유출,안국동사거리->안국역,21220.0,37.57651,126.9876,9시,1692.0
0,20190306.0,수,율곡로(안국역),A-05,유출,안국동사거리->안국역,21220.0,37.57651,126.9876,10시,1726.0
0,20190306.0,수,율곡로(안국역),A-05,유출,안국동사거리->안국역,21220.0,37.57651,126.9876,11시,1711.0
0,20190306.0,수,율곡로(안국역),A-05,유출,안국동사거리->안국역,21220.0,37.57651,126.9876,12시,1686.0
0,20190306.0,수,율곡로(안국역),A-05,유출,안국동사거리->안국역,21220.0,37.57651,126.9876,13시,1651.0
0,20190306.0,수,율곡로(안국역),A-05,유출,안국동사거리->안국역,21220.0,37.57651,126.9876,14시,1691.0
0,20190306.0,수,율곡로(안국역),A-05,유출,안국동사거리->안국역,21220.0,37.57651,126.9876,15시,1651.0
0,20190306.0,수,율곡로(안국역),A-05,유출,안국동사거리->안국역,21220.0,37.57651,126.9876,16시,1608.0
0,20190306.0,수,율곡로(안국역),A-05,유출,안국동사거리->안국역,21220.0,37.57651,126.9876,17시,1573.0
0,20190306.0,수,율곡로(안국역),A-05,유출,안국동사거리->안국역,21220.0,37.57651,126.9876,18시,1678.0
0,20190306.0,수,율곡로(안국역),A-05,유출,안국동사거리->안국역,21220.0,37.57651,126.9876,19시,1519.0
0,20190306.0,수,율곡로(안국역),A-05,유출,안국동사거리->안국역,21220.0,37.57651,126.9876,20시,1360.0
0,20190307.0,수,율곡로(안국역),A-05,유출,안국동사거리->안국역,21469.0,37.57651,126.9876,8시,1668.0
0,20190307.0,수,율곡로(안국역),A-05,유출,안국동사거리->안국역,21469.0,37.57651,126.9876,9시,1702.0
0,20190307.0,수,율곡로(안국역),A-05,유출,안국동사거리->안국역,21469.0,37.57651,126.9876,10시,1768.0
0,20190307.0,수,율곡로(안국역),A-05,유출,안국동사거리->안국역,21469.0,37.57651,126.9876,11시,1796.0
0,20190307.0,수,율곡로(안국역),A-05,유출,안국동사거리->안국역,21469.0,37.57651,126.9876,12시,1662.0
0,20190307.0,수,율곡로(안국역),A-05,유출,안국동사거리->안국역,21469.0,37.57651,126.9876,13시,1748.0
0,20190307.0,수,율곡로(안국역),A-05,유출,안국동사거리->안국역,21469.0,37.57651,126.9876,14시,1681.0
0,20190307.0,수,율곡로(안국역),A-05,유출,안국동사거리->안국역,21469.0,37.57651,126.9876,15시,1612.0
0,20190307.0,수,율곡로(안국역),A-05,유출,안국동사거리->안국역,21469.0,37.57651,126.9876,16시,1561.0
0,20190307.0,수,율곡로(안국역),A-05,유출,안국동사거리->안국역,21469.0,37.57651,126.9876,17시,1590.0
0,20190307.0,수,율곡로(안국역),A-05,유출,안국동사거리->안국역,21469.0,37.57651,126.9876,18시,1693.0
0,20190307.0,수,율곡로(안국역),A-05,유출,안국동사거리->안국역,21469.0,37.57651,126.9876,19시,1560.0
0,20190307.0,수,율곡로(안국역),A-05,유출,안국동사거리->안국역,21469.0,37.57651,126.9876,20시,1428.0
0,20190308.0,금,율곡로(안국역),A-05,유출,안국동사거리->안국역,21608.0,37.57651,126.9876,8시,1664.0
0,20190308.0,금,율곡로(안국역),A-05,유출,안국동사거리->안국역,21608.0,37.57651,126.9876,9시,1744.0
0,20190308.0,금,율곡로(안국역),A-05,유출,안국동사거리->안국역,21608.0,37.57651,126.9876,10시,1785.0
0,20190308.0,금,율곡로(안국역),A-05,유출,안국동사거리->안국역,21608.0,37.57651,126.9876,11시,1723.0
0,20190308.0,금,율곡로(안국역),A-05,유출,안국동사거리->안국역,21608.0,37.57651,126.9876,12시,1712.0
0,20190308.0,금,율곡로(안국역),A-05,유출,안국동사거리->안국역,21608.0,37.57651,126.9876,13시,1694.0
0,20190308.0,금,율곡로(안국역),A-05,유출,안국동사거리->안국역,21608.0,37.57651,126.9876,14시,1689.0
0,20190308.0,금,율곡로(안국역),A-05,유출,안국동사거리->안국역,21608.0,37.57651,126.9876,15시,1609.0
0,20190308.0,금,율곡로(안국역),A-05,유출,안국동사거리->안국역,21608.0,37.57651,126.9876,16시,1657.0
0,20190308.0,금,율곡로(안국역),A-05,유출,안국동사거리->안국역,21608.0,37.57651,126.9876,17시,1632.0
0,20190308.0,금,율곡로(안국역),A-05,유출,안국동사거리->안국역,21608.0,37.57651,126.9876,18시,1672.0
0,20190308.0,금,율곡로(안국역),A-05,유출,안국동사거리->안국역,21608.0,37.57651,126.9876,19시,1515.0
0,20190308.0,금,율곡로(안국역),A-05,유출,안국동사거리->안국역,21608.0,37.57651,126.9876,20시,1512.0
0,20190309.0,토,율곡로(안국역),A-05,유출,안국동사거리->안국역,18865.0,37.57651,126.9876,8시,1312.0
0,20190309.0,토,율곡로(안국역),A-05,유출,안국동사거리->안국역,18865.0,37.57651,126.9876,9시,1311.0
0,20190309.0,토,율곡로(안국역),A-05,유출,안국동사거리->안국역,18865.0,37.57651,126.9876,10시,1430.0
0,20190309.0,토,율곡로(안국역),A-05,유출,안국동사거리->안국역,18865.0,37.57651,126.9876,11시,1443.0
0,20190309.0,토,율곡로(안국역),A-05,유출,안국동사거리->안국역,18865.0,37.57651,126.9876,12시,1656.0
0,20190309.0,토,율곡로(안국역),A-05,유출,안국동사거리->안국역,18865.0,37.57651,126.9876,13시,1503.0
0,20190309.0,토,율곡로(안국역),A-05,유출,안국동사거리->안국역,18865.0,37.57651,126.9876,14시,1538.0
0,20190309.0,토,율곡로(안국역),A-05,유출,안국동사거리->안국역,18865.0,37.57651,126.9876,15시,1277.0
0,20190309.0,토,율곡로(안국역),A-05,유출,안국동사거리->안국역,18865.0,37.57651,126.9876,16시,1409.0
0,20190309.0,토,율곡로(안국역),A-05,유출,안국동사거리->안국역,18865.0,37.57651,126.9876,17시,1651.0
0,20190309.0,토,율곡로(안국역),A-05,유출,안국동사거리->안국역,18865.0,37.57651,126.9876,18시,1628.0
0,20190309.0,토,율곡로(안국역),A-05,유출,안국동사거리->안국역,18865.0,37.57651,126.9876,19시,1388.0
0,20190309.0,토,율곡로(안국역),A-05,유출,안국동사거리->안국역,18865.0,37.57651,126.9876,20시,1319.0
0,20190310.0,일,율곡로(안국역),A-05,유출,안국동사거리->안국역,15822.0,37.57651,126.9876,8시,948.0
0,20190310.0,일,율곡로(안국역),A-05,유출,안국동사거리->안국역,15822.0,37.57651,126.9876,9시,1113.0
0,20190310.0,일,율곡로(안국역),A-05,유출,안국동사거리->안국역,15822.0,37.57651,126.9876,10시,1353.0
0,20190310.0,일,율곡로(안국역),A-05,유출,안국동사거리->안국역,15822.0,37.57651,126.9876,11시,1128.0
0,20190310.0,일,율곡로(안국역),A-05,유출,안국동사거리->안국역,15822.0,37.57651,126.9876,12시,1086.0
0,20190310.0,일,율곡로(안국역),A-05,유출,안국동사거리->안국역,15822.0,37.57651,126.9876,13시,1372.0
0,20190310.0,일,율곡로(안국역),A-05,유출,안국동사거리->안국역,15822.0,37.57651,126.9876,14시,1402.0
0,20190310.0,일,율곡로(안국역),A-05,유출,안국동사거리->안국역,15822.0,37.57651,126.9876,15시,1038.0
0,20190310.0,일,율곡로(안국역),A-05,유출,안국동사거리->안국역,15822.0,37.57651,126.9876,16시,1347.0
0,20190310.0,일,율곡로(안국역),A-05,유출,안국동사거리->안국역,15822.0,37.57651,126.9876,17시,1383.0
0,20190310.0,일,율곡로(안국역),A-05,유출,안국동사거리->안국역,15822.0,37.57651,126.9876,18시,1193.0
0,20190310.0,일,율곡로(안국역),A-05,유출,안국동사거리->안국역,15822.0,37.57651,126.9876,19시,1282.0
0,20190310.0,일,율곡로(안국역),A-05,유출,안국동사거리->안국역,15822.0,37.57651,126.9876,20시,1177.0
0,20190311.0,월,율곡로(안국역),A-05,유출,안국동사거리->안국역,21106.0,37.57651,126.9876,8시,1669.0
0,20190311.0,월,율곡로(안국역),A-05,유출,안국동사거리->안국역,21106.0,37.57651,126.9876,9시,1715.0
0,20190311.0,월,율곡로(안국역),A-05,유출,안국동사거리->안국역,21106.0,37.57651,126.9876,10시,1753.0
0,20190311.0,월,율곡로(안국역),A-05,유출,안국동사거리->안국역,21106.0,37.57651,126.9876,11시,1664.0
0,20190311.0,월,율곡로(안국역),A-05,유출,안국동사거리->안국역,21106.0,37.57651,126.9876,12시,1720.0
0,20190311.0,월,율곡로(안국역),A-05,유출,안국동사거리->안국역,21106.0,37.57651,126.9876,13시,1671.0
0,20190311.0,월,율곡로(안국역),A-05,유출,안국동사거리->안국역,21106.0,37.57651,126.9876,14시,1712.0
0,20190311.0,월,율곡로(안국역),A-05,유출,안국동사거리->안국역,21106.0,37.57651,126.9876,15시,1716.0
0,20190311.0,월,율곡로(안국역),A-05,유출,안국동사거리->안국역,21106.0,37.57651,126.9876,16시,1507.0
0,20190311.0,월,율곡로(안국역),A-05,유출,안국동사거리->안국역,21106.0,37.57651,126.9876,17시,1592.0
0,20190311.0,월,율곡로(안국역),A-05,유출,안국동사거리->안국역,21106.0,37.57651,126.9876,18시,1580.0
0,20190311.0,월,율곡로(안국역),A-05,유출,안국동사거리->안국역,21106.0,37.57651,126.9876,19시,1496.0
0,20190311.0,월,율곡로(안국역),A-05,유출,안국동사거리->안국역,21106.0,37.57651,126.9876,20시,1311.0
0,20190312.0,화,율곡로(안국역),A-05,유출,안국동사거리->안국역,21426.0,37.57651,126.9876,8시,1604.0
0,20190312.0,화,율곡로(안국역),A-05,유출,안국동사거리->안국역,21426.0,37.57651,126.9876,9시,1709.0
0,20190312.0,화,율곡로(안국역),A-05,유출,안국동사거리->안국역,21426.0,37.57651,126.9876,10시,1801.0
0,20190312.0,화,율곡로(안국역),A-05,유출,안국동사거리->안국역,21426.0,37.57651,126.9876,11시,1695.0
0,20190312.0,화,율곡로(안국역),A-05,유출,안국동사거리->안국역,21426.0,37.57651,126.9876,12시,1732.0
0,20190312.0,화,율곡로(안국역),A-05,유출,안국동사거리->안국역,21426.0,37.57651,126.9876,13시,1783.0
0,20190312.0,화,율곡로(안국역),A-05,유출,안국동사거리->안국역,21426.0,37.57651,126.9876,14시,1680.0
0,20190312.0,화,율곡로(안국역),A-05,유출,안국동사거리->안국역,21426.0,37.57651,126.9876,15시,1644.0
0,20190312.0,화,율곡로(안국역),A-05,유출,안국동사거리->안국역,21426.0,37.57651,126.9876,16시,1600.0
0,20190312.0,화,율곡로(안국역),A-05,유출,안국동사거리->안국역,21426.0,37.57651,126.9876,17시,1663.0
0,20190312.0,화,율곡로(안국역),A-05,유출,안국동사거리->안국역,21426.0,37.57651,126.9876,18시,1556.0
0,20190312.0,화,율곡로(안국역),A-05,유출,안국동사거리->안국역,21426.0,37.57651,126.9876,19시,1654.0
0,20190312.0,화,율곡로(안국역),A-05,유출,안국동사거리->안국역,21426.0,37.57651,126.9876,20시,1305.0
0,20190313.0,수,율곡로(안국역),A-05,유출,안국동사거리->안국역,21171.0,37.57651,126.9876,8시,1655.0
0,20190313.0,수,율곡로(안국역),A-05,유출,안국동사거리->안국역,21171.0,37.57651,126.9876,9시,1800.0
0,20190313.0,수,율곡로(안국역),A-05,유출,안국동사거리->안국역,21171.0,37.57651,126.9876,10시,1665.0
0,20190313.0,수,율곡로(안국역),A-05,유출,안국동사거리->안국역,21171.0,37.57651,126.9876,11시,1727.0
0,20190313.0,수,율곡로(안국역),A-05,유출,안국동사거리->안국역,21171.0,37.57651,126.9876,12시,1711.0
0,20190313.0,수,율곡로(안국역),A-05,유출,안국동사거리->안국역,21171.0,37.57651,126.9876,13시,1696.0
0,20190313.0,수,율곡로(안국역),A-05,유출,안국동사거리->안국역,21171.0,37.57651,126.9876,14시,1666.0
0,20190313.0,수,율곡로(안국역),A-05,유출,안국동사거리->안국역,21171.0,37.57651,126.9876,15시,1623.0
0,20190313.0,수,율곡로(안국역),A-05,유출,안국동사거리->안국역,21171.0,37.57651,126.9876,16시,1663.0
0,20190313.0,수,율곡로(안국역),A-05,유출,안국동사거리->안국역,21171.0,37.57651,126.9876,17시,1581.0
0,20190313.0,수,율곡로(안국역),A-05,유출,안국동사거리->안국역,21171.0,37.57651,126.9876,18시,1577.0
0,20190313.0,수,율곡로(안국역),A-05,유출,안국동사거리->안국역,21171.0,37.57651,126.9876,19시,1513.0
0,20190313.0,수,율곡로(안국역),A-05,유출,안국동사거리->안국역,21171.0,37.57651,126.9876,20시,1294.0
0,20190314.0,목,율곡로(안국역),A-05,유출,안국동사거리->안국역,21647.0,37.57651,126.9876,8시,1645.0
0,20190314.0,목,율곡로(안국역),A-05,유출,안국동사거리->안국역,21647.0,37.57651,126.9876,9시,1728.0
0,20190314.0,목,율곡로(안국역),A-05,유출,안국동사거리->안국역,21647.0,37.57651,126.9876,10시,1816.0
0,20190314.0,목,율곡로(안국역),A-05,유출,안국동사거리->안국역,21647.0,37.57651,126.9876,11시,1732.0
0,20190314.0,목,율곡로(안국역),A-05,유출,안국동사거리->안국역,21647.0,37.57651,126.9876,12시,1697.0
0,20190314.0,목,율곡로(안국역),A-05,유출,안국동사거리->안국역,21647.0,37.57651,126.9876,13시,1685.0
0,20190314.0,목,율곡로(안국역),A-05,유출,안국동사거리->안국역,21647.0,37.57651,126.9876,14시,1665.0
0,20190314.0,목,율곡로(안국역),A-05,유출,안국동사거리->안국역,21647.0,37.57651,126.9876,15시,1682.0
0,20190314.0,목,율곡로(안국역),A-05,유출,안국동사거리->안국역,21647.0,37.57651,126.9876,16시,1649.0
0,20190314.0,목,율곡로(안국역),A-05,유출,안국동사거리->안국역,21647.0,37.57651,126.9876,17시,1645.0
0,20190314.0,목,율곡로(안국역),A-05,유출,안국동사거리->안국역,21647.0,37.57651,126.9876,18시,1633.0
0,20190314.0,목,율곡로(안국역),A-05,유출,안국동사거리->안국역,21647.0,37.57651,126.9876,19시,1677.0
0,20190314.0,목,율곡로(안국역),A-05,유출,안국동사거리->안국역,21647.0,37.57651,126.9876,20시,1393.0
0,20190315.0,금,율곡로(안국역),A-05,유출,안국동사거리->안국역,20832.0,37.57651,126.9876,8시,1567.0
0,20190315.0,금,율곡로(안국역),A-05,유출,안국동사거리->안국역,20832.0,37.57651,126.9876,9시,1712.0
0,20190315.0,금,율곡로(안국역),A-05,유출,안국동사거리->안국역,20832.0,37.57651,126.9876,10시,1783.0
0,20190315.0,금,율곡로(안국역),A-05,유출,안국동사거리->안국역,20832.0,37.57651,126.9876,11시,1694.0
0,20190315.0,금,율곡로(안국역),A-05,유출,안국동사거리->안국역,20832.0,37.57651,126.9876,12시,1597.0
0,20190315.0,금,율곡로(안국역),A-05,유출,안국동사거리->안국역,20832.0,37.57651,126.9876,13시,1730.0
0,20190315.0,금,율곡로(안국역),A-05,유출,안국동사거리->안국역,20832.0,37.57651,126.9876,14시,1651.0
0,20190315.0,금,율곡로(안국역),A-05,유출,안국동사거리->안국역,20832.0,37.57651,126.9876,15시,1770.0
0,20190315.0,금,율곡로(안국역),A-05,유출,안국동사거리->안국역,20832.0,37.57651,126.9876,16시,1582.0
0,20190315.0,금,율곡로(안국역),A-05,유출,안국동사거리->안국역,20832.0,37.57651,126.9876,17시,1578.0
0,20190315.0,금,율곡로(안국역),A-05,유출,안국동사거리->안국역,20832.0,37.57651,126.9876,18시,1442.0
0,20190315.0,금,율곡로(안국역),A-05,유출,안국동사거리->안국역,20832.0,37.57651,126.9876,19시,1368.0
0,20190315.0,금,율곡로(안국역),A-05,유출,안국동사거리->안국역,20832.0,37.57651,126.9876,20시,1358.0
0,20190316.0,토,율곡로(안국역),A-05,유출,안국동사거리->안국역,20047.0,37.57651,126.9876,8시,1294.0
0,20190316.0,토,율곡로(안국역),A-05,유출,안국동사거리->안국역,20047.0,37.57651,126.9876,9시,1526.0
0,20190316.0,토,율곡로(안국역),A-05,유출,안국동사거리->안국역,20047.0,37.57651,126.9876,10시,1586.0
0,20190316.0,토,율곡로(안국역),A-05,유출,안국동사거리->안국역,20047.0,37.57651,126.9876,11시,1682.0
0,20190316.0,토,율곡로(안국역),A-05,유출,안국동사거리->안국역,20047.0,37.57651,126.9876,12시,1587.0
0,20190316.0,토,율곡로(안국역),A-05,유출,안국동사거리->안국역,20047.0,37.57651,126.9876,13시,1581.0
0,20190316.0,토,율곡로(안국역),A-05,유출,안국동사거리->안국역,20047.0,37.57651,126.9876,14시,1671.0
0,20190316.0,토,율곡로(안국역),A-05,유출,안국동사거리->안국역,20047.0,37.57651,126.9876,15시,1542.0
0,20190316.0,토,율곡로(안국역),A-05,유출,안국동사거리->안국역,20047.0,37.57651,126.9876,16시,1516.0
0,20190316.0,토,율곡로(안국역),A-05,유출,안국동사거리->안국역,20047.0,37.57651,126.9876,17시,1672.0
0,20190316.0,토,율곡로(안국역),A-05,유출,안국동사거리->안국역,20047.0,37.57651,126.9876,18시,1565.0
0,20190316.0,토,율곡로(안국역),A-05,유출,안국동사거리->안국역,20047.0,37.57651,126.9876,19시,1445.0
0,20190316.0,토,율곡로(안국역),A-05,유출,안국동사거리->안국역,20047.0,37.57651,126.9876,20시,1380.0
0,20190317.0,일,율곡로(안국역),A-05,유출,안국동사거리->안국역,18112.0,37.57651,126.9876,8시,1309.0
0,20190317.0,일,율곡로(안국역),A-05,유출,안국동사거리->안국역,18112.0,37.57651,126.9876,9시,1239.0
0,20190317.0,일,율곡로(안국역),A-05,유출,안국동사거리->안국역,18112.0,37.57651,126.9876,10시,1071.0
0,20190317.0,일,율곡로(안국역),A-05,유출,안국동사거리->안국역,18112.0,37.57651,126.9876,11시,1162.0
0,20190317.0,일,율곡로(안국역),A-05,유출,안국동사거리->안국역,18112.0,37.57651,126.9876,12시,1280.0
0,20190317.0,일,율곡로(안국역),A-05,유출,안국동사거리->안국역,18112.0,37.57651,126.9876,13시,1559.0
0,20190317.0,일,율곡로(안국역),A-05,유출,안국동사거리->안국역,18112.0,37.57651,126.9876,14시,1699.0
0,20190317.0,일,율곡로(안국역),A-05,유출,안국동사거리->안국역,18112.0,37.57651,126.9876,15시,1698.0
0,20190317.0,일,율곡로(안국역),A-05,유출,안국동사거리->안국역,18112.0,37.57651,126.9876,16시,1576.0
0,20190317.0,일,율곡로(안국역),A-05,유출,안국동사거리->안국역,18112.0,37.57651,126.9876,17시,1599.0
0,20190317.0,일,율곡로(안국역),A-05,유출,안국동사거리->안국역,18112.0,37.57651,126.9876,18시,1470.0
0,20190317.0,일,율곡로(안국역),A-05,유출,안국동사거리->안국역,18112.0,37.57651,126.9876,19시,1320.0
0,20190317.0,일,율곡로(안국역),A-05,유출,안국동사거리->안국역,18112.0,37.57651,126.9876,20시,1130.0
0,20190318.0,월,율곡로(안국역),A-05,유출,안국동사거리->안국역,20588.0,37.57651,126.9876,8시,1611.0
0,20190318.0,월,율곡로(안국역),A-05,유출,안국동사거리->안국역,20588.0,37.57651,126.9876,9시,1648.0
0,20190318.0,월,율곡로(안국역),A-05,유출,안국동사거리->안국역,20588.0,37.57651,126.9876,10시,1741.0
0,20190318.0,월,율곡로(안국역),A-05,유출,안국동사거리->안국역,20588.0,37.57651,126.9876,11시,1646.0
0,20190318.0,월,율곡로(안국역),A-05,유출,안국동사거리->안국역,20588.0,37.57651,126.9876,12시,1530.0
0,20190318.0,월,율곡로(안국역),A-05,유출,안국동사거리->안국역,20588.0,37.57651,126.9876,13시,1617.0
0,20190318.0,월,율곡로(안국역),A-05,유출,안국동사거리->안국역,20588.0,37.57651,126.9876,14시,1676.0
0,20190318.0,월,율곡로(안국역),A-05,유출,안국동사거리->안국역,20588.0,37.57651,126.9876,15시,1609.0
0,20190318.0,월,율곡로(안국역),A-05,유출,안국동사거리->안국역,20588.0,37.57651,126.9876,16시,1595.0
0,20190318.0,월,율곡로(안국역),A-05,유출,안국동사거리->안국역,20588.0,37.57651,126.9876,17시,1503.0
0,20190318.0,월,율곡로(안국역),A-05,유출,안국동사거리->안국역,20588.0,37.57651,126.9876,18시,1571.0
0,20190318.0,월,율곡로(안국역),A-05,유출,안국동사거리->안국역,20588.0,37.57651,126.9876,19시,1492.0
0,20190318.0,월,율곡로(안국역),A-05,유출,안국동사거리->안국역,20588.0,37.57651,126.9876,20시,1349.0
0,20190319.0,화,율곡로(안국역),A-05,유출,안국동사거리->안국역,21349.0,37.57651,126.9876,8시,1685.0
0,20190319.0,화,율곡로(안국역),A-05,유출,안국동사거리->안국역,21349.0,37.57651,126.9876,9시,1735.0
0,20190319.0,화,율곡로(안국역),A-05,유출,안국동사거리->안국역,21349.0,37.57651,126.9876,10시,1691.0
0,20190319.0,화,율곡로(안국역),A-05,유출,안국동사거리->안국역,21349.0,37.57651,126.9876,11시,1701.0
0,20190319.0,화,율곡로(안국역),A-05,유출,안국동사거리->안국역,21349.0,37.57651,126.9876,12시,1709.0
0,20190319.0,화,율곡로(안국역),A-05,유출,안국동사거리->안국역,21349.0,37.57651,126.9876,13시,1673.0
0,20190319.0,화,율곡로(안국역),A-05,유출,안국동사거리->안국역,21349.0,37.57651,126.9876,14시,1643.0
0,20190319.0,화,율곡로(안국역),A-05,유출,안국동사거리->안국역,21349.0,37.57651,126.9876,15시,1659.0
0,20190319.0,화,율곡로(안국역),A-05,유출,안국동사거리->안국역,21349.0,37.57651,126.9876,16시,1554.0
0,20190319.0,화,율곡로(안국역),A-05,유출,안국동사거리->안국역,21349.0,37.57651,126.9876,17시,1647.0
0,20190319.0,화,율곡로(안국역),A-05,유출,안국동사거리->안국역,21349.0,37.57651,126.9876,18시,1667.0
0,20190319.0,화,율곡로(안국역),A-05,유출,안국동사거리->안국역,21349.0,37.57651,126.9876,19시,1596.0
0,20190319.0,화,율곡로(안국역),A-05,유출,안국동사거리->안국역,21349.0,37.57651,126.9876,20시,1389.0
0,20190320.0,수,율곡로(안국역),A-05,유출,안국동사거리->안국역,20864.0,37.57651,126.9876,8시,1604.0
0,20190320.0,수,율곡로(안국역),A-05,유출,안국동사거리->안국역,20864.0,37.57651,126.9876,9시,1711.0
0,20190320.0,수,율곡로(안국역),A-05,유출,안국동사거리->안국역,20864.0,37.57651,126.9876,10시,1814.0
0,20190320.0,수,율곡로(안국역),A-05,유출,안국동사거리->안국역,20864.0,37.57651,126.9876,11시,1741.0
0,20190320.0,수,율곡로(안국역),A-05,유출,안국동사거리->안국역,20864.0,37.57651,126.9876,12시,1780.0
0,20190320.0,수,율곡로(안국역),A-05,유출,안국동사거리->안국역,20864.0,37.57651,126.9876,13시,1687.0
0,20190320.0,수,율곡로(안국역),A-05,유출,안국동사거리->안국역,20864.0,37.57651,126.9876,14시,1623.0
0,20190320.0,수,율곡로(안국역),A-05,유출,안국동사거리->안국역,20864.0,37.57651,126.9876,15시,1551.0
0,20190320.0,수,율곡로(안국역),A-05,유출,안국동사거리->안국역,20864.0,37.57651,126.9876,16시,1574.0
0,20190320.0,수,율곡로(안국역),A-05,유출,안국동사거리->안국역,20864.0,37.57651,126.9876,17시,1589.0
0,20190320.0,수,율곡로(안국역),A-05,유출,안국동사거리->안국역,20864.0,37.57651,126.9876,18시,1592.0
0,20190320.0,수,율곡로(안국역),A-05,유출,안국동사거리->안국역,20864.0,37.57651,126.9876,19시,1400.0
0,20190320.0,수,율곡로(안국역),A-05,유출,안국동사거리->안국역,20864.0,37.57651,126.9876,20시,1198.0
0,20190321.0,목,율곡로(안국역),A-05,유출,안국동사거리->안국역,21322.0,37.57651,126.9876,8시,1677.0
0,20190321.0,목,율곡로(안국역),A-05,유출,안국동사거리->안국역,21322.0,37.57651,126.9876,9시,1602.0
0,20190321.0,목,율곡로(안국역),A-05,유출,안국동사거리->안국역,21322.0,37.57651,126.9876,10시,1791.0
0,20190321.0,목,율곡로(안국역),A-05,유출,안국동사거리->안국역,21322.0,37.57651,126.9876,11시,1729.0
0,20190321.0,목,율곡로(안국역),A-05,유출,안국동사거리->안국역,21322.0,37.57651,126.9876,12시,1655.0
0,20190321.0,목,율곡로(안국역),A-05,유출,안국동사거리->안국역,21322.0,37.57651,126.9876,13시,1746.0
0,20190321.0,목,율곡로(안국역),A-05,유출,안국동사거리->안국역,21322.0,37.57651,126.9876,14시,1640.0
0,20190321.0,목,율곡로(안국역),A-05,유출,안국동사거리->안국역,21322.0,37.57651,126.9876,15시,1538.0
0,20190321.0,목,율곡로(안국역),A-05,유출,안국동사거리->안국역,21322.0,37.57651,126.9876,16시,1639.0
0,20190321.0,목,율곡로(안국역),A-05,유출,안국동사거리->안국역,21322.0,37.57651,126.9876,17시,1716.0
0,20190321.0,목,율곡로(안국역),A-05,유출,안국동사거리->안국역,21322.0,37.57651,126.9876,18시,1718.0
0,20190321.0,목,율곡로(안국역),A-05,유출,안국동사거리->안국역,21322.0,37.57651,126.9876,19시,1524.0
0,20190321.0,목,율곡로(안국역),A-05,유출,안국동사거리->안국역,21322.0,37.57651,126.9876,20시,1347.0
0,20190322.0,금,율곡로(안국역),A-05,유출,안국동사거리->안국역,21627.0,37.57651,126.9876,8시,1654.0
0,20190322.0,금,율곡로(안국역),A-05,유출,안국동사거리->안국역,21627.0,37.57651,126.9876,9시,1709.0
0,20190322.0,금,율곡로(안국역),A-05,유출,안국동사거리->안국역,21627.0,37.57651,126.9876,10시,1718.0
0,20190322.0,금,율곡로(안국역),A-05,유출,안국동사거리->안국역,21627.0,37.57651,126.9876,11시,1766.0
0,20190322.0,금,율곡로(안국역),A-05,유출,안국동사거리->안국역,21627.0,37.57651,126.9876,12시,1754.0
0,20190322.0,금,율곡로(안국역),A-05,유출,안국동사거리->안국역,21627.0,37.57651,126.9876,13시,1728.0
0,20190322.0,금,율곡로(안국역),A-05,유출,안국동사거리->안국역,21627.0,37.57651,126.9876,14시,1643.0
0,20190322.0,금,율곡로(안국역),A-05,유출,안국동사거리->안국역,21627.0,37.57651,126.9876,15시,1688.0
0,20190322.0,금,율곡로(안국역),A-05,유출,안국동사거리->안국역,21627.0,37.57651,126.9876,16시,1662.0
0,20190322.0,금,율곡로(안국역),A-05,유출,안국동사거리->안국역,21627.0,37.57651,126.9876,17시,1684.0
0,20190322.0,금,율곡로(안국역),A-05,유출,안국동사거리->안국역,21627.0,37.57651,126.9876,18시,1670.0
0,20190322.0,금,율곡로(안국역),A-05,유출,안국동사거리->안국역,21627.0,37.57651,126.9876,19시,1610.0
0,20190322.0,금,율곡로(안국역),A-05,유출,안국동사거리->안국역,21627.0,37.57651,126.9876,20시,1341.0
0,20190323.0,토,율곡로(안국역),A-05,유출,안국동사거리->안국역,19981.0,37.57651,126.9876,8시,1284.0
0,20190323.0,토,율곡로(안국역),A-05,유출,안국동사거리->안국역,19981.0,37.57651,126.9876,9시,1424.0
0,20190323.0,토,율곡로(안국역),A-05,유출,안국동사거리->안국역,19981.0,37.57651,126.9876,10시,1575.0
0,20190323.0,토,율곡로(안국역),A-05,유출,안국동사거리->안국역,19981.0,37.57651,126.9876,11시,1646.0
0,20190323.0,토,율곡로(안국역),A-05,유출,안국동사거리->안국역,19981.0,37.57651,126.9876,12시,1504.0
0,20190323.0,토,율곡로(안국역),A-05,유출,안국동사거리->안국역,19981.0,37.57651,126.9876,13시,1629.0
0,20190323.0,토,율곡로(안국역),A-05,유출,안국동사거리->안국역,19981.0,37.57651,126.9876,14시,1672.0
0,20190323.0,토,율곡로(안국역),A-05,유출,안국동사거리->안국역,19981.0,37.57651,126.9876,15시,1646.0
0,20190323.0,토,율곡로(안국역),A-05,유출,안국동사거리->안국역,19981.0,37.57651,126.9876,16시,1623.0
0,20190323.0,토,율곡로(안국역),A-05,유출,안국동사거리->안국역,19981.0,37.57651,126.9876,17시,1644.0
0,20190323.0,토,율곡로(안국역),A-05,유출,안국동사거리->안국역,19981.0,37.57651,126.9876,18시,1580.0
0,20190323.0,토,율곡로(안국역),A-05,유출,안국동사거리->안국역,19981.0,37.57651,126.9876,19시,1426.0
0,20190323.0,토,율곡로(안국역),A-05,유출,안국동사거리->안국역,19981.0,37.57651,126.9876,20시,1328.0
0,20190324.0,일,율곡로(안국역),A-05,유출,안국동사거리->안국역,18716.0,37.57651,126.9876,8시,814.0
0,20190324.0,일,율곡로(안국역),A-05,유출,안국동사거리->안국역,18716.0,37.57651,126.9876,9시,1250.0
0,20190324.0,일,율곡로(안국역),A-05,유출,안국동사거리->안국역,18716.0,37.57651,126.9876,10시,1315.0
0,20190324.0,일,율곡로(안국역),A-05,유출,안국동사거리->안국역,18716.0,37.57651,126.9876,11시,1456.0
0,20190324.0,일,율곡로(안국역),A-05,유출,안국동사거리->안국역,18716.0,37.57651,126.9876,12시,1568.0
0,20190324.0,일,율곡로(안국역),A-05,유출,안국동사거리->안국역,18716.0,37.57651,126.9876,13시,1648.0
0,20190324.0,일,율곡로(안국역),A-05,유출,안국동사거리->안국역,18716.0,37.57651,126.9876,14시,1743.0
0,20190324.0,일,율곡로(안국역),A-05,유출,안국동사거리->안국역,18716.0,37.57651,126.9876,15시,1694.0
0,20190324.0,일,율곡로(안국역),A-05,유출,안국동사거리->안국역,18716.0,37.57651,126.9876,16시,1624.0
0,20190324.0,일,율곡로(안국역),A-05,유출,안국동사거리->안국역,18716.0,37.57651,126.9876,17시,1623.0
0,20190324.0,일,율곡로(안국역),A-05,유출,안국동사거리->안국역,18716.0,37.57651,126.9876,18시,1420.0
0,20190324.0,일,율곡로(안국역),A-05,유출,안국동사거리->안국역,18716.0,37.57651,126.9876,19시,1331.0
0,20190324.0,일,율곡로(안국역),A-05,유출,안국동사거리->안국역,18716.0,37.57651,126.9876,20시,1230.0
0,20190325.0,월,율곡로(안국역),A-05,유출,안국동사거리->안국역,20902.0,37.57651,126.9876,8시,1626.0
0,20190325.0,월,율곡로(안국역),A-05,유출,안국동사거리->안국역,20902.0,37.57651,126.9876,9시,1745.0
0,20190325.0,월,율곡로(안국역),A-05,유출,안국동사거리->안국역,20902.0,37.57651,126.9876,10시,1702.0
0,20190325.0,월,율곡로(안국역),A-05,유출,안국동사거리->안국역,20902.0,37.57651,126.9876,11시,1708.0
0,20190325.0,월,율곡로(안국역),A-05,유출,안국동사거리->안국역,20902.0,37.57651,126.9876,12시,1535.0
0,20190325.0,월,율곡로(안국역),A-05,유출,안국동사거리->안국역,20902.0,37.57651,126.9876,13시,1689.0
0,20190325.0,월,율곡로(안국역),A-05,유출,안국동사거리->안국역,20902.0,37.57651,126.9876,14시,1650.0
0,20190325.0,월,율곡로(안국역),A-05,유출,안국동사거리->안국역,20902.0,37.57651,126.9876,15시,1709.0
0,20190325.0,월,율곡로(안국역),A-05,유출,안국동사거리->안국역,20902.0,37.57651,126.9876,16시,1571.0
0,20190325.0,월,율곡로(안국역),A-05,유출,안국동사거리->안국역,20902.0,37.57651,126.9876,17시,1549.0
0,20190325.0,월,율곡로(안국역),A-05,유출,안국동사거리->안국역,20902.0,37.57651,126.9876,18시,1597.0
0,20190325.0,월,율곡로(안국역),A-05,유출,안국동사거리->안국역,20902.0,37.57651,126.9876,19시,1494.0
0,20190325.0,월,율곡로(안국역),A-05,유출,안국동사거리->안국역,20902.0,37.57651,126.9876,20시,1327.0
0,20190326.0,화,율곡로(안국역),A-05,유출,안국동사거리->안국역,21007.0,37.57651,126.9876,8시,1646.0
0,20190326.0,화,율곡로(안국역),A-05,유출,안국동사거리->안국역,21007.0,37.57651,126.9876,9시,1633.0
0,20190326.0,화,율곡로(안국역),A-05,유출,안국동사거리->안국역,21007.0,37.57651,126.9876,10시,1744.0
0,20190326.0,화,율곡로(안국역),A-05,유출,안국동사거리->안국역,21007.0,37.57651,126.9876,11시,1546.0
0,20190326.0,화,율곡로(안국역),A-05,유출,안국동사거리->안국역,21007.0,37.57651,126.9876,12시,1728.0
0,20190326.0,화,율곡로(안국역),A-05,유출,안국동사거리->안국역,21007.0,37.57651,126.9876,13시,1689.0
0,20190326.0,화,율곡로(안국역),A-05,유출,안국동사거리->안국역,21007.0,37.57651,126.9876,14시,1589.0
0,20190326.0,화,율곡로(안국역),A-05,유출,안국동사거리->안국역,21007.0,37.57651,126.9876,15시,1714.0
0,20190326.0,화,율곡로(안국역),A-05,유출,안국동사거리->안국역,21007.0,37.57651,126.9876,16시,1592.0
0,20190326.0,화,율곡로(안국역),A-05,유출,안국동사거리->안국역,21007.0,37.57651,126.9876,17시,1710.0
0,20190326.0,화,율곡로(안국역),A-05,유출,안국동사거리->안국역,21007.0,37.57651,126.9876,18시,1640.0
0,20190326.0,화,율곡로(안국역),A-05,유출,안국동사거리->안국역,21007.0,37.57651,126.9876,19시,1442.0
0,20190326.0,화,율곡로(안국역),A-05,유출,안국동사거리->안국역,21007.0,37.57651,126.9876,20시,1334.0
0,20190327.0,수,율곡로(안국역),A-05,유출,안국동사거리->안국역,21165.0,37.57651,126.9876,8시,1620.0
0,20190327.0,수,율곡로(안국역),A-05,유출,안국동사거리->안국역,21165.0,37.57651,126.9876,9시,1671.0
0,20190327.0,수,율곡로(안국역),A-05,유출,안국동사거리->안국역,21165.0,37.57651,126.9876,10시,1750.0
0,20190327.0,수,율곡로(안국역),A-05,유출,안국동사거리->안국역,21165.0,37.57651,126.9876,11시,1715.0
0,20190327.0,수,율곡로(안국역),A-05,유출,안국동사거리->안국역,21165.0,37.57651,126.9876,12시,1657.0
0,20190327.0,수,율곡로(안국역),A-05,유출,안국동사거리->안국역,21165.0,37.57651,126.9876,13시,1662.0
0,20190327.0,수,율곡로(안국역),A-05,유출,안국동사거리->안국역,21165.0,37.57651,126.9876,14시,1674.0
0,20190327.0,수,율곡로(안국역),A-05,유출,안국동사거리->안국역,21165.0,37.57651,126.9876,15시,1715.0
0,20190327.0,수,율곡로(안국역),A-05,유출,안국동사거리->안국역,21165.0,37.57651,126.9876,16시,1586.0
0,20190327.0,수,율곡로(안국역),A-05,유출,안국동사거리->안국역,21165.0,37.57651,126.9876,17시,1563.0
0,20190327.0,수,율곡로(안국역),A-05,유출,안국동사거리->안국역,21165.0,37.57651,126.9876,18시,1636.0
0,20190327.0,수,율곡로(안국역),A-05,유출,안국동사거리->안국역,21165.0,37.57651,126.9876,19시,1558.0
0,20190327.0,수,율곡로(안국역),A-05,유출,안국동사거리->안국역,21165.0,37.57651,126.9876,20시,1358.0
0,20190328.0,목,율곡로(안국역),A-05,유출,안국동사거리->안국역,21651.0,37.57651,126.9876,8시,1650.0
0,20190328.0,목,율곡로(안국역),A-05,유출,안국동사거리->안국역,21651.0,37.57651,126.9876,9시,1656.0
0,20190328.0,목,율곡로(안국역),A-05,유출,안국동사거리->안국역,21651.0,37.57651,126.9876,10시,1818.0
0,20190328.0,목,율곡로(안국역),A-05,유출,안국동사거리->안국역,21651.0,37.57651,126.9876,11시,1743.0
0,20190328.0,목,율곡로(안국역),A-05,유출,안국동사거리->안국역,21651.0,37.57651,126.9876,12시,1727.0
0,20190328.0,목,율곡로(안국역),A-05,유출,안국동사거리->안국역,21651.0,37.57651,126.9876,13시,1654.0
0,20190328.0,목,율곡로(안국역),A-05,유출,안국동사거리->안국역,21651.0,37.57651,126.9876,14시,1664.0
0,20190328.0,목,율곡로(안국역),A-05,유출,안국동사거리->안국역,21651.0,37.57651,126.9876,15시,1689.0
0,20190328.0,목,율곡로(안국역),A-05,유출,안국동사거리->안국역,21651.0,37.57651,126.9876,16시,1660.0
0,20190328.0,목,율곡로(안국역),A-05,유출,안국동사거리->안국역,21651.0,37.57651,126.9876,17시,1706.0
0,20190328.0,목,율곡로(안국역),A-05,유출,안국동사거리->안국역,21651.0,37.57651,126.9876,18시,1675.0
0,20190328.0,목,율곡로(안국역),A-05,유출,안국동사거리->안국역,21651.0,37.57651,126.9876,19시,1641.0
0,20190328.0,목,율곡로(안국역),A-05,유출,안국동사거리->안국역,21651.0,37.57651,126.9876,20시,1368.0
0,20190329.0,금,율곡로(안국역),A-05,유출,안국동사거리->안국역,21427.0,37.57651,126.9876,8시,1682.0
0,20190329.0,금,율곡로(안국역),A-05,유출,안국동사거리->안국역,21427.0,37.57651,126.9876,9시,1732.0
0,20190329.0,금,율곡로(안국역),A-05,유출,안국동사거리->안국역,21427.0,37.57651,126.9876,10시,1776.0
0,20190329.0,금,율곡로(안국역),A-05,유출,안국동사거리->안국역,21427.0,37.57651,126.9876,11시,1660.0
0,20190329.0,금,율곡로(안국역),A-05,유출,안국동사거리->안국역,21427.0,37.57651,126.9876,12시,1697.0
0,20190329.0,금,율곡로(안국역),A-05,유출,안국동사거리->안국역,21427.0,37.57651,126.9876,13시,1635.0
0,20190329.0,금,율곡로(안국역),A-05,유출,안국동사거리->안국역,21427.0,37.57651,126.9876,14시,1570.0
0,20190329.0,금,율곡로(안국역),A-05,유출,안국동사거리->안국역,21427.0,37.57651,126.9876,15시,1718.0
0,20190329.0,금,율곡로(안국역),A-05,유출,안국동사거리->안국역,21427.0,37.57651,126.9876,16시,1713.0
0,20190329.0,금,율곡로(안국역),A-05,유출,안국동사거리->안국역,21427.0,37.57651,126.9876,17시,1665.0
0,20190329.0,금,율곡로(안국역),A-05,유출,안국동사거리->안국역,21427.0,37.57651,126.9876,18시,1645.0
0,20190329.0,금,율곡로(안국역),A-05,유출,안국동사거리->안국역,21427.0,37.57651,126.9876,19시,1538.0
0,20190329.0,금,율곡로(안국역),A-05,유출,안국동사거리->안국역,21427.0,37.57651,126.9876,20시,1396.0
0,20190330.0,토,율곡로(안국역),A-05,유출,안국동사거리->안국역,19915.0,37.57651,126.9876,8시,1270.0
0,20190330.0,토,율곡로(안국역),A-05,유출,안국동사거리->안국역,19915.0,37.57651,126.9876,9시,1408.0
0,20190330.0,토,율곡로(안국역),A-05,유출,안국동사거리->안국역,19915.0,37.57651,126.9876,10시,1626.0
0,20190330.0,토,율곡로(안국역),A-05,유출,안국동사거리->안국역,19915.0,37.57651,126.9876,11시,1664.0
0,20190330.0,토,율곡로(안국역),A-05,유출,안국동사거리->안국역,19915.0,37.57651,126.9876,12시,1558.0
0,20190330.0,토,율곡로(안국역),A-05,유출,안국동사거리->안국역,19915.0,37.57651,126.9876,13시,1576.0
0,20190330.0,토,율곡로(안국역),A-05,유출,안국동사거리->안국역,19915.0,37.57651,126.9876,14시,1786.0
0,20190330.0,토,율곡로(안국역),A-05,유출,안국동사거리->안국역,19915.0,37.57651,126.9876,15시,1650.0
0,20190330.0,토,율곡로(안국역),A-05,유출,안국동사거리->안국역,19915.0,37.57651,126.9876,16시,1487.0
0,20190330.0,토,율곡로(안국역),A-05,유출,안국동사거리->안국역,19915.0,37.57651,126.9876,17시,1458.0
0,20190330.0,토,율곡로(안국역),A-05,유출,안국동사거리->안국역,19915.0,37.57651,126.9876,18시,1649.0
0,20190330.0,토,율곡로(안국역),A-05,유출,안국동사거리->안국역,19915.0,37.57651,126.9876,19시,1525.0
0,20190330.0,토,율곡로(안국역),A-05,유출,안국동사거리->안국역,19915.0,37.57651,126.9876,20시,1258.0
0,20190331.0,일,율곡로(안국역),A-05,유출,안국동사거리->안국역,18392.0,37.57651,126.9876,8시,830.0
0,20190331.0,일,율곡로(안국역),A-05,유출,안국동사거리->안국역,18392.0,37.57651,126.9876,9시,1178.0
0,20190331.0,일,율곡로(안국역),A-05,유출,안국동사거리->안국역,18392.0,37.57651,126.9876,10시,1323.0
0,20190331.0,일,율곡로(안국역),A-05,유출,안국동사거리->안국역,18392.0,37.57651,126.9876,11시,1398.0
0,20190331.0,일,율곡로(안국역),A-05,유출,안국동사거리->안국역,18392.0,37.57651,126.9876,12시,1509.0
0,20190331.0,일,율곡로(안국역),A-05,유출,안국동사거리->안국역,18392.0,37.57651,126.9876,13시,1722.0
0,20190331.0,일,율곡로(안국역),A-05,유출,안국동사거리->안국역,18392.0,37.57651,126.9876,14시,1746.0
0,20190331.0,일,율곡로(안국역),A-05,유출,안국동사거리->안국역,18392.0,37.57651,126.9876,15시,1744.0
0,20190331.0,일,율곡로(안국역),A-05,유출,안국동사거리->안국역,18392.0,37.57651,126.9876,16시,1520.0
0,20190331.0,일,율곡로(안국역),A-05,유출,안국동사거리->안국역,18392.0,37.57651,126.9876,17시,1556.0
0,20190331.0,일,율곡로(안국역),A-05,유출,안국동사거리->안국역,18392.0,37.57651,126.9876,18시,1306.0
0,20190331.0,일,율곡로(안국역),A-05,유출,안국동사거리->안국역,18392.0,37.57651,126.9876,19시,1315.0
0,20190331.0,일,율곡로(안국역),A-05,유출,안국동사거리->안국역,18392.0,37.57651,126.9876,20시,1245.0
0,20190401.0,월,율곡로(안국역),A-05,유입,안국역->안국동사거리,19169.0,37.57651,126.9876,8시,1679.0
0,20190401.0,월,율곡로(안국역),A-05,유입,안국역->안국동사거리,19169.0,37.57651,126.9876,9시,1448.0
0,20190401.0,월,율곡로(안국역),A-05,유입,안국역->안국동사거리,19169.0,37.57651,126.9876,10시,1473.0
0,20190401.0,월,율곡로(안국역),A-05,유입,안국역->안국동사거리,19169.0,37.57651,126.9876,11시,1589.0
0,20190401.0,월,율곡로(안국역),A-05,유입,안국역->안국동사거리,19169.0,37.57651,126.9876,12시,1534.0
0,20190401.0,월,율곡로(안국역),A-05,유입,안국역->안국동사거리,19169.0,37.57651,126.9876,13시,1531.0
0,20190401.0,월,율곡로(안국역),A-05,유입,안국역->안국동사거리,19169.0,37.57651,126.9876,14시,1615.0
0,20190401.0,월,율곡로(안국역),A-05,유입,안국역->안국동사거리,19169.0,37.57651,126.9876,15시,1651.0
0,20190401.0,월,율곡로(안국역),A-05,유입,안국역->안국동사거리,19169.0,37.57651,126.9876,16시,1532.0
0,20190401.0,월,율곡로(안국역),A-05,유입,안국역->안국동사거리,19169.0,37.57651,126.9876,17시,1528.0
0,20190401.0,월,율곡로(안국역),A-05,유입,안국역->안국동사거리,19169.0,37.57651,126.9876,18시,1346.0
0,20190401.0,월,율곡로(안국역),A-05,유입,안국역->안국동사거리,19169.0,37.57651,126.9876,19시,1105.0
0,20190401.0,월,율곡로(안국역),A-05,유입,안국역->안국동사거리,19169.0,37.57651,126.9876,20시,1138.0
0,20190402.0,화,율곡로(안국역),A-05,유입,안국역->안국동사거리,19962.0,37.57651,126.9876,8시,1590.0
0,20190402.0,화,율곡로(안국역),A-05,유입,안국역->안국동사거리,19962.0,37.57651,126.9876,9시,1585.0
0,20190402.0,화,율곡로(안국역),A-05,유입,안국역->안국동사거리,19962.0,37.57651,126.9876,10시,1541.0
0,20190402.0,화,율곡로(안국역),A-05,유입,안국역->안국동사거리,19962.0,37.57651,126.9876,11시,1606.0
0,20190402.0,화,율곡로(안국역),A-05,유입,안국역->안국동사거리,19962.0,37.57651,126.9876,12시,1514.0
0,20190402.0,화,율곡로(안국역),A-05,유입,안국역->안국동사거리,19962.0,37.57651,126.9876,13시,1563.0
0,20190402.0,화,율곡로(안국역),A-05,유입,안국역->안국동사거리,19962.0,37.57651,126.9876,14시,1601.0
0,20190402.0,화,율곡로(안국역),A-05,유입,안국역->안국동사거리,19962.0,37.57651,126.9876,15시,1649.0
0,20190402.0,화,율곡로(안국역),A-05,유입,안국역->안국동사거리,19962.0,37.57651,126.9876,16시,1700.0
0,20190402.0,화,율곡로(안국역),A-05,유입,안국역->안국동사거리,19962.0,37.57651,126.9876,17시,1644.0
0,20190402.0,화,율곡로(안국역),A-05,유입,안국역->안국동사거리,19962.0,37.57651,126.9876,18시,1399.0
0,20190402.0,화,율곡로(안국역),A-05,유입,안국역->안국동사거리,19962.0,37.57651,126.9876,19시,1343.0
0,20190402.0,화,율곡로(안국역),A-05,유입,안국역->안국동사거리,19962.0,37.57651,126.9876,20시,1227.0
0,20190403.0,수,율곡로(안국역),A-05,유입,안국역->안국동사거리,20101.0,37.57651,126.9876,8시,1643.0
0,20190403.0,수,율곡로(안국역),A-05,유입,안국역->안국동사거리,20101.0,37.57651,126.9876,9시,1628.0
0,20190403.0,수,율곡로(안국역),A-05,유입,안국역->안국동사거리,20101.0,37.57651,126.9876,10시,1551.0
0,20190403.0,수,율곡로(안국역),A-05,유입,안국역->안국동사거리,20101.0,37.57651,126.9876,11시,1606.0
0,20190403.0,수,율곡로(안국역),A-05,유입,안국역->안국동사거리,20101.0,37.57651,126.9876,12시,1594.0
0,20190403.0,수,율곡로(안국역),A-05,유입,안국역->안국동사거리,20101.0,37.57651,126.9876,13시,1608.0
0,20190403.0,수,율곡로(안국역),A-05,유입,안국역->안국동사거리,20101.0,37.57651,126.9876,14시,1639.0
0,20190403.0,수,율곡로(안국역),A-05,유입,안국역->안국동사거리,20101.0,37.57651,126.9876,15시,1552.0
0,20190403.0,수,율곡로(안국역),A-05,유입,안국역->안국동사거리,20101.0,37.57651,126.9876,16시,1705.0
0,20190403.0,수,율곡로(안국역),A-05,유입,안국역->안국동사거리,20101.0,37.57651,126.9876,17시,1589.0
0,20190403.0,수,율곡로(안국역),A-05,유입,안국역->안국동사거리,20101.0,37.57651,126.9876,18시,1355.0
0,20190403.0,수,율곡로(안국역),A-05,유입,안국역->안국동사거리,20101.0,37.57651,126.9876,19시,1349.0
0,20190403.0,수,율곡로(안국역),A-05,유입,안국역->안국동사거리,20101.0,37.57651,126.9876,20시,1282.0
0,20190404.0,목,율곡로(안국역),A-05,유입,안국역->안국동사거리,19642.0,37.57651,126.9876,8시,1643.0
0,20190404.0,목,율곡로(안국역),A-05,유입,안국역->안국동사거리,19642.0,37.57651,126.9876,9시,1541.0
0,20190404.0,목,율곡로(안국역),A-05,유입,안국역->안국동사거리,19642.0,37.57651,126.9876,10시,1525.0
0,20190404.0,목,율곡로(안국역),A-05,유입,안국역->안국동사거리,19642.0,37.57651,126.9876,11시,1572.0
0,20190404.0,목,율곡로(안국역),A-05,유입,안국역->안국동사거리,19642.0,37.57651,126.9876,12시,1538.0
0,20190404.0,목,율곡로(안국역),A-05,유입,안국역->안국동사거리,19642.0,37.57651,126.9876,13시,1567.0
0,20190404.0,목,율곡로(안국역),A-05,유입,안국역->안국동사거리,19642.0,37.57651,126.9876,14시,1700.0
0,20190404.0,목,율곡로(안국역),A-05,유입,안국역->안국동사거리,19642.0,37.57651,126.9876,15시,1666.0
0,20190404.0,목,율곡로(안국역),A-05,유입,안국역->안국동사거리,19642.0,37.57651,126.9876,16시,1679.0
0,20190404.0,목,율곡로(안국역),A-05,유입,안국역->안국동사거리,19642.0,37.57651,126.9876,17시,1364.0
0,20190404.0,목,율곡로(안국역),A-05,유입,안국역->안국동사거리,19642.0,37.57651,126.9876,18시,1191.0
0,20190404.0,목,율곡로(안국역),A-05,유입,안국역->안국동사거리,19642.0,37.57651,126.9876,19시,1425.0
0,20190404.0,목,율곡로(안국역),A-05,유입,안국역->안국동사거리,19642.0,37.57651,126.9876,20시,1231.0
0,20190405.0,금,율곡로(안국역),A-05,유입,안국역->안국동사거리,19579.0,37.57651,126.9876,8시,1693.0
0,20190405.0,금,율곡로(안국역),A-05,유입,안국역->안국동사거리,19579.0,37.57651,126.9876,9시,1554.0
0,20190405.0,금,율곡로(안국역),A-05,유입,안국역->안국동사거리,19579.0,37.57651,126.9876,10시,1588.0
0,20190405.0,금,율곡로(안국역),A-05,유입,안국역->안국동사거리,19579.0,37.57651,126.9876,11시,1584.0
0,20190405.0,금,율곡로(안국역),A-05,유입,안국역->안국동사거리,19579.0,37.57651,126.9876,12시,1564.0
0,20190405.0,금,율곡로(안국역),A-05,유입,안국역->안국동사거리,19579.0,37.57651,126.9876,13시,1487.0
0,20190405.0,금,율곡로(안국역),A-05,유입,안국역->안국동사거리,19579.0,37.57651,126.9876,14시,1513.0
0,20190405.0,금,율곡로(안국역),A-05,유입,안국역->안국동사거리,19579.0,37.57651,126.9876,15시,1653.0
0,20190405.0,금,율곡로(안국역),A-05,유입,안국역->안국동사거리,19579.0,37.57651,126.9876,16시,1670.0
0,20190405.0,금,율곡로(안국역),A-05,유입,안국역->안국동사거리,19579.0,37.57651,126.9876,17시,1594.0
0,20190405.0,금,율곡로(안국역),A-05,유입,안국역->안국동사거리,19579.0,37.57651,126.9876,18시,1105.0
0,20190405.0,금,율곡로(안국역),A-05,유입,안국역->안국동사거리,19579.0,37.57651,126.9876,19시,1324.0
0,20190405.0,금,율곡로(안국역),A-05,유입,안국역->안국동사거리,19579.0,37.57651,126.9876,20시,1250.0
0,20190406.0,토,율곡로(안국역),A-05,유입,안국역->안국동사거리,18584.0,37.57651,126.9876,8시,1187.0
0,20190406.0,토,율곡로(안국역),A-05,유입,안국역->안국동사거리,18584.0,37.57651,126.9876,9시,1538.0
0,20190406.0,토,율곡로(안국역),A-05,유입,안국역->안국동사거리,18584.0,37.57651,126.9876,10시,1492.0
0,20190406.0,토,율곡로(안국역),A-05,유입,안국역->안국동사거리,18584.0,37.57651,126.9876,11시,1588.0
0,20190406.0,토,율곡로(안국역),A-05,유입,안국역->안국동사거리,18584.0,37.57651,126.9876,12시,1688.0
0,20190406.0,토,율곡로(안국역),A-05,유입,안국역->안국동사거리,18584.0,37.57651,126.9876,13시,1641.0
0,20190406.0,토,율곡로(안국역),A-05,유입,안국역->안국동사거리,18584.0,37.57651,126.9876,14시,1669.0
0,20190406.0,토,율곡로(안국역),A-05,유입,안국역->안국동사거리,18584.0,37.57651,126.9876,15시,1580.0
0,20190406.0,토,율곡로(안국역),A-05,유입,안국역->안국동사거리,18584.0,37.57651,126.9876,16시,841.0
0,20190406.0,토,율곡로(안국역),A-05,유입,안국역->안국동사거리,18584.0,37.57651,126.9876,17시,1400.0
0,20190406.0,토,율곡로(안국역),A-05,유입,안국역->안국동사거리,18584.0,37.57651,126.9876,18시,1349.0
0,20190406.0,토,율곡로(안국역),A-05,유입,안국역->안국동사거리,18584.0,37.57651,126.9876,19시,1320.0
0,20190406.0,토,율곡로(안국역),A-05,유입,안국역->안국동사거리,18584.0,37.57651,126.9876,20시,1291.0
0,20190407.0,일,율곡로(안국역),A-05,유입,안국역->안국동사거리,16090.0,37.57651,126.9876,8시,813.0
0,20190407.0,일,율곡로(안국역),A-05,유입,안국역->안국동사거리,16090.0,37.57651,126.9876,9시,1103.0
0,20190407.0,일,율곡로(안국역),A-05,유입,안국역->안국동사거리,16090.0,37.57651,126.9876,10시,1177.0
0,20190407.0,일,율곡로(안국역),A-05,유입,안국역->안국동사거리,16090.0,37.57651,126.9876,11시,1249.0
0,20190407.0,일,율곡로(안국역),A-05,유입,안국역->안국동사거리,16090.0,37.57651,126.9876,12시,1254.0
0,20190407.0,일,율곡로(안국역),A-05,유입,안국역->안국동사거리,16090.0,37.57651,126.9876,13시,1311.0
0,20190407.0,일,율곡로(안국역),A-05,유입,안국역->안국동사거리,16090.0,37.57651,126.9876,14시,1433.0
0,20190407.0,일,율곡로(안국역),A-05,유입,안국역->안국동사거리,16090.0,37.57651,126.9876,15시,1324.0
0,20190407.0,일,율곡로(안국역),A-05,유입,안국역->안국동사거리,16090.0,37.57651,126.9876,16시,1332.0
0,20190407.0,일,율곡로(안국역),A-05,유입,안국역->안국동사거리,16090.0,37.57651,126.9876,17시,1324.0
0,20190407.0,일,율곡로(안국역),A-05,유입,안국역->안국동사거리,16090.0,37.57651,126.9876,18시,1264.0
0,20190407.0,일,율곡로(안국역),A-05,유입,안국역->안국동사거리,16090.0,37.57651,126.9876,19시,1300.0
0,20190407.0,일,율곡로(안국역),A-05,유입,안국역->안국동사거리,16090.0,37.57651,126.9876,20시,1206.0
0,20190408.0,월,율곡로(안국역),A-05,유입,안국역->안국동사거리,19286.0,37.57651,126.9876,8시,1652.0
0,20190408.0,월,율곡로(안국역),A-05,유입,안국역->안국동사거리,19286.0,37.57651,126.9876,9시,1522.0
0,20190408.0,월,율곡로(안국역),A-05,유입,안국역->안국동사거리,19286.0,37.57651,126.9876,10시,1461.0
0,20190408.0,월,율곡로(안국역),A-05,유입,안국역->안국동사거리,19286.0,37.57651,126.9876,11시,1514.0
0,20190408.0,월,율곡로(안국역),A-05,유입,안국역->안국동사거리,19286.0,37.57651,126.9876,12시,1467.0
0,20190408.0,월,율곡로(안국역),A-05,유입,안국역->안국동사거리,19286.0,37.57651,126.9876,13시,1478.0
0,20190408.0,월,율곡로(안국역),A-05,유입,안국역->안국동사거리,19286.0,37.57651,126.9876,14시,1530.0
0,20190408.0,월,율곡로(안국역),A-05,유입,안국역->안국동사거리,19286.0,37.57651,126.9876,15시,1653.0
0,20190408.0,월,율곡로(안국역),A-05,유입,안국역->안국동사거리,19286.0,37.57651,126.9876,16시,1650.0
0,20190408.0,월,율곡로(안국역),A-05,유입,안국역->안국동사거리,19286.0,37.57651,126.9876,17시,1521.0
0,20190408.0,월,율곡로(안국역),A-05,유입,안국역->안국동사거리,19286.0,37.57651,126.9876,18시,1394.0
0,20190408.0,월,율곡로(안국역),A-05,유입,안국역->안국동사거리,19286.0,37.57651,126.9876,19시,1309.0
0,20190408.0,월,율곡로(안국역),A-05,유입,안국역->안국동사거리,19286.0,37.57651,126.9876,20시,1135.0
0,20190409.0,화,율곡로(안국역),A-05,유입,안국역->안국동사거리,19468.0,37.57651,126.9876,8시,1602.0
0,20190409.0,화,율곡로(안국역),A-05,유입,안국역->안국동사거리,19468.0,37.57651,126.9876,9시,1529.0
0,20190409.0,화,율곡로(안국역),A-05,유입,안국역->안국동사거리,19468.0,37.57651,126.9876,10시,1592.0
0,20190409.0,화,율곡로(안국역),A-05,유입,안국역->안국동사거리,19468.0,37.57651,126.9876,11시,1573.0
0,20190409.0,화,율곡로(안국역),A-05,유입,안국역->안국동사거리,19468.0,37.57651,126.9876,12시,1562.0
0,20190409.0,화,율곡로(안국역),A-05,유입,안국역->안국동사거리,19468.0,37.57651,126.9876,13시,1574.0
0,20190409.0,화,율곡로(안국역),A-05,유입,안국역->안국동사거리,19468.0,37.57651,126.9876,14시,1653.0
0,20190409.0,화,율곡로(안국역),A-05,유입,안국역->안국동사거리,19468.0,37.57651,126.9876,15시,1588.0
0,20190409.0,화,율곡로(안국역),A-05,유입,안국역->안국동사거리,19468.0,37.57651,126.9876,16시,1694.0
0,20190409.0,화,율곡로(안국역),A-05,유입,안국역->안국동사거리,19468.0,37.57651,126.9876,17시,1598.0
0,20190409.0,화,율곡로(안국역),A-05,유입,안국역->안국동사거리,19468.0,37.57651,126.9876,18시,1162.0
0,20190409.0,화,율곡로(안국역),A-05,유입,안국역->안국동사거리,19468.0,37.57651,126.9876,19시,1128.0
0,20190409.0,화,율곡로(안국역),A-05,유입,안국역->안국동사거리,19468.0,37.57651,126.9876,20시,1213.0
0,20190410.0,수,율곡로(안국역),A-05,유입,안국역->안국동사거리,19993.0,37.57651,126.9876,8시,1666.0
0,20190410.0,수,율곡로(안국역),A-05,유입,안국역->안국동사거리,19993.0,37.57651,126.9876,9시,1604.0
0,20190410.0,수,율곡로(안국역),A-05,유입,안국역->안국동사거리,19993.0,37.57651,126.9876,10시,1548.0
0,20190410.0,수,율곡로(안국역),A-05,유입,안국역->안국동사거리,19993.0,37.57651,126.9876,11시,1617.0
0,20190410.0,수,율곡로(안국역),A-05,유입,안국역->안국동사거리,19993.0,37.57651,126.9876,12시,1546.0
0,20190410.0,수,율곡로(안국역),A-05,유입,안국역->안국동사거리,19993.0,37.57651,126.9876,13시,1626.0
0,20190410.0,수,율곡로(안국역),A-05,유입,안국역->안국동사거리,19993.0,37.57651,126.9876,14시,1644.0
0,20190410.0,수,율곡로(안국역),A-05,유입,안국역->안국동사거리,19993.0,37.57651,126.9876,15시,1664.0
0,20190410.0,수,율곡로(안국역),A-05,유입,안국역->안국동사거리,19993.0,37.57651,126.9876,16시,1631.0
0,20190410.0,수,율곡로(안국역),A-05,유입,안국역->안국동사거리,19993.0,37.57651,126.9876,17시,1589.0
0,20190410.0,수,율곡로(안국역),A-05,유입,안국역->안국동사거리,19993.0,37.57651,126.9876,18시,1276.0
0,20190410.0,수,율곡로(안국역),A-05,유입,안국역->안국동사거리,19993.0,37.57651,126.9876,19시,1371.0
0,20190410.0,수,율곡로(안국역),A-05,유입,안국역->안국동사거리,19993.0,37.57651,126.9876,20시,1211.0
0,20190411.0,목,율곡로(안국역),A-05,유입,안국역->안국동사거리,20296.0,37.57651,126.9876,8시,1618.0
0,20190411.0,목,율곡로(안국역),A-05,유입,안국역->안국동사거리,20296.0,37.57651,126.9876,9시,1519.0
0,20190411.0,목,율곡로(안국역),A-05,유입,안국역->안국동사거리,20296.0,37.57651,126.9876,10시,1598.0
0,20190411.0,목,율곡로(안국역),A-05,유입,안국역->안국동사거리,20296.0,37.57651,126.9876,11시,1551.0
0,20190411.0,목,율곡로(안국역),A-05,유입,안국역->안국동사거리,20296.0,37.57651,126.9876,12시,1533.0
0,20190411.0,목,율곡로(안국역),A-05,유입,안국역->안국동사거리,20296.0,37.57651,126.9876,13시,1595.0
0,20190411.0,목,율곡로(안국역),A-05,유입,안국역->안국동사거리,20296.0,37.57651,126.9876,14시,1559.0
0,20190411.0,목,율곡로(안국역),A-05,유입,안국역->안국동사거리,20296.0,37.57651,126.9876,15시,1739.0
0,20190411.0,목,율곡로(안국역),A-05,유입,안국역->안국동사거리,20296.0,37.57651,126.9876,16시,1724.0
0,20190411.0,목,율곡로(안국역),A-05,유입,안국역->안국동사거리,20296.0,37.57651,126.9876,17시,1688.0
0,20190411.0,목,율곡로(안국역),A-05,유입,안국역->안국동사거리,20296.0,37.57651,126.9876,18시,1498.0
0,20190411.0,목,율곡로(안국역),A-05,유입,안국역->안국동사거리,20296.0,37.57651,126.9876,19시,1282.0
0,20190411.0,목,율곡로(안국역),A-05,유입,안국역->안국동사거리,20296.0,37.57651,126.9876,20시,1392.0
0,20190412.0,금,율곡로(안국역),A-05,유입,안국역->안국동사거리,19009.0,37.57651,126.9876,8시,1594.0
0,20190412.0,금,율곡로(안국역),A-05,유입,안국역->안국동사거리,19009.0,37.57651,126.9876,9시,1535.0
0,20190412.0,금,율곡로(안국역),A-05,유입,안국역->안국동사거리,19009.0,37.57651,126.9876,10시,1551.0
0,20190412.0,금,율곡로(안국역),A-05,유입,안국역->안국동사거리,19009.0,37.57651,126.9876,11시,1587.0
0,20190412.0,금,율곡로(안국역),A-05,유입,안국역->안국동사거리,19009.0,37.57651,126.9876,12시,1494.0
0,20190412.0,금,율곡로(안국역),A-05,유입,안국역->안국동사거리,19009.0,37.57651,126.9876,13시,1510.0
0,20190412.0,금,율곡로(안국역),A-05,유입,안국역->안국동사거리,19009.0,37.57651,126.9876,14시,1422.0
0,20190412.0,금,율곡로(안국역),A-05,유입,안국역->안국동사거리,19009.0,37.57651,126.9876,15시,1628.0
0,20190412.0,금,율곡로(안국역),A-05,유입,안국역->안국동사거리,19009.0,37.57651,126.9876,16시,1573.0
0,20190412.0,금,율곡로(안국역),A-05,유입,안국역->안국동사거리,19009.0,37.57651,126.9876,17시,1354.0
0,20190412.0,금,율곡로(안국역),A-05,유입,안국역->안국동사거리,19009.0,37.57651,126.9876,18시,1149.0
0,20190412.0,금,율곡로(안국역),A-05,유입,안국역->안국동사거리,19009.0,37.57651,126.9876,19시,1247.0
0,20190412.0,금,율곡로(안국역),A-05,유입,안국역->안국동사거리,19009.0,37.57651,126.9876,20시,1365.0
0,20190413.0,토,율곡로(안국역),A-05,유입,안국역->안국동사거리,15986.0,37.57651,126.9876,8시,1205.0
0,20190413.0,토,율곡로(안국역),A-05,유입,안국역->안국동사거리,15986.0,37.57651,126.9876,9시,1448.0
0,20190413.0,토,율곡로(안국역),A-05,유입,안국역->안국동사거리,15986.0,37.57651,126.9876,10시,1377.0
0,20190413.0,토,율곡로(안국역),A-05,유입,안국역->안국동사거리,15986.0,37.57651,126.9876,11시,1045.0
0,20190413.0,토,율곡로(안국역),A-05,유입,안국역->안국동사거리,15986.0,37.57651,126.9876,12시,1262.0
0,20190413.0,토,율곡로(안국역),A-05,유입,안국역->안국동사거리,15986.0,37.57651,126.9876,13시,1621.0
0,20190413.0,토,율곡로(안국역),A-05,유입,안국역->안국동사거리,15986.0,37.57651,126.9876,14시,1445.0
0,20190413.0,토,율곡로(안국역),A-05,유입,안국역->안국동사거리,15986.0,37.57651,126.9876,15시,1281.0
0,20190413.0,토,율곡로(안국역),A-05,유입,안국역->안국동사거리,15986.0,37.57651,126.9876,16시,461.0
0,20190413.0,토,율곡로(안국역),A-05,유입,안국역->안국동사거리,15986.0,37.57651,126.9876,17시,799.0
0,20190413.0,토,율곡로(안국역),A-05,유입,안국역->안국동사거리,15986.0,37.57651,126.9876,18시,1225.0
0,20190413.0,토,율곡로(안국역),A-05,유입,안국역->안국동사거리,15986.0,37.57651,126.9876,19시,1446.0
0,20190413.0,토,율곡로(안국역),A-05,유입,안국역->안국동사거리,15986.0,37.57651,126.9876,20시,1371.0
0,20190414.0,일,율곡로(안국역),A-05,유입,안국역->안국동사거리,16647.0,37.57651,126.9876,8시,771.0
0,20190414.0,일,율곡로(안국역),A-05,유입,안국역->안국동사거리,16647.0,37.57651,126.9876,9시,1026.0
0,20190414.0,일,율곡로(안국역),A-05,유입,안국역->안국동사거리,16647.0,37.57651,126.9876,10시,1116.0
0,20190414.0,일,율곡로(안국역),A-05,유입,안국역->안국동사거리,16647.0,37.57651,126.9876,11시,1233.0
0,20190414.0,일,율곡로(안국역),A-05,유입,안국역->안국동사거리,16647.0,37.57651,126.9876,12시,1405.0
0,20190414.0,일,율곡로(안국역),A-05,유입,안국역->안국동사거리,16647.0,37.57651,126.9876,13시,1543.0
0,20190414.0,일,율곡로(안국역),A-05,유입,안국역->안국동사거리,16647.0,37.57651,126.9876,14시,1442.0
0,20190414.0,일,율곡로(안국역),A-05,유입,안국역->안국동사거리,16647.0,37.57651,126.9876,15시,1514.0
0,20190414.0,일,율곡로(안국역),A-05,유입,안국역->안국동사거리,16647.0,37.57651,126.9876,16시,1462.0
0,20190414.0,일,율곡로(안국역),A-05,유입,안국역->안국동사거리,16647.0,37.57651,126.9876,17시,1412.0
0,20190414.0,일,율곡로(안국역),A-05,유입,안국역->안국동사거리,16647.0,37.57651,126.9876,18시,1401.0
0,20190414.0,일,율곡로(안국역),A-05,유입,안국역->안국동사거리,16647.0,37.57651,126.9876,19시,1169.0
0,20190414.0,일,율곡로(안국역),A-05,유입,안국역->안국동사거리,16647.0,37.57651,126.9876,20시,1153.0
0,20190415.0,월,율곡로(안국역),A-05,유입,안국역->안국동사거리,19852.0,37.57651,126.9876,8시,1695.0
0,20190415.0,월,율곡로(안국역),A-05,유입,안국역->안국동사거리,19852.0,37.57651,126.9876,9시,1518.0
0,20190415.0,월,율곡로(안국역),A-05,유입,안국역->안국동사거리,19852.0,37.57651,126.9876,10시,1538.0
0,20190415.0,월,율곡로(안국역),A-05,유입,안국역->안국동사거리,19852.0,37.57651,126.9876,11시,1559.0
0,20190415.0,월,율곡로(안국역),A-05,유입,안국역->안국동사거리,19852.0,37.57651,126.9876,12시,1481.0
0,20190415.0,월,율곡로(안국역),A-05,유입,안국역->안국동사거리,19852.0,37.57651,126.9876,13시,1564.0
0,20190415.0,월,율곡로(안국역),A-05,유입,안국역->안국동사거리,19852.0,37.57651,126.9876,14시,1619.0
0,20190415.0,월,율곡로(안국역),A-05,유입,안국역->안국동사거리,19852.0,37.57651,126.9876,15시,1695.0
0,20190415.0,월,율곡로(안국역),A-05,유입,안국역->안국동사거리,19852.0,37.57651,126.9876,16시,1711.0
0,20190415.0,월,율곡로(안국역),A-05,유입,안국역->안국동사거리,19852.0,37.57651,126.9876,17시,1592.0
0,20190415.0,월,율곡로(안국역),A-05,유입,안국역->안국동사거리,19852.0,37.57651,126.9876,18시,1401.0
0,20190415.0,월,율곡로(안국역),A-05,유입,안국역->안국동사거리,19852.0,37.57651,126.9876,19시,1307.0
0,20190415.0,월,율곡로(안국역),A-05,유입,안국역->안국동사거리,19852.0,37.57651,126.9876,20시,1172.0
0,20190416.0,화,율곡로(안국역),A-05,유입,안국역->안국동사거리,20156.0,37.57651,126.9876,8시,1637.0
0,20190416.0,화,율곡로(안국역),A-05,유입,안국역->안국동사거리,20156.0,37.57651,126.9876,9시,1580.0
0,20190416.0,화,율곡로(안국역),A-05,유입,안국역->안국동사거리,20156.0,37.57651,126.9876,10시,1591.0
0,20190416.0,화,율곡로(안국역),A-05,유입,안국역->안국동사거리,20156.0,37.57651,126.9876,11시,1555.0
0,20190416.0,화,율곡로(안국역),A-05,유입,안국역->안국동사거리,20156.0,37.57651,126.9876,12시,1654.0
0,20190416.0,화,율곡로(안국역),A-05,유입,안국역->안국동사거리,20156.0,37.57651,126.9876,13시,1603.0
0,20190416.0,화,율곡로(안국역),A-05,유입,안국역->안국동사거리,20156.0,37.57651,126.9876,14시,1603.0
0,20190416.0,화,율곡로(안국역),A-05,유입,안국역->안국동사거리,20156.0,37.57651,126.9876,15시,1621.0
0,20190416.0,화,율곡로(안국역),A-05,유입,안국역->안국동사거리,20156.0,37.57651,126.9876,16시,1655.0
0,20190416.0,화,율곡로(안국역),A-05,유입,안국역->안국동사거리,20156.0,37.57651,126.9876,17시,1662.0
0,20190416.0,화,율곡로(안국역),A-05,유입,안국역->안국동사거리,20156.0,37.57651,126.9876,18시,1439.0
0,20190416.0,화,율곡로(안국역),A-05,유입,안국역->안국동사거리,20156.0,37.57651,126.9876,19시,1359.0
0,20190416.0,화,율곡로(안국역),A-05,유입,안국역->안국동사거리,20156.0,37.57651,126.9876,20시,1197.0
0,20190417.0,수,율곡로(안국역),A-05,유입,안국역->안국동사거리,19534.0,37.57651,126.9876,8시,1656.0
0,20190417.0,수,율곡로(안국역),A-05,유입,안국역->안국동사거리,19534.0,37.57651,126.9876,9시,1588.0
0,20190417.0,수,율곡로(안국역),A-05,유입,안국역->안국동사거리,19534.0,37.57651,126.9876,10시,1585.0
0,20190417.0,수,율곡로(안국역),A-05,유입,안국역->안국동사거리,19534.0,37.57651,126.9876,11시,1559.0
0,20190417.0,수,율곡로(안국역),A-05,유입,안국역->안국동사거리,19534.0,37.57651,126.9876,12시,1552.0
0,20190417.0,수,율곡로(안국역),A-05,유입,안국역->안국동사거리,19534.0,37.57651,126.9876,13시,1500.0
0,20190417.0,수,율곡로(안국역),A-05,유입,안국역->안국동사거리,19534.0,37.57651,126.9876,14시,1481.0
0,20190417.0,수,율곡로(안국역),A-05,유입,안국역->안국동사거리,19534.0,37.57651,126.9876,15시,1325.0
0,20190417.0,수,율곡로(안국역),A-05,유입,안국역->안국동사거리,19534.0,37.57651,126.9876,16시,1677.0
0,20190417.0,수,율곡로(안국역),A-05,유입,안국역->안국동사거리,19534.0,37.57651,126.9876,17시,1721.0
0,20190417.0,수,율곡로(안국역),A-05,유입,안국역->안국동사거리,19534.0,37.57651,126.9876,18시,1267.0
0,20190417.0,수,율곡로(안국역),A-05,유입,안국역->안국동사거리,19534.0,37.57651,126.9876,19시,1266.0
0,20190417.0,수,율곡로(안국역),A-05,유입,안국역->안국동사거리,19534.0,37.57651,126.9876,20시,1357.0
0,20190418.0,목,율곡로(안국역),A-05,유입,안국역->안국동사거리,20305.0,37.57651,126.9876,8시,1672.0
0,20190418.0,목,율곡로(안국역),A-05,유입,안국역->안국동사거리,20305.0,37.57651,126.9876,9시,1550.0
0,20190418.0,목,율곡로(안국역),A-05,유입,안국역->안국동사거리,20305.0,37.57651,126.9876,10시,1560.0
0,20190418.0,목,율곡로(안국역),A-05,유입,안국역->안국동사거리,20305.0,37.57651,126.9876,11시,1581.0
0,20190418.0,목,율곡로(안국역),A-05,유입,안국역->안국동사거리,20305.0,37.57651,126.9876,12시,1479.0
0,20190418.0,목,율곡로(안국역),A-05,유입,안국역->안국동사거리,20305.0,37.57651,126.9876,13시,1575.0
0,20190418.0,목,율곡로(안국역),A-05,유입,안국역->안국동사거리,20305.0,37.57651,126.9876,14시,1716.0
0,20190418.0,목,율곡로(안국역),A-05,유입,안국역->안국동사거리,20305.0,37.57651,126.9876,15시,1639.0
0,20190418.0,목,율곡로(안국역),A-05,유입,안국역->안국동사거리,20305.0,37.57651,126.9876,16시,1724.0
0,20190418.0,목,율곡로(안국역),A-05,유입,안국역->안국동사거리,20305.0,37.57651,126.9876,17시,1699.0
0,20190418.0,목,율곡로(안국역),A-05,유입,안국역->안국동사거리,20305.0,37.57651,126.9876,18시,1493.0
0,20190418.0,목,율곡로(안국역),A-05,유입,안국역->안국동사거리,20305.0,37.57651,126.9876,19시,1381.0
0,20190418.0,목,율곡로(안국역),A-05,유입,안국역->안국동사거리,20305.0,37.57651,126.9876,20시,1236.0
0,20190419.0,금,율곡로(안국역),A-05,유입,안국역->안국동사거리,18418.0,37.57651,126.9876,8시,1595.0
0,20190419.0,금,율곡로(안국역),A-05,유입,안국역->안국동사거리,18418.0,37.57651,126.9876,9시,1554.0
0,20190419.0,금,율곡로(안국역),A-05,유입,안국역->안국동사거리,18418.0,37.57651,126.9876,10시,1574.0
0,20190419.0,금,율곡로(안국역),A-05,유입,안국역->안국동사거리,18418.0,37.57651,126.9876,11시,1614.0
0,20190419.0,금,율곡로(안국역),A-05,유입,안국역->안국동사거리,18418.0,37.57651,126.9876,12시,1643.0
0,20190419.0,금,율곡로(안국역),A-05,유입,안국역->안국동사거리,18418.0,37.57651,126.9876,13시,1666.0
0,20190419.0,금,율곡로(안국역),A-05,유입,안국역->안국동사거리,18418.0,37.57651,126.9876,14시,1609.0
0,20190419.0,금,율곡로(안국역),A-05,유입,안국역->안국동사거리,18418.0,37.57651,126.9876,15시,992.0
0,20190419.0,금,율곡로(안국역),A-05,유입,안국역->안국동사거리,18418.0,37.57651,126.9876,16시,858.0
0,20190419.0,금,율곡로(안국역),A-05,유입,안국역->안국동사거리,18418.0,37.57651,126.9876,17시,1305.0
0,20190419.0,금,율곡로(안국역),A-05,유입,안국역->안국동사거리,18418.0,37.57651,126.9876,18시,1426.0
0,20190419.0,금,율곡로(안국역),A-05,유입,안국역->안국동사거리,18418.0,37.57651,126.9876,19시,1282.0
0,20190419.0,금,율곡로(안국역),A-05,유입,안국역->안국동사거리,18418.0,37.57651,126.9876,20시,1300.0
0,20190420.0,토,율곡로(안국역),A-05,유입,안국역->안국동사거리,17048.0,37.57651,126.9876,8시,1171.0
0,20190420.0,토,율곡로(안국역),A-05,유입,안국역->안국동사거리,17048.0,37.57651,126.9876,9시,1444.0
0,20190420.0,토,율곡로(안국역),A-05,유입,안국역->안국동사거리,17048.0,37.57651,126.9876,10시,1507.0
0,20190420.0,토,율곡로(안국역),A-05,유입,안국역->안국동사거리,17048.0,37.57651,126.9876,11시,1495.0
0,20190420.0,토,율곡로(안국역),A-05,유입,안국역->안국동사거리,17048.0,37.57651,126.9876,12시,1616.0
0,20190420.0,토,율곡로(안국역),A-05,유입,안국역->안국동사거리,17048.0,37.57651,126.9876,13시,1459.0
0,20190420.0,토,율곡로(안국역),A-05,유입,안국역->안국동사거리,17048.0,37.57651,126.9876,14시,1152.0
0,20190420.0,토,율곡로(안국역),A-05,유입,안국역->안국동사거리,17048.0,37.57651,126.9876,15시,662.0
0,20190420.0,토,율곡로(안국역),A-05,유입,안국역->안국동사거리,17048.0,37.57651,126.9876,16시,959.0
0,20190420.0,토,율곡로(안국역),A-05,유입,안국역->안국동사거리,17048.0,37.57651,126.9876,17시,1425.0
0,20190420.0,토,율곡로(안국역),A-05,유입,안국역->안국동사거리,17048.0,37.57651,126.9876,18시,1524.0
0,20190420.0,토,율곡로(안국역),A-05,유입,안국역->안국동사거리,17048.0,37.57651,126.9876,19시,1297.0
0,20190420.0,토,율곡로(안국역),A-05,유입,안국역->안국동사거리,17048.0,37.57651,126.9876,20시,1337.0
0,20190421.0,일,율곡로(안국역),A-05,유입,안국역->안국동사거리,16443.0,37.57651,126.9876,8시,863.0
0,20190421.0,일,율곡로(안국역),A-05,유입,안국역->안국동사거리,16443.0,37.57651,126.9876,9시,1070.0
0,20190421.0,일,율곡로(안국역),A-05,유입,안국역->안국동사거리,16443.0,37.57651,126.9876,10시,1184.0
0,20190421.0,일,율곡로(안국역),A-05,유입,안국역->안국동사거리,16443.0,37.57651,126.9876,11시,1287.0
0,20190421.0,일,율곡로(안국역),A-05,유입,안국역->안국동사거리,16443.0,37.57651,126.9876,12시,1295.0
0,20190421.0,일,율곡로(안국역),A-05,유입,안국역->안국동사거리,16443.0,37.57651,126.9876,13시,1352.0
0,20190421.0,일,율곡로(안국역),A-05,유입,안국역->안국동사거리,16443.0,37.57651,126.9876,14시,1393.0
0,20190421.0,일,율곡로(안국역),A-05,유입,안국역->안국동사거리,16443.0,37.57651,126.9876,15시,1383.0
0,20190421.0,일,율곡로(안국역),A-05,유입,안국역->안국동사거리,16443.0,37.57651,126.9876,16시,1468.0
0,20190421.0,일,율곡로(안국역),A-05,유입,안국역->안국동사거리,16443.0,37.57651,126.9876,17시,1385.0
0,20190421.0,일,율곡로(안국역),A-05,유입,안국역->안국동사거리,16443.0,37.57651,126.9876,18시,1229.0
0,20190421.0,일,율곡로(안국역),A-05,유입,안국역->안국동사거리,16443.0,37.57651,126.9876,19시,1300.0
0,20190421.0,일,율곡로(안국역),A-05,유입,안국역->안국동사거리,16443.0,37.57651,126.9876,20시,1234.0
0,20190422.0,월,율곡로(안국역),A-05,유입,안국역->안국동사거리,19260.0,37.57651,126.9876,8시,1645.0
0,20190422.0,월,율곡로(안국역),A-05,유입,안국역->안국동사거리,19260.0,37.57651,126.9876,9시,1514.0
0,20190422.0,월,율곡로(안국역),A-05,유입,안국역->안국동사거리,19260.0,37.57651,126.9876,10시,1542.0
0,20190422.0,월,율곡로(안국역),A-05,유입,안국역->안국동사거리,19260.0,37.57651,126.9876,11시,1582.0
0,20190422.0,월,율곡로(안국역),A-05,유입,안국역->안국동사거리,19260.0,37.57651,126.9876,12시,1477.0
0,20190422.0,월,율곡로(안국역),A-05,유입,안국역->안국동사거리,19260.0,37.57651,126.9876,13시,1459.0
0,20190422.0,월,율곡로(안국역),A-05,유입,안국역->안국동사거리,19260.0,37.57651,126.9876,14시,1460.0
0,20190422.0,월,율곡로(안국역),A-05,유입,안국역->안국동사거리,19260.0,37.57651,126.9876,15시,1511.0
0,20190422.0,월,율곡로(안국역),A-05,유입,안국역->안국동사거리,19260.0,37.57651,126.9876,16시,1681.0
0,20190422.0,월,율곡로(안국역),A-05,유입,안국역->안국동사거리,19260.0,37.57651,126.9876,17시,1614.0
0,20190422.0,월,율곡로(안국역),A-05,유입,안국역->안국동사거리,19260.0,37.57651,126.9876,18시,1162.0
0,20190422.0,월,율곡로(안국역),A-05,유입,안국역->안국동사거리,19260.0,37.57651,126.9876,19시,1361.0
0,20190422.0,월,율곡로(안국역),A-05,유입,안국역->안국동사거리,19260.0,37.57651,126.9876,20시,1252.0
0,20190423.0,화,율곡로(안국역),A-05,유입,안국역->안국동사거리,20478.0,37.57651,126.9876,8시,1707.0
0,20190423.0,화,율곡로(안국역),A-05,유입,안국역->안국동사거리,20478.0,37.57651,126.9876,9시,1606.0
0,20190423.0,화,율곡로(안국역),A-05,유입,안국역->안국동사거리,20478.0,37.57651,126.9876,10시,1522.0
0,20190423.0,화,율곡로(안국역),A-05,유입,안국역->안국동사거리,20478.0,37.57651,126.9876,11시,1645.0
0,20190423.0,화,율곡로(안국역),A-05,유입,안국역->안국동사거리,20478.0,37.57651,126.9876,12시,1481.0
0,20190423.0,화,율곡로(안국역),A-05,유입,안국역->안국동사거리,20478.0,37.57651,126.9876,13시,1703.0
0,20190423.0,화,율곡로(안국역),A-05,유입,안국역->안국동사거리,20478.0,37.57651,126.9876,14시,1586.0
0,20190423.0,화,율곡로(안국역),A-05,유입,안국역->안국동사거리,20478.0,37.57651,126.9876,15시,1657.0
0,20190423.0,화,율곡로(안국역),A-05,유입,안국역->안국동사거리,20478.0,37.57651,126.9876,16시,1701.0
0,20190423.0,화,율곡로(안국역),A-05,유입,안국역->안국동사거리,20478.0,37.57651,126.9876,17시,1645.0
0,20190423.0,화,율곡로(안국역),A-05,유입,안국역->안국동사거리,20478.0,37.57651,126.9876,18시,1535.0
0,20190423.0,화,율곡로(안국역),A-05,유입,안국역->안국동사거리,20478.0,37.57651,126.9876,19시,1338.0
0,20190423.0,화,율곡로(안국역),A-05,유입,안국역->안국동사거리,20478.0,37.57651,126.9876,20시,1352.0
0,20190424.0,수,율곡로(안국역),A-05,유입,안국역->안국동사거리,20110.0,37.57651,126.9876,8시,1672.0
0,20190424.0,수,율곡로(안국역),A-05,유입,안국역->안국동사거리,20110.0,37.57651,126.9876,9시,1591.0
0,20190424.0,수,율곡로(안국역),A-05,유입,안국역->안국동사거리,20110.0,37.57651,126.9876,10시,1588.0
0,20190424.0,수,율곡로(안국역),A-05,유입,안국역->안국동사거리,20110.0,37.57651,126.9876,11시,1524.0
0,20190424.0,수,율곡로(안국역),A-05,유입,안국역->안국동사거리,20110.0,37.57651,126.9876,12시,1635.0
0,20190424.0,수,율곡로(안국역),A-05,유입,안국역->안국동사거리,20110.0,37.57651,126.9876,13시,1580.0
0,20190424.0,수,율곡로(안국역),A-05,유입,안국역->안국동사거리,20110.0,37.57651,126.9876,14시,1547.0
0,20190424.0,수,율곡로(안국역),A-05,유입,안국역->안국동사거리,20110.0,37.57651,126.9876,15시,1599.0
0,20190424.0,수,율곡로(안국역),A-05,유입,안국역->안국동사거리,20110.0,37.57651,126.9876,16시,1747.0
0,20190424.0,수,율곡로(안국역),A-05,유입,안국역->안국동사거리,20110.0,37.57651,126.9876,17시,1660.0
0,20190424.0,수,율곡로(안국역),A-05,유입,안국역->안국동사거리,20110.0,37.57651,126.9876,18시,1384.0
0,20190424.0,수,율곡로(안국역),A-05,유입,안국역->안국동사거리,20110.0,37.57651,126.9876,19시,1324.0
0,20190424.0,수,율곡로(안국역),A-05,유입,안국역->안국동사거리,20110.0,37.57651,126.9876,20시,1259.0
0,20190425.0,목,율곡로(안국역),A-05,유입,안국역->안국동사거리,20090.0,37.57651,126.9876,8시,1682.0
0,20190425.0,목,율곡로(안국역),A-05,유입,안국역->안국동사거리,20090.0,37.57651,126.9876,9시,1565.0
0,20190425.0,목,율곡로(안국역),A-05,유입,안국역->안국동사거리,20090.0,37.57651,126.9876,10시,1608.0
0,20190425.0,목,율곡로(안국역),A-05,유입,안국역->안국동사거리,20090.0,37.57651,126.9876,11시,1691.0
0,20190425.0,목,율곡로(안국역),A-05,유입,안국역->안국동사거리,20090.0,37.57651,126.9876,12시,1560.0
0,20190425.0,목,율곡로(안국역),A-05,유입,안국역->안국동사거리,20090.0,37.57651,126.9876,13시,1494.0
0,20190425.0,목,율곡로(안국역),A-05,유입,안국역->안국동사거리,20090.0,37.57651,126.9876,14시,1677.0
0,20190425.0,목,율곡로(안국역),A-05,유입,안국역->안국동사거리,20090.0,37.57651,126.9876,15시,1524.0
0,20190425.0,목,율곡로(안국역),A-05,유입,안국역->안국동사거리,20090.0,37.57651,126.9876,16시,1624.0
0,20190425.0,목,율곡로(안국역),A-05,유입,안국역->안국동사거리,20090.0,37.57651,126.9876,17시,1603.0
0,20190425.0,목,율곡로(안국역),A-05,유입,안국역->안국동사거리,20090.0,37.57651,126.9876,18시,1496.0
0,20190425.0,목,율곡로(안국역),A-05,유입,안국역->안국동사거리,20090.0,37.57651,126.9876,19시,1308.0
0,20190425.0,목,율곡로(안국역),A-05,유입,안국역->안국동사거리,20090.0,37.57651,126.9876,20시,1258.0
0,20190426.0,금,율곡로(안국역),A-05,유입,안국역->안국동사거리,19683.0,37.57651,126.9876,8시,1560.0
0,20190426.0,금,율곡로(안국역),A-05,유입,안국역->안국동사거리,19683.0,37.57651,126.9876,9시,1767.0
0,20190426.0,금,율곡로(안국역),A-05,유입,안국역->안국동사거리,19683.0,37.57651,126.9876,10시,1612.0
0,20190426.0,금,율곡로(안국역),A-05,유입,안국역->안국동사거리,19683.0,37.57651,126.9876,11시,1652.0
0,20190426.0,금,율곡로(안국역),A-05,유입,안국역->안국동사거리,19683.0,37.57651,126.9876,12시,1604.0
0,20190426.0,금,율곡로(안국역),A-05,유입,안국역->안국동사거리,19683.0,37.57651,126.9876,13시,1646.0
0,20190426.0,금,율곡로(안국역),A-05,유입,안국역->안국동사거리,19683.0,37.57651,126.9876,14시,1695.0
0,20190426.0,금,율곡로(안국역),A-05,유입,안국역->안국동사거리,19683.0,37.57651,126.9876,15시,1491.0
0,20190426.0,금,율곡로(안국역),A-05,유입,안국역->안국동사거리,19683.0,37.57651,126.9876,16시,1422.0
0,20190426.0,금,율곡로(안국역),A-05,유입,안국역->안국동사거리,19683.0,37.57651,126.9876,17시,1460.0
0,20190426.0,금,율곡로(안국역),A-05,유입,안국역->안국동사거리,19683.0,37.57651,126.9876,18시,1313.0
0,20190426.0,금,율곡로(안국역),A-05,유입,안국역->안국동사거리,19683.0,37.57651,126.9876,19시,1215.0
0,20190426.0,금,율곡로(안국역),A-05,유입,안국역->안국동사거리,19683.0,37.57651,126.9876,20시,1246.0
0,20190427.0,토,율곡로(안국역),A-05,유입,안국역->안국동사거리,16457.0,37.57651,126.9876,8시,1211.0
0,20190427.0,토,율곡로(안국역),A-05,유입,안국역->안국동사거리,16457.0,37.57651,126.9876,9시,1517.0
0,20190427.0,토,율곡로(안국역),A-05,유입,안국역->안국동사거리,16457.0,37.57651,126.9876,10시,1383.0
0,20190427.0,토,율곡로(안국역),A-05,유입,안국역->안국동사거리,16457.0,37.57651,126.9876,11시,1297.0
0,20190427.0,토,율곡로(안국역),A-05,유입,안국역->안국동사거리,16457.0,37.57651,126.9876,12시,1510.0
0,20190427.0,토,율곡로(안국역),A-05,유입,안국역->안국동사거리,16457.0,37.57651,126.9876,13시,1195.0
0,20190427.0,토,율곡로(안국역),A-05,유입,안국역->안국동사거리,16457.0,37.57651,126.9876,14시,1109.0
0,20190427.0,토,율곡로(안국역),A-05,유입,안국역->안국동사거리,16457.0,37.57651,126.9876,15시,914.0
0,20190427.0,토,율곡로(안국역),A-05,유입,안국역->안국동사거리,16457.0,37.57651,126.9876,16시,1153.0
0,20190427.0,토,율곡로(안국역),A-05,유입,안국역->안국동사거리,16457.0,37.57651,126.9876,17시,823.0
0,20190427.0,토,율곡로(안국역),A-05,유입,안국역->안국동사거리,16457.0,37.57651,126.9876,18시,1527.0
0,20190427.0,토,율곡로(안국역),A-05,유입,안국역->안국동사거리,16457.0,37.57651,126.9876,19시,1499.0
0,20190427.0,토,율곡로(안국역),A-05,유입,안국역->안국동사거리,16457.0,37.57651,126.9876,20시,1319.0
0,20190428.0,일,율곡로(안국역),A-05,유입,안국역->안국동사거리,16303.0,37.57651,126.9876,8시,916.0
0,20190428.0,일,율곡로(안국역),A-05,유입,안국역->안국동사거리,16303.0,37.57651,126.9876,9시,1045.0
0,20190428.0,일,율곡로(안국역),A-05,유입,안국역->안국동사거리,16303.0,37.57651,126.9876,10시,1065.0
0,20190428.0,일,율곡로(안국역),A-05,유입,안국역->안국동사거리,16303.0,37.57651,126.9876,11시,1159.0
0,20190428.0,일,율곡로(안국역),A-05,유입,안국역->안국동사거리,16303.0,37.57651,126.9876,12시,1201.0
0,20190428.0,일,율곡로(안국역),A-05,유입,안국역->안국동사거리,16303.0,37.57651,126.9876,13시,1366.0
0,20190428.0,일,율곡로(안국역),A-05,유입,안국역->안국동사거리,16303.0,37.57651,126.9876,14시,1426.0
0,20190428.0,일,율곡로(안국역),A-05,유입,안국역->안국동사거리,16303.0,37.57651,126.9876,15시,1475.0
0,20190428.0,일,율곡로(안국역),A-05,유입,안국역->안국동사거리,16303.0,37.57651,126.9876,16시,1404.0
0,20190428.0,일,율곡로(안국역),A-05,유입,안국역->안국동사거리,16303.0,37.57651,126.9876,17시,1471.0
0,20190428.0,일,율곡로(안국역),A-05,유입,안국역->안국동사거리,16303.0,37.57651,126.9876,18시,1335.0
0,20190428.0,일,율곡로(안국역),A-05,유입,안국역->안국동사거리,16303.0,37.57651,126.9876,19시,1215.0
0,20190428.0,일,율곡로(안국역),A-05,유입,안국역->안국동사거리,16303.0,37.57651,126.9876,20시,1225.0
0,20190429.0,월,율곡로(안국역),A-05,유입,안국역->안국동사거리,19413.0,37.57651,126.9876,8시,1691.0
0,20190429.0,월,율곡로(안국역),A-05,유입,안국역->안국동사거리,19413.0,37.57651,126.9876,9시,1444.0
0,20190429.0,월,율곡로(안국역),A-05,유입,안국역->안국동사거리,19413.0,37.57651,126.9876,10시,1380.0
0,20190429.0,월,율곡로(안국역),A-05,유입,안국역->안국동사거리,19413.0,37.57651,126.9876,11시,1411.0
0,20190429.0,월,율곡로(안국역),A-05,유입,안국역->안국동사거리,19413.0,37.57651,126.9876,12시,1470.0
0,20190429.0,월,율곡로(안국역),A-05,유입,안국역->안국동사거리,19413.0,37.57651,126.9876,13시,1538.0
0,20190429.0,월,율곡로(안국역),A-05,유입,안국역->안국동사거리,19413.0,37.57651,126.9876,14시,1622.0
0,20190429.0,월,율곡로(안국역),A-05,유입,안국역->안국동사거리,19413.0,37.57651,126.9876,15시,1758.0
0,20190429.0,월,율곡로(안국역),A-05,유입,안국역->안국동사거리,19413.0,37.57651,126.9876,16시,1718.0
0,20190429.0,월,율곡로(안국역),A-05,유입,안국역->안국동사거리,19413.0,37.57651,126.9876,17시,1676.0
0,20190429.0,월,율곡로(안국역),A-05,유입,안국역->안국동사거리,19413.0,37.57651,126.9876,18시,1084.0
0,20190429.0,월,율곡로(안국역),A-05,유입,안국역->안국동사거리,19413.0,37.57651,126.9876,19시,1360.0
0,20190429.0,월,율곡로(안국역),A-05,유입,안국역->안국동사거리,19413.0,37.57651,126.9876,20시,1261.0
0,20190430.0,화,율곡로(안국역),A-05,유입,안국역->안국동사거리,20528.0,37.57651,126.9876,8시,1643.0
0,20190430.0,화,율곡로(안국역),A-05,유입,안국역->안국동사거리,20528.0,37.57651,126.9876,9시,1529.0
0,20190430.0,화,율곡로(안국역),A-05,유입,안국역->안국동사거리,20528.0,37.57651,126.9876,10시,1601.0
0,20190430.0,화,율곡로(안국역),A-05,유입,안국역->안국동사거리,20528.0,37.57651,126.9876,11시,1600.0
0,20190430.0,화,율곡로(안국역),A-05,유입,안국역->안국동사거리,20528.0,37.57651,126.9876,12시,1580.0
0,20190430.0,화,율곡로(안국역),A-05,유입,안국역->안국동사거리,20528.0,37.57651,126.9876,13시,1645.0
0,20190430.0,화,율곡로(안국역),A-05,유입,안국역->안국동사거리,20528.0,37.57651,126.9876,14시,1670.0
0,20190430.0,화,율곡로(안국역),A-05,유입,안국역->안국동사거리,20528.0,37.57651,126.9876,15시,1479.0
0,20190430.0,화,율곡로(안국역),A-05,유입,안국역->안국동사거리,20528.0,37.57651,126.9876,16시,1745.0
0,20190430.0,화,율곡로(안국역),A-05,유입,안국역->안국동사거리,20528.0,37.57651,126.9876,17시,1592.0
0,20190430.0,화,율곡로(안국역),A-05,유입,안국역->안국동사거리,20528.0,37.57651,126.9876,18시,1633.0
0,20190430.0,화,율곡로(안국역),A-05,유입,안국역->안국동사거리,20528.0,37.57651,126.9876,19시,1500.0
0,20190430.0,화,율곡로(안국역),A-05,유입,안국역->안국동사거리,20528.0,37.57651,126.9876,20시,1311.0
0,20190401.0,월,율곡로(안국역),A-05,유출,안국동사거리->안국역,20573.0,37.57651,126.9876,8시,1530.0
0,20190401.0,월,율곡로(안국역),A-05,유출,안국동사거리->안국역,20573.0,37.57651,126.9876,9시,1724.0
0,20190401.0,월,율곡로(안국역),A-05,유출,안국동사거리->안국역,20573.0,37.57651,126.9876,10시,1653.0
0,20190401.0,월,율곡로(안국역),A-05,유출,안국동사거리->안국역,20573.0,37.57651,126.9876,11시,1754.0
0,20190401.0,월,율곡로(안국역),A-05,유출,안국동사거리->안국역,20573.0,37.57651,126.9876,12시,1606.0
0,20190401.0,월,율곡로(안국역),A-05,유출,안국동사거리->안국역,20573.0,37.57651,126.9876,13시,1626.0
0,20190401.0,월,율곡로(안국역),A-05,유출,안국동사거리->안국역,20573.0,37.57651,126.9876,14시,1579.0
0,20190401.0,월,율곡로(안국역),A-05,유출,안국동사거리->안국역,20573.0,37.57651,126.9876,15시,1577.0
0,20190401.0,월,율곡로(안국역),A-05,유출,안국동사거리->안국역,20573.0,37.57651,126.9876,16시,1550.0
0,20190401.0,월,율곡로(안국역),A-05,유출,안국동사거리->안국역,20573.0,37.57651,126.9876,17시,1515.0
0,20190401.0,월,율곡로(안국역),A-05,유출,안국동사거리->안국역,20573.0,37.57651,126.9876,18시,1582.0
0,20190401.0,월,율곡로(안국역),A-05,유출,안국동사거리->안국역,20573.0,37.57651,126.9876,19시,1493.0
0,20190401.0,월,율곡로(안국역),A-05,유출,안국동사거리->안국역,20573.0,37.57651,126.9876,20시,1384.0
0,20190402.0,화,율곡로(안국역),A-05,유출,안국동사거리->안국역,20490.0,37.57651,126.9876,8시,1613.0
0,20190402.0,화,율곡로(안국역),A-05,유출,안국동사거리->안국역,20490.0,37.57651,126.9876,9시,1683.0
0,20190402.0,화,율곡로(안국역),A-05,유출,안국동사거리->안국역,20490.0,37.57651,126.9876,10시,1749.0
0,20190402.0,화,율곡로(안국역),A-05,유출,안국동사거리->안국역,20490.0,37.57651,126.9876,11시,1603.0
0,20190402.0,화,율곡로(안국역),A-05,유출,안국동사거리->안국역,20490.0,37.57651,126.9876,12시,1638.0
0,20190402.0,화,율곡로(안국역),A-05,유출,안국동사거리->안국역,20490.0,37.57651,126.9876,13시,1551.0
0,20190402.0,화,율곡로(안국역),A-05,유출,안국동사거리->안국역,20490.0,37.57651,126.9876,14시,1588.0
0,20190402.0,화,율곡로(안국역),A-05,유출,안국동사거리->안국역,20490.0,37.57651,126.9876,15시,1614.0
0,20190402.0,화,율곡로(안국역),A-05,유출,안국동사거리->안국역,20490.0,37.57651,126.9876,16시,1553.0
0,20190402.0,화,율곡로(안국역),A-05,유출,안국동사거리->안국역,20490.0,37.57651,126.9876,17시,1572.0
0,20190402.0,화,율곡로(안국역),A-05,유출,안국동사거리->안국역,20490.0,37.57651,126.9876,18시,1539.0
0,20190402.0,화,율곡로(안국역),A-05,유출,안국동사거리->안국역,20490.0,37.57651,126.9876,19시,1432.0
0,20190402.0,화,율곡로(안국역),A-05,유출,안국동사거리->안국역,20490.0,37.57651,126.9876,20시,1355.0
0,20190403.0,수,율곡로(안국역),A-05,유출,안국동사거리->안국역,19947.0,37.57651,126.9876,8시,1567.0
0,20190403.0,수,율곡로(안국역),A-05,유출,안국동사거리->안국역,19947.0,37.57651,126.9876,9시,1694.0
0,20190403.0,수,율곡로(안국역),A-05,유출,안국동사거리->안국역,19947.0,37.57651,126.9876,10시,1382.0
0,20190403.0,수,율곡로(안국역),A-05,유출,안국동사거리->안국역,19947.0,37.57651,126.9876,11시,1624.0
0,20190403.0,수,율곡로(안국역),A-05,유출,안국동사거리->안국역,19947.0,37.57651,126.9876,12시,1601.0
0,20190403.0,수,율곡로(안국역),A-05,유출,안국동사거리->안국역,19947.0,37.57651,126.9876,13시,1558.0
0,20190403.0,수,율곡로(안국역),A-05,유출,안국동사거리->안국역,19947.0,37.57651,126.9876,14시,1547.0
0,20190403.0,수,율곡로(안국역),A-05,유출,안국동사거리->안국역,19947.0,37.57651,126.9876,15시,1469.0
0,20190403.0,수,율곡로(안국역),A-05,유출,안국동사거리->안국역,19947.0,37.57651,126.9876,16시,1514.0
0,20190403.0,수,율곡로(안국역),A-05,유출,안국동사거리->안국역,19947.0,37.57651,126.9876,17시,1585.0
0,20190403.0,수,율곡로(안국역),A-05,유출,안국동사거리->안국역,19947.0,37.57651,126.9876,18시,1575.0
0,20190403.0,수,율곡로(안국역),A-05,유출,안국동사거리->안국역,19947.0,37.57651,126.9876,19시,1530.0
0,20190403.0,수,율곡로(안국역),A-05,유출,안국동사거리->안국역,19947.0,37.57651,126.9876,20시,1301.0
0,20190404.0,목,율곡로(안국역),A-05,유출,안국동사거리->안국역,20487.0,37.57651,126.9876,8시,1627.0
0,20190404.0,목,율곡로(안국역),A-05,유출,안국동사거리->안국역,20487.0,37.57651,126.9876,9시,1575.0
0,20190404.0,목,율곡로(안국역),A-05,유출,안국동사거리->안국역,20487.0,37.57651,126.9876,10시,1658.0
0,20190404.0,목,율곡로(안국역),A-05,유출,안국동사거리->안국역,20487.0,37.57651,126.9876,11시,1686.0
0,20190404.0,목,율곡로(안국역),A-05,유출,안국동사거리->안국역,20487.0,37.57651,126.9876,12시,1636.0
0,20190404.0,목,율곡로(안국역),A-05,유출,안국동사거리->안국역,20487.0,37.57651,126.9876,13시,1594.0
0,20190404.0,목,율곡로(안국역),A-05,유출,안국동사거리->안국역,20487.0,37.57651,126.9876,14시,1528.0
0,20190404.0,목,율곡로(안국역),A-05,유출,안국동사거리->안국역,20487.0,37.57651,126.9876,15시,1657.0
0,20190404.0,목,율곡로(안국역),A-05,유출,안국동사거리->안국역,20487.0,37.57651,126.9876,16시,1553.0
0,20190404.0,목,율곡로(안국역),A-05,유출,안국동사거리->안국역,20487.0,37.57651,126.9876,17시,1581.0
0,20190404.0,목,율곡로(안국역),A-05,유출,안국동사거리->안국역,20487.0,37.57651,126.9876,18시,1441.0
0,20190404.0,목,율곡로(안국역),A-05,유출,안국동사거리->안국역,20487.0,37.57651,126.9876,19시,1518.0
0,20190404.0,목,율곡로(안국역),A-05,유출,안국동사거리->안국역,20487.0,37.57651,126.9876,20시,1433.0
0,20190405.0,금,율곡로(안국역),A-05,유출,안국동사거리->안국역,20014.0,37.57651,126.9876,8시,1640.0
0,20190405.0,금,율곡로(안국역),A-05,유출,안국동사거리->안국역,20014.0,37.57651,126.9876,9시,1661.0
0,20190405.0,금,율곡로(안국역),A-05,유출,안국동사거리->안국역,20014.0,37.57651,126.9876,10시,1736.0
0,20190405.0,금,율곡로(안국역),A-05,유출,안국동사거리->안국역,20014.0,37.57651,126.9876,11시,1514.0
0,20190405.0,금,율곡로(안국역),A-05,유출,안국동사거리->안국역,20014.0,37.57651,126.9876,12시,1574.0
0,20190405.0,금,율곡로(안국역),A-05,유출,안국동사거리->안국역,20014.0,37.57651,126.9876,13시,1406.0
0,20190405.0,금,율곡로(안국역),A-05,유출,안국동사거리->안국역,20014.0,37.57651,126.9876,14시,1477.0
0,20190405.0,금,율곡로(안국역),A-05,유출,안국동사거리->안국역,20014.0,37.57651,126.9876,15시,1694.0
0,20190405.0,금,율곡로(안국역),A-05,유출,안국동사거리->안국역,20014.0,37.57651,126.9876,16시,1553.0
0,20190405.0,금,율곡로(안국역),A-05,유출,안국동사거리->안국역,20014.0,37.57651,126.9876,17시,1585.0
0,20190405.0,금,율곡로(안국역),A-05,유출,안국동사거리->안국역,20014.0,37.57651,126.9876,18시,1448.0
0,20190405.0,금,율곡로(안국역),A-05,유출,안국동사거리->안국역,20014.0,37.57651,126.9876,19시,1495.0
0,20190405.0,금,율곡로(안국역),A-05,유출,안국동사거리->안국역,20014.0,37.57651,126.9876,20시,1231.0
0,20190406.0,토,율곡로(안국역),A-05,유출,안국동사거리->안국역,19734.0,37.57651,126.9876,8시,1337.0
0,20190406.0,토,율곡로(안국역),A-05,유출,안국동사거리->안국역,19734.0,37.57651,126.9876,9시,1518.0
0,20190406.0,토,율곡로(안국역),A-05,유출,안국동사거리->안국역,19734.0,37.57651,126.9876,10시,1527.0
0,20190406.0,토,율곡로(안국역),A-05,유출,안국동사거리->안국역,19734.0,37.57651,126.9876,11시,1675.0
0,20190406.0,토,율곡로(안국역),A-05,유출,안국동사거리->안국역,19734.0,37.57651,126.9876,12시,1587.0
0,20190406.0,토,율곡로(안국역),A-05,유출,안국동사거리->안국역,19734.0,37.57651,126.9876,13시,1597.0
0,20190406.0,토,율곡로(안국역),A-05,유출,안국동사거리->안국역,19734.0,37.57651,126.9876,14시,1640.0
0,20190406.0,토,율곡로(안국역),A-05,유출,안국동사거리->안국역,19734.0,37.57651,126.9876,15시,1576.0
0,20190406.0,토,율곡로(안국역),A-05,유출,안국동사거리->안국역,19734.0,37.57651,126.9876,16시,1533.0
0,20190406.0,토,율곡로(안국역),A-05,유출,안국동사거리->안국역,19734.0,37.57651,126.9876,17시,1482.0
0,20190406.0,토,율곡로(안국역),A-05,유출,안국동사거리->안국역,19734.0,37.57651,126.9876,18시,1542.0
0,20190406.0,토,율곡로(안국역),A-05,유출,안국동사거리->안국역,19734.0,37.57651,126.9876,19시,1411.0
0,20190406.0,토,율곡로(안국역),A-05,유출,안국동사거리->안국역,19734.0,37.57651,126.9876,20시,1309.0
0,20190407.0,일,율곡로(안국역),A-05,유출,안국동사거리->안국역,18003.0,37.57651,126.9876,8시,819.0
0,20190407.0,일,율곡로(안국역),A-05,유출,안국동사거리->안국역,18003.0,37.57651,126.9876,9시,1194.0
0,20190407.0,일,율곡로(안국역),A-05,유출,안국동사거리->안국역,18003.0,37.57651,126.9876,10시,1276.0
0,20190407.0,일,율곡로(안국역),A-05,유출,안국동사거리->안국역,18003.0,37.57651,126.9876,11시,1435.0
0,20190407.0,일,율곡로(안국역),A-05,유출,안국동사거리->안국역,18003.0,37.57651,126.9876,12시,1492.0
0,20190407.0,일,율곡로(안국역),A-05,유출,안국동사거리->안국역,18003.0,37.57651,126.9876,13시,1634.0
0,20190407.0,일,율곡로(안국역),A-05,유출,안국동사거리->안국역,18003.0,37.57651,126.9876,14시,1556.0
0,20190407.0,일,율곡로(안국역),A-05,유출,안국동사거리->안국역,18003.0,37.57651,126.9876,15시,1644.0
0,20190407.0,일,율곡로(안국역),A-05,유출,안국동사거리->안국역,18003.0,37.57651,126.9876,16시,1510.0
0,20190407.0,일,율곡로(안국역),A-05,유출,안국동사거리->안국역,18003.0,37.57651,126.9876,17시,1668.0
0,20190407.0,일,율곡로(안국역),A-05,유출,안국동사거리->안국역,18003.0,37.57651,126.9876,18시,1457.0
0,20190407.0,일,율곡로(안국역),A-05,유출,안국동사거리->안국역,18003.0,37.57651,126.9876,19시,1372.0
0,20190407.0,일,율곡로(안국역),A-05,유출,안국동사거리->안국역,18003.0,37.57651,126.9876,20시,946.0
0,20190408.0,월,율곡로(안국역),A-05,유출,안국동사거리->안국역,19837.0,37.57651,126.9876,8시,1558.0
0,20190408.0,월,율곡로(안국역),A-05,유출,안국동사거리->안국역,19837.0,37.57651,126.9876,9시,1627.0
0,20190408.0,월,율곡로(안국역),A-05,유출,안국동사거리->안국역,19837.0,37.57651,126.9876,10시,1560.0
0,20190408.0,월,율곡로(안국역),A-05,유출,안국동사거리->안국역,19837.0,37.57651,126.9876,11시,1718.0
0,20190408.0,월,율곡로(안국역),A-05,유출,안국동사거리->안국역,19837.0,37.57651,126.9876,12시,1579.0
0,20190408.0,월,율곡로(안국역),A-05,유출,안국동사거리->안국역,19837.0,37.57651,126.9876,13시,1435.0
0,20190408.0,월,율곡로(안국역),A-05,유출,안국동사거리->안국역,19837.0,37.57651,126.9876,14시,1513.0
0,20190408.0,월,율곡로(안국역),A-05,유출,안국동사거리->안국역,19837.0,37.57651,126.9876,15시,1544.0
0,20190408.0,월,율곡로(안국역),A-05,유출,안국동사거리->안국역,19837.0,37.57651,126.9876,16시,1502.0
0,20190408.0,월,율곡로(안국역),A-05,유출,안국동사거리->안국역,19837.0,37.57651,126.9876,17시,1442.0
0,20190408.0,월,율곡로(안국역),A-05,유출,안국동사거리->안국역,19837.0,37.57651,126.9876,18시,1582.0
0,20190408.0,월,율곡로(안국역),A-05,유출,안국동사거리->안국역,19837.0,37.57651,126.9876,19시,1496.0
0,20190408.0,월,율곡로(안국역),A-05,유출,안국동사거리->안국역,19837.0,37.57651,126.9876,20시,1281.0
0,20190409.0,화,율곡로(안국역),A-05,유출,안국동사거리->안국역,20433.0,37.57651,126.9876,8시,1606.0
0,20190409.0,화,율곡로(안국역),A-05,유출,안국동사거리->안국역,20433.0,37.57651,126.9876,9시,1754.0
0,20190409.0,화,율곡로(안국역),A-05,유출,안국동사거리->안국역,20433.0,37.57651,126.9876,10시,1747.0
0,20190409.0,화,율곡로(안국역),A-05,유출,안국동사거리->안국역,20433.0,37.57651,126.9876,11시,1700.0
0,20190409.0,화,율곡로(안국역),A-05,유출,안국동사거리->안국역,20433.0,37.57651,126.9876,12시,1625.0
0,20190409.0,화,율곡로(안국역),A-05,유출,안국동사거리->안국역,20433.0,37.57651,126.9876,13시,1650.0
0,20190409.0,화,율곡로(안국역),A-05,유출,안국동사거리->안국역,20433.0,37.57651,126.9876,14시,1623.0
0,20190409.0,화,율곡로(안국역),A-05,유출,안국동사거리->안국역,20433.0,37.57651,126.9876,15시,1630.0
0,20190409.0,화,율곡로(안국역),A-05,유출,안국동사거리->안국역,20433.0,37.57651,126.9876,16시,1530.0
0,20190409.0,화,율곡로(안국역),A-05,유출,안국동사거리->안국역,20433.0,37.57651,126.9876,17시,1478.0
0,20190409.0,화,율곡로(안국역),A-05,유출,안국동사거리->안국역,20433.0,37.57651,126.9876,18시,1457.0
0,20190409.0,화,율곡로(안국역),A-05,유출,안국동사거리->안국역,20433.0,37.57651,126.9876,19시,1341.0
0,20190409.0,화,율곡로(안국역),A-05,유출,안국동사거리->안국역,20433.0,37.57651,126.9876,20시,1292.0
0,20190410.0,수,율곡로(안국역),A-05,유출,안국동사거리->안국역,20234.0,37.57651,126.9876,8시,1580.0
0,20190410.0,수,율곡로(안국역),A-05,유출,안국동사거리->안국역,20234.0,37.57651,126.9876,9시,1619.0
0,20190410.0,수,율곡로(안국역),A-05,유출,안국동사거리->안국역,20234.0,37.57651,126.9876,10시,1733.0
0,20190410.0,수,율곡로(안국역),A-05,유출,안국동사거리->안국역,20234.0,37.57651,126.9876,11시,1624.0
0,20190410.0,수,율곡로(안국역),A-05,유출,안국동사거리->안국역,20234.0,37.57651,126.9876,12시,1534.0
0,20190410.0,수,율곡로(안국역),A-05,유출,안국동사거리->안국역,20234.0,37.57651,126.9876,13시,1557.0
0,20190410.0,수,율곡로(안국역),A-05,유출,안국동사거리->안국역,20234.0,37.57651,126.9876,14시,1407.0
0,20190410.0,수,율곡로(안국역),A-05,유출,안국동사거리->안국역,20234.0,37.57651,126.9876,15시,1667.0
0,20190410.0,수,율곡로(안국역),A-05,유출,안국동사거리->안국역,20234.0,37.57651,126.9876,16시,1599.0
0,20190410.0,수,율곡로(안국역),A-05,유출,안국동사거리->안국역,20234.0,37.57651,126.9876,17시,1608.0
0,20190410.0,수,율곡로(안국역),A-05,유출,안국동사거리->안국역,20234.0,37.57651,126.9876,18시,1558.0
0,20190410.0,수,율곡로(안국역),A-05,유출,안국동사거리->안국역,20234.0,37.57651,126.9876,19시,1504.0
0,20190410.0,수,율곡로(안국역),A-05,유출,안국동사거리->안국역,20234.0,37.57651,126.9876,20시,1244.0
0,20190411.0,목,율곡로(안국역),A-05,유출,안국동사거리->안국역,20474.0,37.57651,126.9876,8시,1653.0
0,20190411.0,목,율곡로(안국역),A-05,유출,안국동사거리->안국역,20474.0,37.57651,126.9876,9시,1505.0
0,20190411.0,목,율곡로(안국역),A-05,유출,안국동사거리->안국역,20474.0,37.57651,126.9876,10시,1712.0
0,20190411.0,목,율곡로(안국역),A-05,유출,안국동사거리->안국역,20474.0,37.57651,126.9876,11시,1715.0
0,20190411.0,목,율곡로(안국역),A-05,유출,안국동사거리->안국역,20474.0,37.57651,126.9876,12시,1660.0
0,20190411.0,목,율곡로(안국역),A-05,유출,안국동사거리->안국역,20474.0,37.57651,126.9876,13시,1501.0
0,20190411.0,목,율곡로(안국역),A-05,유출,안국동사거리->안국역,20474.0,37.57651,126.9876,14시,1536.0
0,20190411.0,목,율곡로(안국역),A-05,유출,안국동사거리->안국역,20474.0,37.57651,126.9876,15시,1462.0
0,20190411.0,목,율곡로(안국역),A-05,유출,안국동사거리->안국역,20474.0,37.57651,126.9876,16시,1599.0
0,20190411.0,목,율곡로(안국역),A-05,유출,안국동사거리->안국역,20474.0,37.57651,126.9876,17시,1626.0
0,20190411.0,목,율곡로(안국역),A-05,유출,안국동사거리->안국역,20474.0,37.57651,126.9876,18시,1593.0
0,20190411.0,목,율곡로(안국역),A-05,유출,안국동사거리->안국역,20474.0,37.57651,126.9876,19시,1568.0
0,20190411.0,목,율곡로(안국역),A-05,유출,안국동사거리->안국역,20474.0,37.57651,126.9876,20시,1344.0
0,20190412.0,금,율곡로(안국역),A-05,유출,안국동사거리->안국역,20845.0,37.57651,126.9876,8시,1579.0
0,20190412.0,금,율곡로(안국역),A-05,유출,안국동사거리->안국역,20845.0,37.57651,126.9876,9시,1756.0
0,20190412.0,금,율곡로(안국역),A-05,유출,안국동사거리->안국역,20845.0,37.57651,126.9876,10시,1741.0
0,20190412.0,금,율곡로(안국역),A-05,유출,안국동사거리->안국역,20845.0,37.57651,126.9876,11시,1688.0
0,20190412.0,금,율곡로(안국역),A-05,유출,안국동사거리->안국역,20845.0,37.57651,126.9876,12시,1667.0
0,20190412.0,금,율곡로(안국역),A-05,유출,안국동사거리->안국역,20845.0,37.57651,126.9876,13시,1569.0
0,20190412.0,금,율곡로(안국역),A-05,유출,안국동사거리->안국역,20845.0,37.57651,126.9876,14시,1715.0
0,20190412.0,금,율곡로(안국역),A-05,유출,안국동사거리->안국역,20845.0,37.57651,126.9876,15시,1552.0
0,20190412.0,금,율곡로(안국역),A-05,유출,안국동사거리->안국역,20845.0,37.57651,126.9876,16시,1542.0
0,20190412.0,금,율곡로(안국역),A-05,유출,안국동사거리->안국역,20845.0,37.57651,126.9876,17시,1576.0
0,20190412.0,금,율곡로(안국역),A-05,유출,안국동사거리->안국역,20845.0,37.57651,126.9876,18시,1510.0
0,20190412.0,금,율곡로(안국역),A-05,유출,안국동사거리->안국역,20845.0,37.57651,126.9876,19시,1497.0
0,20190412.0,금,율곡로(안국역),A-05,유출,안국동사거리->안국역,20845.0,37.57651,126.9876,20시,1453.0
0,20190413.0,토,율곡로(안국역),A-05,유출,안국동사거리->안국역,16882.0,37.57651,126.9876,8시,1356.0
0,20190413.0,토,율곡로(안국역),A-05,유출,안국동사거리->안국역,16882.0,37.57651,126.9876,9시,1501.0
0,20190413.0,토,율곡로(안국역),A-05,유출,안국동사거리->안국역,16882.0,37.57651,126.9876,10시,1695.0
0,20190413.0,토,율곡로(안국역),A-05,유출,안국동사거리->안국역,16882.0,37.57651,126.9876,11시,1450.0
0,20190413.0,토,율곡로(안국역),A-05,유출,안국동사거리->안국역,16882.0,37.57651,126.9876,12시,1376.0
0,20190413.0,토,율곡로(안국역),A-05,유출,안국동사거리->안국역,16882.0,37.57651,126.9876,13시,1444.0
0,20190413.0,토,율곡로(안국역),A-05,유출,안국동사거리->안국역,16882.0,37.57651,126.9876,14시,1213.0
0,20190413.0,토,율곡로(안국역),A-05,유출,안국동사거리->안국역,16882.0,37.57651,126.9876,15시,1269.0
0,20190413.0,토,율곡로(안국역),A-05,유출,안국동사거리->안국역,16882.0,37.57651,126.9876,16시,831.0
0,20190413.0,토,율곡로(안국역),A-05,유출,안국동사거리->안국역,16882.0,37.57651,126.9876,17시,925.0
0,20190413.0,토,율곡로(안국역),A-05,유출,안국동사거리->안국역,16882.0,37.57651,126.9876,18시,1238.0
0,20190413.0,토,율곡로(안국역),A-05,유출,안국동사거리->안국역,16882.0,37.57651,126.9876,19시,1321.0
0,20190413.0,토,율곡로(안국역),A-05,유출,안국동사거리->안국역,16882.0,37.57651,126.9876,20시,1263.0
0,20190414.0,일,율곡로(안국역),A-05,유출,안국동사거리->안국역,17626.0,37.57651,126.9876,8시,838.0
0,20190414.0,일,율곡로(안국역),A-05,유출,안국동사거리->안국역,17626.0,37.57651,126.9876,9시,1108.0
0,20190414.0,일,율곡로(안국역),A-05,유출,안국동사거리->안국역,17626.0,37.57651,126.9876,10시,1303.0
0,20190414.0,일,율곡로(안국역),A-05,유출,안국동사거리->안국역,17626.0,37.57651,126.9876,11시,1407.0
0,20190414.0,일,율곡로(안국역),A-05,유출,안국동사거리->안국역,17626.0,37.57651,126.9876,12시,1465.0
0,20190414.0,일,율곡로(안국역),A-05,유출,안국동사거리->안국역,17626.0,37.57651,126.9876,13시,1454.0
0,20190414.0,일,율곡로(안국역),A-05,유출,안국동사거리->안국역,17626.0,37.57651,126.9876,14시,1613.0
0,20190414.0,일,율곡로(안국역),A-05,유출,안국동사거리->안국역,17626.0,37.57651,126.9876,15시,1545.0
0,20190414.0,일,율곡로(안국역),A-05,유출,안국동사거리->안국역,17626.0,37.57651,126.9876,16시,1603.0
0,20190414.0,일,율곡로(안국역),A-05,유출,안국동사거리->안국역,17626.0,37.57651,126.9876,17시,1517.0
0,20190414.0,일,율곡로(안국역),A-05,유출,안국동사거리->안국역,17626.0,37.57651,126.9876,18시,1379.0
0,20190414.0,일,율곡로(안국역),A-05,유출,안국동사거리->안국역,17626.0,37.57651,126.9876,19시,1272.0
0,20190414.0,일,율곡로(안국역),A-05,유출,안국동사거리->안국역,17626.0,37.57651,126.9876,20시,1122.0
0,20190415.0,월,율곡로(안국역),A-05,유출,안국동사거리->안국역,20422.0,37.57651,126.9876,8시,1596.0
0,20190415.0,월,율곡로(안국역),A-05,유출,안국동사거리->안국역,20422.0,37.57651,126.9876,9시,1650.0
0,20190415.0,월,율곡로(안국역),A-05,유출,안국동사거리->안국역,20422.0,37.57651,126.9876,10시,1627.0
0,20190415.0,월,율곡로(안국역),A-05,유출,안국동사거리->안국역,20422.0,37.57651,126.9876,11시,1598.0
0,20190415.0,월,율곡로(안국역),A-05,유출,안국동사거리->안국역,20422.0,37.57651,126.9876,12시,1640.0
0,20190415.0,월,율곡로(안국역),A-05,유출,안국동사거리->안국역,20422.0,37.57651,126.9876,13시,1678.0
0,20190415.0,월,율곡로(안국역),A-05,유출,안국동사거리->안국역,20422.0,37.57651,126.9876,14시,1649.0
0,20190415.0,월,율곡로(안국역),A-05,유출,안국동사거리->안국역,20422.0,37.57651,126.9876,15시,1520.0
0,20190415.0,월,율곡로(안국역),A-05,유출,안국동사거리->안국역,20422.0,37.57651,126.9876,16시,1594.0
0,20190415.0,월,율곡로(안국역),A-05,유출,안국동사거리->안국역,20422.0,37.57651,126.9876,17시,1661.0
0,20190415.0,월,율곡로(안국역),A-05,유출,안국동사거리->안국역,20422.0,37.57651,126.9876,18시,1339.0
0,20190415.0,월,율곡로(안국역),A-05,유출,안국동사거리->안국역,20422.0,37.57651,126.9876,19시,1576.0
0,20190415.0,월,율곡로(안국역),A-05,유출,안국동사거리->안국역,20422.0,37.57651,126.9876,20시,1294.0
0,20190416.0,화,율곡로(안국역),A-05,유출,안국동사거리->안국역,20722.0,37.57651,126.9876,8시,1682.0
0,20190416.0,화,율곡로(안국역),A-05,유출,안국동사거리->안국역,20722.0,37.57651,126.9876,9시,1721.0
0,20190416.0,화,율곡로(안국역),A-05,유출,안국동사거리->안국역,20722.0,37.57651,126.9876,10시,1713.0
0,20190416.0,화,율곡로(안국역),A-05,유출,안국동사거리->안국역,20722.0,37.57651,126.9876,11시,1610.0
0,20190416.0,화,율곡로(안국역),A-05,유출,안국동사거리->안국역,20722.0,37.57651,126.9876,12시,1604.0
0,20190416.0,화,율곡로(안국역),A-05,유출,안국동사거리->안국역,20722.0,37.57651,126.9876,13시,1645.0
0,20190416.0,화,율곡로(안국역),A-05,유출,안국동사거리->안국역,20722.0,37.57651,126.9876,14시,1508.0
0,20190416.0,화,율곡로(안국역),A-05,유출,안국동사거리->안국역,20722.0,37.57651,126.9876,15시,1566.0
0,20190416.0,화,율곡로(안국역),A-05,유출,안국동사거리->안국역,20722.0,37.57651,126.9876,16시,1582.0
0,20190416.0,화,율곡로(안국역),A-05,유출,안국동사거리->안국역,20722.0,37.57651,126.9876,17시,1555.0
0,20190416.0,화,율곡로(안국역),A-05,유출,안국동사거리->안국역,20722.0,37.57651,126.9876,18시,1558.0
0,20190416.0,화,율곡로(안국역),A-05,유출,안국동사거리->안국역,20722.0,37.57651,126.9876,19시,1554.0
0,20190416.0,화,율곡로(안국역),A-05,유출,안국동사거리->안국역,20722.0,37.57651,126.9876,20시,1424.0
0,20190417.0,수,율곡로(안국역),A-05,유출,안국동사거리->안국역,20199.0,37.57651,126.9876,8시,1545.0
0,20190417.0,수,율곡로(안국역),A-05,유출,안국동사거리->안국역,20199.0,37.57651,126.9876,9시,1680.0
0,20190417.0,수,율곡로(안국역),A-05,유출,안국동사거리->안국역,20199.0,37.57651,126.9876,10시,1781.0
0,20190417.0,수,율곡로(안국역),A-05,유출,안국동사거리->안국역,20199.0,37.57651,126.9876,11시,1545.0
0,20190417.0,수,율곡로(안국역),A-05,유출,안국동사거리->안국역,20199.0,37.57651,126.9876,12시,1563.0
0,20190417.0,수,율곡로(안국역),A-05,유출,안국동사거리->안국역,20199.0,37.57651,126.9876,13시,1575.0
0,20190417.0,수,율곡로(안국역),A-05,유출,안국동사거리->안국역,20199.0,37.57651,126.9876,14시,1542.0
0,20190417.0,수,율곡로(안국역),A-05,유출,안국동사거리->안국역,20199.0,37.57651,126.9876,15시,1590.0
0,20190417.0,수,율곡로(안국역),A-05,유출,안국동사거리->안국역,20199.0,37.57651,126.9876,16시,1580.0
0,20190417.0,수,율곡로(안국역),A-05,유출,안국동사거리->안국역,20199.0,37.57651,126.9876,17시,1481.0
0,20190417.0,수,율곡로(안국역),A-05,유출,안국동사거리->안국역,20199.0,37.57651,126.9876,18시,1506.0
0,20190417.0,수,율곡로(안국역),A-05,유출,안국동사거리->안국역,20199.0,37.57651,126.9876,19시,1516.0
0,20190417.0,수,율곡로(안국역),A-05,유출,안국동사거리->안국역,20199.0,37.57651,126.9876,20시,1295.0
0,20190418.0,목,율곡로(안국역),A-05,유출,안국동사거리->안국역,20936.0,37.57651,126.9876,8시,1654.0
0,20190418.0,목,율곡로(안국역),A-05,유출,안국동사거리->안국역,20936.0,37.57651,126.9876,9시,1665.0
0,20190418.0,목,율곡로(안국역),A-05,유출,안국동사거리->안국역,20936.0,37.57651,126.9876,10시,1756.0
0,20190418.0,목,율곡로(안국역),A-05,유출,안국동사거리->안국역,20936.0,37.57651,126.9876,11시,1682.0
0,20190418.0,목,율곡로(안국역),A-05,유출,안국동사거리->안국역,20936.0,37.57651,126.9876,12시,1658.0
0,20190418.0,목,율곡로(안국역),A-05,유출,안국동사거리->안국역,20936.0,37.57651,126.9876,13시,1541.0
0,20190418.0,목,율곡로(안국역),A-05,유출,안국동사거리->안국역,20936.0,37.57651,126.9876,14시,1592.0
0,20190418.0,목,율곡로(안국역),A-05,유출,안국동사거리->안국역,20936.0,37.57651,126.9876,15시,1600.0
0,20190418.0,목,율곡로(안국역),A-05,유출,안국동사거리->안국역,20936.0,37.57651,126.9876,16시,1637.0
0,20190418.0,목,율곡로(안국역),A-05,유출,안국동사거리->안국역,20936.0,37.57651,126.9876,17시,1646.0
0,20190418.0,목,율곡로(안국역),A-05,유출,안국동사거리->안국역,20936.0,37.57651,126.9876,18시,1589.0
0,20190418.0,목,율곡로(안국역),A-05,유출,안국동사거리->안국역,20936.0,37.57651,126.9876,19시,1548.0
0,20190418.0,목,율곡로(안국역),A-05,유출,안국동사거리->안국역,20936.0,37.57651,126.9876,20시,1368.0
0,20190419.0,금,율곡로(안국역),A-05,유출,안국동사거리->안국역,20129.0,37.57651,126.9876,8시,1632.0
0,20190419.0,금,율곡로(안국역),A-05,유출,안국동사거리->안국역,20129.0,37.57651,126.9876,9시,1674.0
0,20190419.0,금,율곡로(안국역),A-05,유출,안국동사거리->안국역,20129.0,37.57651,126.9876,10시,1711.0
0,20190419.0,금,율곡로(안국역),A-05,유출,안국동사거리->안국역,20129.0,37.57651,126.9876,11시,1724.0
0,20190419.0,금,율곡로(안국역),A-05,유출,안국동사거리->안국역,20129.0,37.57651,126.9876,12시,1540.0
0,20190419.0,금,율곡로(안국역),A-05,유출,안국동사거리->안국역,20129.0,37.57651,126.9876,13시,1631.0
0,20190419.0,금,율곡로(안국역),A-05,유출,안국동사거리->안국역,20129.0,37.57651,126.9876,14시,1582.0
0,20190419.0,금,율곡로(안국역),A-05,유출,안국동사거리->안국역,20129.0,37.57651,126.9876,15시,1434.0
0,20190419.0,금,율곡로(안국역),A-05,유출,안국동사거리->안국역,20129.0,37.57651,126.9876,16시,1430.0
0,20190419.0,금,율곡로(안국역),A-05,유출,안국동사거리->안국역,20129.0,37.57651,126.9876,17시,1556.0
0,20190419.0,금,율곡로(안국역),A-05,유출,안국동사거리->안국역,20129.0,37.57651,126.9876,18시,1301.0
0,20190419.0,금,율곡로(안국역),A-05,유출,안국동사거리->안국역,20129.0,37.57651,126.9876,19시,1501.0
0,20190419.0,금,율곡로(안국역),A-05,유출,안국동사거리->안국역,20129.0,37.57651,126.9876,20시,1413.0
0,20190420.0,토,율곡로(안국역),A-05,유출,안국동사거리->안국역,18683.0,37.57651,126.9876,8시,1248.0
0,20190420.0,토,율곡로(안국역),A-05,유출,안국동사거리->안국역,18683.0,37.57651,126.9876,9시,1477.0
0,20190420.0,토,율곡로(안국역),A-05,유출,안국동사거리->안국역,18683.0,37.57651,126.9876,10시,1571.0
0,20190420.0,토,율곡로(안국역),A-05,유출,안국동사거리->안국역,18683.0,37.57651,126.9876,11시,1472.0
0,20190420.0,토,율곡로(안국역),A-05,유출,안국동사거리->안국역,18683.0,37.57651,126.9876,12시,1560.0
0,20190420.0,토,율곡로(안국역),A-05,유출,안국동사거리->안국역,18683.0,37.57651,126.9876,13시,1520.0
0,20190420.0,토,율곡로(안국역),A-05,유출,안국동사거리->안국역,18683.0,37.57651,126.9876,14시,1537.0
0,20190420.0,토,율곡로(안국역),A-05,유출,안국동사거리->안국역,18683.0,37.57651,126.9876,15시,1404.0
0,20190420.0,토,율곡로(안국역),A-05,유출,안국동사거리->안국역,18683.0,37.57651,126.9876,16시,1356.0
0,20190420.0,토,율곡로(안국역),A-05,유출,안국동사거리->안국역,18683.0,37.57651,126.9876,17시,1467.0
0,20190420.0,토,율곡로(안국역),A-05,유출,안국동사거리->안국역,18683.0,37.57651,126.9876,18시,1431.0
0,20190420.0,토,율곡로(안국역),A-05,유출,안국동사거리->안국역,18683.0,37.57651,126.9876,19시,1399.0
0,20190420.0,토,율곡로(안국역),A-05,유출,안국동사거리->안국역,18683.0,37.57651,126.9876,20시,1241.0
0,20190421.0,일,율곡로(안국역),A-05,유출,안국동사거리->안국역,18601.0,37.57651,126.9876,8시,843.0
0,20190421.0,일,율곡로(안국역),A-05,유출,안국동사거리->안국역,18601.0,37.57651,126.9876,9시,1140.0
0,20190421.0,일,율곡로(안국역),A-05,유출,안국동사거리->안국역,18601.0,37.57651,126.9876,10시,1411.0
0,20190421.0,일,율곡로(안국역),A-05,유출,안국동사거리->안국역,18601.0,37.57651,126.9876,11시,1534.0
0,20190421.0,일,율곡로(안국역),A-05,유출,안국동사거리->안국역,18601.0,37.57651,126.9876,12시,1464.0
0,20190421.0,일,율곡로(안국역),A-05,유출,안국동사거리->안국역,18601.0,37.57651,126.9876,13시,1640.0
0,20190421.0,일,율곡로(안국역),A-05,유출,안국동사거리->안국역,18601.0,37.57651,126.9876,14시,1665.0
0,20190421.0,일,율곡로(안국역),A-05,유출,안국동사거리->안국역,18601.0,37.57651,126.9876,15시,1642.0
0,20190421.0,일,율곡로(안국역),A-05,유출,안국동사거리->안국역,18601.0,37.57651,126.9876,16시,1606.0
0,20190421.0,일,율곡로(안국역),A-05,유출,안국동사거리->안국역,18601.0,37.57651,126.9876,17시,1586.0
0,20190421.0,일,율곡로(안국역),A-05,유출,안국동사거리->안국역,18601.0,37.57651,126.9876,18시,1525.0
0,20190421.0,일,율곡로(안국역),A-05,유출,안국동사거리->안국역,18601.0,37.57651,126.9876,19시,1370.0
0,20190421.0,일,율곡로(안국역),A-05,유출,안국동사거리->안국역,18601.0,37.57651,126.9876,20시,1175.0
0,20190422.0,월,율곡로(안국역),A-05,유출,안국동사거리->안국역,20204.0,37.57651,126.9876,8시,1534.0
0,20190422.0,월,율곡로(안국역),A-05,유출,안국동사거리->안국역,20204.0,37.57651,126.9876,9시,1706.0
0,20190422.0,월,율곡로(안국역),A-05,유출,안국동사거리->안국역,20204.0,37.57651,126.9876,10시,1732.0
0,20190422.0,월,율곡로(안국역),A-05,유출,안국동사거리->안국역,20204.0,37.57651,126.9876,11시,1636.0
0,20190422.0,월,율곡로(안국역),A-05,유출,안국동사거리->안국역,20204.0,37.57651,126.9876,12시,1641.0
0,20190422.0,월,율곡로(안국역),A-05,유출,안국동사거리->안국역,20204.0,37.57651,126.9876,13시,1552.0
0,20190422.0,월,율곡로(안국역),A-05,유출,안국동사거리->안국역,20204.0,37.57651,126.9876,14시,1615.0
0,20190422.0,월,율곡로(안국역),A-05,유출,안국동사거리->안국역,20204.0,37.57651,126.9876,15시,1509.0
0,20190422.0,월,율곡로(안국역),A-05,유출,안국동사거리->안국역,20204.0,37.57651,126.9876,16시,1521.0
0,20190422.0,월,율곡로(안국역),A-05,유출,안국동사거리->안국역,20204.0,37.57651,126.9876,17시,1501.0
0,20190422.0,월,율곡로(안국역),A-05,유출,안국동사거리->안국역,20204.0,37.57651,126.9876,18시,1493.0
0,20190422.0,월,율곡로(안국역),A-05,유출,안국동사거리->안국역,20204.0,37.57651,126.9876,19시,1415.0
0,20190422.0,월,율곡로(안국역),A-05,유출,안국동사거리->안국역,20204.0,37.57651,126.9876,20시,1349.0
0,20190423.0,화,율곡로(안국역),A-05,유출,안국동사거리->안국역,20253.0,37.57651,126.9876,8시,1547.0
0,20190423.0,화,율곡로(안국역),A-05,유출,안국동사거리->안국역,20253.0,37.57651,126.9876,9시,1602.0
0,20190423.0,화,율곡로(안국역),A-05,유출,안국동사거리->안국역,20253.0,37.57651,126.9876,10시,1678.0
0,20190423.0,화,율곡로(안국역),A-05,유출,안국동사거리->안국역,20253.0,37.57651,126.9876,11시,1710.0
0,20190423.0,화,율곡로(안국역),A-05,유출,안국동사거리->안국역,20253.0,37.57651,126.9876,12시,1552.0
0,20190423.0,화,율곡로(안국역),A-05,유출,안국동사거리->안국역,20253.0,37.57651,126.9876,13시,1611.0
0,20190423.0,화,율곡로(안국역),A-05,유출,안국동사거리->안국역,20253.0,37.57651,126.9876,14시,1562.0
0,20190423.0,화,율곡로(안국역),A-05,유출,안국동사거리->안국역,20253.0,37.57651,126.9876,15시,1580.0
0,20190423.0,화,율곡로(안국역),A-05,유출,안국동사거리->안국역,20253.0,37.57651,126.9876,16시,1529.0
0,20190423.0,화,율곡로(안국역),A-05,유출,안국동사거리->안국역,20253.0,37.57651,126.9876,17시,1528.0
0,20190423.0,화,율곡로(안국역),A-05,유출,안국동사거리->안국역,20253.0,37.57651,126.9876,18시,1623.0
0,20190423.0,화,율곡로(안국역),A-05,유출,안국동사거리->안국역,20253.0,37.57651,126.9876,19시,1468.0
0,20190423.0,화,율곡로(안국역),A-05,유출,안국동사거리->안국역,20253.0,37.57651,126.9876,20시,1263.0
0,20190424.0,수,율곡로(안국역),A-05,유출,안국동사거리->안국역,20789.0,37.57651,126.9876,8시,1549.0
0,20190424.0,수,율곡로(안국역),A-05,유출,안국동사거리->안국역,20789.0,37.57651,126.9876,9시,1742.0
0,20190424.0,수,율곡로(안국역),A-05,유출,안국동사거리->안국역,20789.0,37.57651,126.9876,10시,1649.0
0,20190424.0,수,율곡로(안국역),A-05,유출,안국동사거리->안국역,20789.0,37.57651,126.9876,11시,1696.0
0,20190424.0,수,율곡로(안국역),A-05,유출,안국동사거리->안국역,20789.0,37.57651,126.9876,12시,1639.0
0,20190424.0,수,율곡로(안국역),A-05,유출,안국동사거리->안국역,20789.0,37.57651,126.9876,13시,1643.0
0,20190424.0,수,율곡로(안국역),A-05,유출,안국동사거리->안국역,20789.0,37.57651,126.9876,14시,1607.0
0,20190424.0,수,율곡로(안국역),A-05,유출,안국동사거리->안국역,20789.0,37.57651,126.9876,15시,1531.0
0,20190424.0,수,율곡로(안국역),A-05,유출,안국동사거리->안국역,20789.0,37.57651,126.9876,16시,1618.0
0,20190424.0,수,율곡로(안국역),A-05,유출,안국동사거리->안국역,20789.0,37.57651,126.9876,17시,1650.0
0,20190424.0,수,율곡로(안국역),A-05,유출,안국동사거리->안국역,20789.0,37.57651,126.9876,18시,1545.0
0,20190424.0,수,율곡로(안국역),A-05,유출,안국동사거리->안국역,20789.0,37.57651,126.9876,19시,1543.0
0,20190424.0,수,율곡로(안국역),A-05,유출,안국동사거리->안국역,20789.0,37.57651,126.9876,20시,1377.0
0,20190425.0,목,율곡로(안국역),A-05,유출,안국동사거리->안국역,20417.0,37.57651,126.9876,8시,1563.0
0,20190425.0,목,율곡로(안국역),A-05,유출,안국동사거리->안국역,20417.0,37.57651,126.9876,9시,1643.0
0,20190425.0,목,율곡로(안국역),A-05,유출,안국동사거리->안국역,20417.0,37.57651,126.9876,10시,1700.0
0,20190425.0,목,율곡로(안국역),A-05,유출,안국동사거리->안국역,20417.0,37.57651,126.9876,11시,1609.0
0,20190425.0,목,율곡로(안국역),A-05,유출,안국동사거리->안국역,20417.0,37.57651,126.9876,12시,1594.0
0,20190425.0,목,율곡로(안국역),A-05,유출,안국동사거리->안국역,20417.0,37.57651,126.9876,13시,1567.0
0,20190425.0,목,율곡로(안국역),A-05,유출,안국동사거리->안국역,20417.0,37.57651,126.9876,14시,1641.0
0,20190425.0,목,율곡로(안국역),A-05,유출,안국동사거리->안국역,20417.0,37.57651,126.9876,15시,1559.0
0,20190425.0,목,율곡로(안국역),A-05,유출,안국동사거리->안국역,20417.0,37.57651,126.9876,16시,1530.0
0,20190425.0,목,율곡로(안국역),A-05,유출,안국동사거리->안국역,20417.0,37.57651,126.9876,17시,1556.0
0,20190425.0,목,율곡로(안국역),A-05,유출,안국동사거리->안국역,20417.0,37.57651,126.9876,18시,1573.0
0,20190425.0,목,율곡로(안국역),A-05,유출,안국동사거리->안국역,20417.0,37.57651,126.9876,19시,1541.0
0,20190425.0,목,율곡로(안국역),A-05,유출,안국동사거리->안국역,20417.0,37.57651,126.9876,20시,1341.0
0,20190426.0,금,율곡로(안국역),A-05,유출,안국동사거리->안국역,20462.0,37.57651,126.9876,8시,1500.0
0,20190426.0,금,율곡로(안국역),A-05,유출,안국동사거리->안국역,20462.0,37.57651,126.9876,9시,1684.0
0,20190426.0,금,율곡로(안국역),A-05,유출,안국동사거리->안국역,20462.0,37.57651,126.9876,10시,1714.0
0,20190426.0,금,율곡로(안국역),A-05,유출,안국동사거리->안국역,20462.0,37.57651,126.9876,11시,1797.0
0,20190426.0,금,율곡로(안국역),A-05,유출,안국동사거리->안국역,20462.0,37.57651,126.9876,12시,1696.0
0,20190426.0,금,율곡로(안국역),A-05,유출,안국동사거리->안국역,20462.0,37.57651,126.9876,13시,1650.0
0,20190426.0,금,율곡로(안국역),A-05,유출,안국동사거리->안국역,20462.0,37.57651,126.9876,14시,1473.0
0,20190426.0,금,율곡로(안국역),A-05,유출,안국동사거리->안국역,20462.0,37.57651,126.9876,15시,1562.0
0,20190426.0,금,율곡로(안국역),A-05,유출,안국동사거리->안국역,20462.0,37.57651,126.9876,16시,1456.0
0,20190426.0,금,율곡로(안국역),A-05,유출,안국동사거리->안국역,20462.0,37.57651,126.9876,17시,1388.0
0,20190426.0,금,율곡로(안국역),A-05,유출,안국동사거리->안국역,20462.0,37.57651,126.9876,18시,1568.0
0,20190426.0,금,율곡로(안국역),A-05,유출,안국동사거리->안국역,20462.0,37.57651,126.9876,19시,1482.0
0,20190426.0,금,율곡로(안국역),A-05,유출,안국동사거리->안국역,20462.0,37.57651,126.9876,20시,1492.0
0,20190427.0,토,율곡로(안국역),A-05,유출,안국동사거리->안국역,17585.0,37.57651,126.9876,8시,1253.0
0,20190427.0,토,율곡로(안국역),A-05,유출,안국동사거리->안국역,17585.0,37.57651,126.9876,9시,1472.0
0,20190427.0,토,율곡로(안국역),A-05,유출,안국동사거리->안국역,17585.0,37.57651,126.9876,10시,1471.0
0,20190427.0,토,율곡로(안국역),A-05,유출,안국동사거리->안국역,17585.0,37.57651,126.9876,11시,1308.0
0,20190427.0,토,율곡로(안국역),A-05,유출,안국동사거리->안국역,17585.0,37.57651,126.9876,12시,1280.0
0,20190427.0,토,율곡로(안국역),A-05,유출,안국동사거리->안국역,17585.0,37.57651,126.9876,13시,1353.0
0,20190427.0,토,율곡로(안국역),A-05,유출,안국동사거리->안국역,17585.0,37.57651,126.9876,14시,1206.0
0,20190427.0,토,율곡로(안국역),A-05,유출,안국동사거리->안국역,17585.0,37.57651,126.9876,15시,1178.0
0,20190427.0,토,율곡로(안국역),A-05,유출,안국동사거리->안국역,17585.0,37.57651,126.9876,16시,1436.0
0,20190427.0,토,율곡로(안국역),A-05,유출,안국동사거리->안국역,17585.0,37.57651,126.9876,17시,1364.0
0,20190427.0,토,율곡로(안국역),A-05,유출,안국동사거리->안국역,17585.0,37.57651,126.9876,18시,1469.0
0,20190427.0,토,율곡로(안국역),A-05,유출,안국동사거리->안국역,17585.0,37.57651,126.9876,19시,1440.0
0,20190427.0,토,율곡로(안국역),A-05,유출,안국동사거리->안국역,17585.0,37.57651,126.9876,20시,1355.0
0,20190428.0,일,율곡로(안국역),A-05,유출,안국동사거리->안국역,18044.0,37.57651,126.9876,8시,1014.0
0,20190428.0,일,율곡로(안국역),A-05,유출,안국동사거리->안국역,18044.0,37.57651,126.9876,9시,1070.0
0,20190428.0,일,율곡로(안국역),A-05,유출,안국동사거리->안국역,18044.0,37.57651,126.9876,10시,1263.0
0,20190428.0,일,율곡로(안국역),A-05,유출,안국동사거리->안국역,18044.0,37.57651,126.9876,11시,1359.0
0,20190428.0,일,율곡로(안국역),A-05,유출,안국동사거리->안국역,18044.0,37.57651,126.9876,12시,1449.0
0,20190428.0,일,율곡로(안국역),A-05,유출,안국동사거리->안국역,18044.0,37.57651,126.9876,13시,1556.0
0,20190428.0,일,율곡로(안국역),A-05,유출,안국동사거리->안국역,18044.0,37.57651,126.9876,14시,1680.0
0,20190428.0,일,율곡로(안국역),A-05,유출,안국동사거리->안국역,18044.0,37.57651,126.9876,15시,1611.0
0,20190428.0,일,율곡로(안국역),A-05,유출,안국동사거리->안국역,18044.0,37.57651,126.9876,16시,1584.0
0,20190428.0,일,율곡로(안국역),A-05,유출,안국동사거리->안국역,18044.0,37.57651,126.9876,17시,1562.0
0,20190428.0,일,율곡로(안국역),A-05,유출,안국동사거리->안국역,18044.0,37.57651,126.9876,18시,1381.0
0,20190428.0,일,율곡로(안국역),A-05,유출,안국동사거리->안국역,18044.0,37.57651,126.9876,19시,1285.0
0,20190428.0,일,율곡로(안국역),A-05,유출,안국동사거리->안국역,18044.0,37.57651,126.9876,20시,1230.0
0,20190429.0,월,율곡로(안국역),A-05,유출,안국동사거리->안국역,20365.0,37.57651,126.9876,8시,1569.0
0,20190429.0,월,율곡로(안국역),A-05,유출,안국동사거리->안국역,20365.0,37.57651,126.9876,9시,1336.0
0,20190429.0,월,율곡로(안국역),A-05,유출,안국동사거리->안국역,20365.0,37.57651,126.9876,10시,1716.0
0,20190429.0,월,율곡로(안국역),A-05,유출,안국동사거리->안국역,20365.0,37.57651,126.9876,11시,1733.0
0,20190429.0,월,율곡로(안국역),A-05,유출,안국동사거리->안국역,20365.0,37.57651,126.9876,12시,1642.0
0,20190429.0,월,율곡로(안국역),A-05,유출,안국동사거리->안국역,20365.0,37.57651,126.9876,13시,1686.0
0,20190429.0,월,율곡로(안국역),A-05,유출,안국동사거리->안국역,20365.0,37.57651,126.9876,14시,1616.0
0,20190429.0,월,율곡로(안국역),A-05,유출,안국동사거리->안국역,20365.0,37.57651,126.9876,15시,1545.0
0,20190429.0,월,율곡로(안국역),A-05,유출,안국동사거리->안국역,20365.0,37.57651,126.9876,16시,1546.0
0,20190429.0,월,율곡로(안국역),A-05,유출,안국동사거리->안국역,20365.0,37.57651,126.9876,17시,1634.0
0,20190429.0,월,율곡로(안국역),A-05,유출,안국동사거리->안국역,20365.0,37.57651,126.9876,18시,1513.0
0,20190429.0,월,율곡로(안국역),A-05,유출,안국동사거리->안국역,20365.0,37.57651,126.9876,19시,1560.0
0,20190429.0,월,율곡로(안국역),A-05,유출,안국동사거리->안국역,20365.0,37.57651,126.9876,20시,1269.0
0,20190430.0,화,율곡로(안국역),A-05,유출,안국동사거리->안국역,20200.0,37.57651,126.9876,8시,1656.0
0,20190430.0,화,율곡로(안국역),A-05,유출,안국동사거리->안국역,20200.0,37.57651,126.9876,9시,1616.0
0,20190430.0,화,율곡로(안국역),A-05,유출,안국동사거리->안국역,20200.0,37.57651,126.9876,10시,1646.0
0,20190430.0,화,율곡로(안국역),A-05,유출,안국동사거리->안국역,20200.0,37.57651,126.9876,11시,1658.0
0,20190430.0,화,율곡로(안국역),A-05,유출,안국동사거리->안국역,20200.0,37.57651,126.9876,12시,1625.0
0,20190430.0,화,율곡로(안국역),A-05,유출,안국동사거리->안국역,20200.0,37.57651,126.9876,13시,1611.0
0,20190430.0,화,율곡로(안국역),A-05,유출,안국동사거리->안국역,20200.0,37.57651,126.9876,14시,1338.0
0,20190430.0,화,율곡로(안국역),A-05,유출,안국동사거리->안국역,20200.0,37.57651,126.9876,15시,1561.0
0,20190430.0,화,율곡로(안국역),A-05,유출,안국동사거리->안국역,20200.0,37.57651,126.9876,16시,1575.0
0,20190430.0,화,율곡로(안국역),A-05,유출,안국동사거리->안국역,20200.0,37.57651,126.9876,17시,1342.0
0,20190430.0,화,율곡로(안국역),A-05,유출,안국동사거리->안국역,20200.0,37.57651,126.9876,18시,1568.0
0,20190430.0,화,율곡로(안국역),A-05,유출,안국동사거리->안국역,20200.0,37.57651,126.9876,19시,1611.0
0,20190430.0,화,율곡로(안국역),A-05,유출,안국동사거리->안국역,20200.0,37.57651,126.9876,20시,1393.0
0,20190501.0,수,율곡로(안국역),A-05,유입,안국역->안국동사거리,16608.0,37.57651,126.9876,8시,1103.0
0,20190501.0,수,율곡로(안국역),A-05,유입,안국역->안국동사거리,16608.0,37.57651,126.9876,9시,1286.0
0,20190501.0,수,율곡로(안국역),A-05,유입,안국역->안국동사거리,16608.0,37.57651,126.9876,10시,1310.0
0,20190501.0,수,율곡로(안국역),A-05,유입,안국역->안국동사거리,16608.0,37.57651,126.9876,11시,1445.0
0,20190501.0,수,율곡로(안국역),A-05,유입,안국역->안국동사거리,16608.0,37.57651,126.9876,12시,1469.0
0,20190501.0,수,율곡로(안국역),A-05,유입,안국역->안국동사거리,16608.0,37.57651,126.9876,13시,1446.0
0,20190501.0,수,율곡로(안국역),A-05,유입,안국역->안국동사거리,16608.0,37.57651,126.9876,14시,1428.0
0,20190501.0,수,율곡로(안국역),A-05,유입,안국역->안국동사거리,16608.0,37.57651,126.9876,15시,1209.0
0,20190501.0,수,율곡로(안국역),A-05,유입,안국역->안국동사거리,16608.0,37.57651,126.9876,16시,1254.0
0,20190501.0,수,율곡로(안국역),A-05,유입,안국역->안국동사거리,16608.0,37.57651,126.9876,17시,1443.0
0,20190501.0,수,율곡로(안국역),A-05,유입,안국역->안국동사거리,16608.0,37.57651,126.9876,18시,1148.0
0,20190501.0,수,율곡로(안국역),A-05,유입,안국역->안국동사거리,16608.0,37.57651,126.9876,19시,1063.0
0,20190501.0,수,율곡로(안국역),A-05,유입,안국역->안국동사거리,16608.0,37.57651,126.9876,20시,1004.0
0,20190502.0,목,율곡로(안국역),A-05,유입,안국역->안국동사거리,19767.0,37.57651,126.9876,8시,1687.0
0,20190502.0,목,율곡로(안국역),A-05,유입,안국역->안국동사거리,19767.0,37.57651,126.9876,9시,1645.0
0,20190502.0,목,율곡로(안국역),A-05,유입,안국역->안국동사거리,19767.0,37.57651,126.9876,10시,1622.0
0,20190502.0,목,율곡로(안국역),A-05,유입,안국역->안국동사거리,19767.0,37.57651,126.9876,11시,1629.0
0,20190502.0,목,율곡로(안국역),A-05,유입,안국역->안국동사거리,19767.0,37.57651,126.9876,12시,1559.0
0,20190502.0,목,율곡로(안국역),A-05,유입,안국역->안국동사거리,19767.0,37.57651,126.9876,13시,1560.0
0,20190502.0,목,율곡로(안국역),A-05,유입,안국역->안국동사거리,19767.0,37.57651,126.9876,14시,1576.0
0,20190502.0,목,율곡로(안국역),A-05,유입,안국역->안국동사거리,19767.0,37.57651,126.9876,15시,1587.0
0,20190502.0,목,율곡로(안국역),A-05,유입,안국역->안국동사거리,19767.0,37.57651,126.9876,16시,1552.0
0,20190502.0,목,율곡로(안국역),A-05,유입,안국역->안국동사거리,19767.0,37.57651,126.9876,17시,1537.0
0,20190502.0,목,율곡로(안국역),A-05,유입,안국역->안국동사거리,19767.0,37.57651,126.9876,18시,1222.0
0,20190502.0,목,율곡로(안국역),A-05,유입,안국역->안국동사거리,19767.0,37.57651,126.9876,19시,1326.0
0,20190502.0,목,율곡로(안국역),A-05,유입,안국역->안국동사거리,19767.0,37.57651,126.9876,20시,1265.0
0,20190503.0,금,율곡로(안국역),A-05,유입,안국역->안국동사거리,19660.0,37.57651,126.9876,8시,1581.0
0,20190503.0,금,율곡로(안국역),A-05,유입,안국역->안국동사거리,19660.0,37.57651,126.9876,9시,1579.0
0,20190503.0,금,율곡로(안국역),A-05,유입,안국역->안국동사거리,19660.0,37.57651,126.9876,10시,1489.0
0,20190503.0,금,율곡로(안국역),A-05,유입,안국역->안국동사거리,19660.0,37.57651,126.9876,11시,1596.0
0,20190503.0,금,율곡로(안국역),A-05,유입,안국역->안국동사거리,19660.0,37.57651,126.9876,12시,1576.0
0,20190503.0,금,율곡로(안국역),A-05,유입,안국역->안국동사거리,19660.0,37.57651,126.9876,13시,1558.0
0,20190503.0,금,율곡로(안국역),A-05,유입,안국역->안국동사거리,19660.0,37.57651,126.9876,14시,1527.0
0,20190503.0,금,율곡로(안국역),A-05,유입,안국역->안국동사거리,19660.0,37.57651,126.9876,15시,1492.0
0,20190503.0,금,율곡로(안국역),A-05,유입,안국역->안국동사거리,19660.0,37.57651,126.9876,16시,1701.0
0,20190503.0,금,율곡로(안국역),A-05,유입,안국역->안국동사거리,19660.0,37.57651,126.9876,17시,1572.0
0,20190503.0,금,율곡로(안국역),A-05,유입,안국역->안국동사거리,19660.0,37.57651,126.9876,18시,1412.0
0,20190503.0,금,율곡로(안국역),A-05,유입,안국역->안국동사거리,19660.0,37.57651,126.9876,19시,1327.0
0,20190503.0,금,율곡로(안국역),A-05,유입,안국역->안국동사거리,19660.0,37.57651,126.9876,20시,1250.0
0,20190504.0,토,율곡로(안국역),A-05,유입,안국역->안국동사거리,16848.0,37.57651,126.9876,8시,1117.0
0,20190504.0,토,율곡로(안국역),A-05,유입,안국역->안국동사거리,16848.0,37.57651,126.9876,9시,1352.0
0,20190504.0,토,율곡로(안국역),A-05,유입,안국역->안국동사거리,16848.0,37.57651,126.9876,10시,1391.0
0,20190504.0,토,율곡로(안국역),A-05,유입,안국역->안국동사거리,16848.0,37.57651,126.9876,11시,1547.0
0,20190504.0,토,율곡로(안국역),A-05,유입,안국역->안국동사거리,16848.0,37.57651,126.9876,12시,1364.0
0,20190504.0,토,율곡로(안국역),A-05,유입,안국역->안국동사거리,16848.0,37.57651,126.9876,13시,1399.0
0,20190504.0,토,율곡로(안국역),A-05,유입,안국역->안국동사거리,16848.0,37.57651,126.9876,14시,1422.0
0,20190504.0,토,율곡로(안국역),A-05,유입,안국역->안국동사거리,16848.0,37.57651,126.9876,15시,553.0
0,20190504.0,토,율곡로(안국역),A-05,유입,안국역->안국동사거리,16848.0,37.57651,126.9876,16시,984.0
0,20190504.0,토,율곡로(안국역),A-05,유입,안국역->안국동사거리,16848.0,37.57651,126.9876,17시,1130.0
0,20190504.0,토,율곡로(안국역),A-05,유입,안국역->안국동사거리,16848.0,37.57651,126.9876,18시,1623.0
0,20190504.0,토,율곡로(안국역),A-05,유입,안국역->안국동사거리,16848.0,37.57651,126.9876,19시,1527.0
0,20190504.0,토,율곡로(안국역),A-05,유입,안국역->안국동사거리,16848.0,37.57651,126.9876,20시,1439.0
0,20190505.0,일,율곡로(안국역),A-05,유입,안국역->안국동사거리,15467.0,37.57651,126.9876,8시,789.0
0,20190505.0,일,율곡로(안국역),A-05,유입,안국역->안국동사거리,15467.0,37.57651,126.9876,9시,1005.0
0,20190505.0,일,율곡로(안국역),A-05,유입,안국역->안국동사거리,15467.0,37.57651,126.9876,10시,1093.0
0,20190505.0,일,율곡로(안국역),A-05,유입,안국역->안국동사거리,15467.0,37.57651,126.9876,11시,1197.0
0,20190505.0,일,율곡로(안국역),A-05,유입,안국역->안국동사거리,15467.0,37.57651,126.9876,12시,1174.0
0,20190505.0,일,율곡로(안국역),A-05,유입,안국역->안국동사거리,15467.0,37.57651,126.9876,13시,1278.0
0,20190505.0,일,율곡로(안국역),A-05,유입,안국역->안국동사거리,15467.0,37.57651,126.9876,14시,1328.0
0,20190505.0,일,율곡로(안국역),A-05,유입,안국역->안국동사거리,15467.0,37.57651,126.9876,15시,1324.0
0,20190505.0,일,율곡로(안국역),A-05,유입,안국역->안국동사거리,15467.0,37.57651,126.9876,16시,1345.0
0,20190505.0,일,율곡로(안국역),A-05,유입,안국역->안국동사거리,15467.0,37.57651,126.9876,17시,1356.0
0,20190505.0,일,율곡로(안국역),A-05,유입,안국역->안국동사거리,15467.0,37.57651,126.9876,18시,1164.0
0,20190505.0,일,율곡로(안국역),A-05,유입,안국역->안국동사거리,15467.0,37.57651,126.9876,19시,1202.0
0,20190505.0,일,율곡로(안국역),A-05,유입,안국역->안국동사거리,15467.0,37.57651,126.9876,20시,1212.0
0,20190506.0,월,율곡로(안국역),A-05,유입,안국역->안국동사거리,17268.0,37.57651,126.9876,8시,806.0
0,20190506.0,월,율곡로(안국역),A-05,유입,안국역->안국동사거리,17268.0,37.57651,126.9876,9시,1016.0
0,20190506.0,월,율곡로(안국역),A-05,유입,안국역->안국동사거리,17268.0,37.57651,126.9876,10시,1161.0
0,20190506.0,월,율곡로(안국역),A-05,유입,안국역->안국동사거리,17268.0,37.57651,126.9876,11시,1419.0
0,20190506.0,월,율곡로(안국역),A-05,유입,안국역->안국동사거리,17268.0,37.57651,126.9876,12시,1520.0
0,20190506.0,월,율곡로(안국역),A-05,유입,안국역->안국동사거리,17268.0,37.57651,126.9876,13시,1484.0
0,20190506.0,월,율곡로(안국역),A-05,유입,안국역->안국동사거리,17268.0,37.57651,126.9876,14시,1549.0
0,20190506.0,월,율곡로(안국역),A-05,유입,안국역->안국동사거리,17268.0,37.57651,126.9876,15시,1480.0
0,20190506.0,월,율곡로(안국역),A-05,유입,안국역->안국동사거리,17268.0,37.57651,126.9876,16시,1587.0
0,20190506.0,월,율곡로(안국역),A-05,유입,안국역->안국동사거리,17268.0,37.57651,126.9876,17시,1567.0
0,20190506.0,월,율곡로(안국역),A-05,유입,안국역->안국동사거리,17268.0,37.57651,126.9876,18시,1352.0
0,20190506.0,월,율곡로(안국역),A-05,유입,안국역->안국동사거리,17268.0,37.57651,126.9876,19시,1177.0
0,20190506.0,월,율곡로(안국역),A-05,유입,안국역->안국동사거리,17268.0,37.57651,126.9876,20시,1150.0
0,20190507.0,화,율곡로(안국역),A-05,유입,안국역->안국동사거리,19446.0,37.57651,126.9876,8시,1648.0
0,20190507.0,화,율곡로(안국역),A-05,유입,안국역->안국동사거리,19446.0,37.57651,126.9876,9시,1565.0
0,20190507.0,화,율곡로(안국역),A-05,유입,안국역->안국동사거리,19446.0,37.57651,126.9876,10시,1439.0
0,20190507.0,화,율곡로(안국역),A-05,유입,안국역->안국동사거리,19446.0,37.57651,126.9876,11시,1470.0
0,20190507.0,화,율곡로(안국역),A-05,유입,안국역->안국동사거리,19446.0,37.57651,126.9876,12시,1464.0
0,20190507.0,화,율곡로(안국역),A-05,유입,안국역->안국동사거리,19446.0,37.57651,126.9876,13시,1542.0
0,20190507.0,화,율곡로(안국역),A-05,유입,안국역->안국동사거리,19446.0,37.57651,126.9876,14시,1545.0
0,20190507.0,화,율곡로(안국역),A-05,유입,안국역->안국동사거리,19446.0,37.57651,126.9876,15시,1592.0
0,20190507.0,화,율곡로(안국역),A-05,유입,안국역->안국동사거리,19446.0,37.57651,126.9876,16시,1615.0
0,20190507.0,화,율곡로(안국역),A-05,유입,안국역->안국동사거리,19446.0,37.57651,126.9876,17시,1600.0
0,20190507.0,화,율곡로(안국역),A-05,유입,안국역->안국동사거리,19446.0,37.57651,126.9876,18시,1334.0
0,20190507.0,화,율곡로(안국역),A-05,유입,안국역->안국동사거리,19446.0,37.57651,126.9876,19시,1385.0
0,20190507.0,화,율곡로(안국역),A-05,유입,안국역->안국동사거리,19446.0,37.57651,126.9876,20시,1247.0
0,20190508.0,수,율곡로(안국역),A-05,유입,안국역->안국동사거리,19319.0,37.57651,126.9876,8시,1648.0
0,20190508.0,수,율곡로(안국역),A-05,유입,안국역->안국동사거리,19319.0,37.57651,126.9876,9시,1470.0
0,20190508.0,수,율곡로(안국역),A-05,유입,안국역->안국동사거리,19319.0,37.57651,126.9876,10시,1550.0
0,20190508.0,수,율곡로(안국역),A-05,유입,안국역->안국동사거리,19319.0,37.57651,126.9876,11시,1666.0
0,20190508.0,수,율곡로(안국역),A-05,유입,안국역->안국동사거리,19319.0,37.57651,126.9876,12시,1547.0
0,20190508.0,수,율곡로(안국역),A-05,유입,안국역->안국동사거리,19319.0,37.57651,126.9876,13시,1576.0
0,20190508.0,수,율곡로(안국역),A-05,유입,안국역->안국동사거리,19319.0,37.57651,126.9876,14시,1455.0
0,20190508.0,수,율곡로(안국역),A-05,유입,안국역->안국동사거리,19319.0,37.57651,126.9876,15시,1686.0
0,20190508.0,수,율곡로(안국역),A-05,유입,안국역->안국동사거리,19319.0,37.57651,126.9876,16시,1608.0
0,20190508.0,수,율곡로(안국역),A-05,유입,안국역->안국동사거리,19319.0,37.57651,126.9876,17시,1400.0
0,20190508.0,수,율곡로(안국역),A-05,유입,안국역->안국동사거리,19319.0,37.57651,126.9876,18시,1194.0
0,20190508.0,수,율곡로(안국역),A-05,유입,안국역->안국동사거리,19319.0,37.57651,126.9876,19시,1206.0
0,20190508.0,수,율곡로(안국역),A-05,유입,안국역->안국동사거리,19319.0,37.57651,126.9876,20시,1313.0
0,20190509.0,목,율곡로(안국역),A-05,유입,안국역->안국동사거리,19599.0,37.57651,126.9876,8시,1569.0
0,20190509.0,목,율곡로(안국역),A-05,유입,안국역->안국동사거리,19599.0,37.57651,126.9876,9시,1575.0
0,20190509.0,목,율곡로(안국역),A-05,유입,안국역->안국동사거리,19599.0,37.57651,126.9876,10시,1501.0
0,20190509.0,목,율곡로(안국역),A-05,유입,안국역->안국동사거리,19599.0,37.57651,126.9876,11시,1519.0
0,20190509.0,목,율곡로(안국역),A-05,유입,안국역->안국동사거리,19599.0,37.57651,126.9876,12시,1496.0
0,20190509.0,목,율곡로(안국역),A-05,유입,안국역->안국동사거리,19599.0,37.57651,126.9876,13시,1526.0
0,20190509.0,목,율곡로(안국역),A-05,유입,안국역->안국동사거리,19599.0,37.57651,126.9876,14시,1425.0
0,20190509.0,목,율곡로(안국역),A-05,유입,안국역->안국동사거리,19599.0,37.57651,126.9876,15시,1746.0
0,20190509.0,목,율곡로(안국역),A-05,유입,안국역->안국동사거리,19599.0,37.57651,126.9876,16시,1686.0
0,20190509.0,목,율곡로(안국역),A-05,유입,안국역->안국동사거리,19599.0,37.57651,126.9876,17시,1672.0
0,20190509.0,목,율곡로(안국역),A-05,유입,안국역->안국동사거리,19599.0,37.57651,126.9876,18시,1257.0
0,20190509.0,목,율곡로(안국역),A-05,유입,안국역->안국동사거리,19599.0,37.57651,126.9876,19시,1426.0
0,20190509.0,목,율곡로(안국역),A-05,유입,안국역->안국동사거리,19599.0,37.57651,126.9876,20시,1201.0
0,20190510.0,금,율곡로(안국역),A-05,유입,안국역->안국동사거리,18922.0,37.57651,126.9876,8시,1605.0
0,20190510.0,금,율곡로(안국역),A-05,유입,안국역->안국동사거리,18922.0,37.57651,126.9876,9시,1635.0
0,20190510.0,금,율곡로(안국역),A-05,유입,안국역->안국동사거리,18922.0,37.57651,126.9876,10시,1481.0
0,20190510.0,금,율곡로(안국역),A-05,유입,안국역->안국동사거리,18922.0,37.57651,126.9876,11시,1498.0
0,20190510.0,금,율곡로(안국역),A-05,유입,안국역->안국동사거리,18922.0,37.57651,126.9876,12시,1476.0
0,20190510.0,금,율곡로(안국역),A-05,유입,안국역->안국동사거리,18922.0,37.57651,126.9876,13시,1510.0
0,20190510.0,금,율곡로(안국역),A-05,유입,안국역->안국동사거리,18922.0,37.57651,126.9876,14시,1447.0
0,20190510.0,금,율곡로(안국역),A-05,유입,안국역->안국동사거리,18922.0,37.57651,126.9876,15시,1456.0
0,20190510.0,금,율곡로(안국역),A-05,유입,안국역->안국동사거리,18922.0,37.57651,126.9876,16시,1532.0
0,20190510.0,금,율곡로(안국역),A-05,유입,안국역->안국동사거리,18922.0,37.57651,126.9876,17시,1367.0
0,20190510.0,금,율곡로(안국역),A-05,유입,안국역->안국동사거리,18922.0,37.57651,126.9876,18시,1310.0
0,20190510.0,금,율곡로(안국역),A-05,유입,안국역->안국동사거리,18922.0,37.57651,126.9876,19시,1394.0
0,20190510.0,금,율곡로(안국역),A-05,유입,안국역->안국동사거리,18922.0,37.57651,126.9876,20시,1211.0
0,20190511.0,토,율곡로(안국역),A-05,유입,안국역->안국동사거리,16613.0,37.57651,126.9876,8시,1250.0
0,20190511.0,토,율곡로(안국역),A-05,유입,안국역->안국동사거리,16613.0,37.57651,126.9876,9시,1590.0
0,20190511.0,토,율곡로(안국역),A-05,유입,안국역->안국동사거리,16613.0,37.57651,126.9876,10시,1445.0
0,20190511.0,토,율곡로(안국역),A-05,유입,안국역->안국동사거리,16613.0,37.57651,126.9876,11시,1405.0
0,20190511.0,토,율곡로(안국역),A-05,유입,안국역->안국동사거리,16613.0,37.57651,126.9876,12시,1548.0
0,20190511.0,토,율곡로(안국역),A-05,유입,안국역->안국동사거리,16613.0,37.57651,126.9876,13시,1535.0
0,20190511.0,토,율곡로(안국역),A-05,유입,안국역->안국동사거리,16613.0,37.57651,126.9876,14시,1224.0
0,20190511.0,토,율곡로(안국역),A-05,유입,안국역->안국동사거리,16613.0,37.57651,126.9876,15시,632.0
0,20190511.0,토,율곡로(안국역),A-05,유입,안국역->안국동사거리,16613.0,37.57651,126.9876,16시,1117.0
0,20190511.0,토,율곡로(안국역),A-05,유입,안국역->안국동사거리,16613.0,37.57651,126.9876,17시,1106.0
0,20190511.0,토,율곡로(안국역),A-05,유입,안국역->안국동사거리,16613.0,37.57651,126.9876,18시,1263.0
0,20190511.0,토,율곡로(안국역),A-05,유입,안국역->안국동사거리,16613.0,37.57651,126.9876,19시,1232.0
0,20190511.0,토,율곡로(안국역),A-05,유입,안국역->안국동사거리,16613.0,37.57651,126.9876,20시,1266.0
0,20190512.0,일,율곡로(안국역),A-05,유입,안국역->안국동사거리,15954.0,37.57651,126.9876,8시,827.0
0,20190512.0,일,율곡로(안국역),A-05,유입,안국역->안국동사거리,15954.0,37.57651,126.9876,9시,1217.0
0,20190512.0,일,율곡로(안국역),A-05,유입,안국역->안국동사거리,15954.0,37.57651,126.9876,10시,1143.0
0,20190512.0,일,율곡로(안국역),A-05,유입,안국역->안국동사거리,15954.0,37.57651,126.9876,11시,1204.0
0,20190512.0,일,율곡로(안국역),A-05,유입,안국역->안국동사거리,15954.0,37.57651,126.9876,12시,1320.0
0,20190512.0,일,율곡로(안국역),A-05,유입,안국역->안국동사거리,15954.0,37.57651,126.9876,13시,1464.0
0,20190512.0,일,율곡로(안국역),A-05,유입,안국역->안국동사거리,15954.0,37.57651,126.9876,14시,1362.0
0,20190512.0,일,율곡로(안국역),A-05,유입,안국역->안국동사거리,15954.0,37.57651,126.9876,15시,1194.0
0,20190512.0,일,율곡로(안국역),A-05,유입,안국역->안국동사거리,15954.0,37.57651,126.9876,16시,1377.0
0,20190512.0,일,율곡로(안국역),A-05,유입,안국역->안국동사거리,15954.0,37.57651,126.9876,17시,1327.0
0,20190512.0,일,율곡로(안국역),A-05,유입,안국역->안국동사거리,15954.0,37.57651,126.9876,18시,1115.0
0,20190512.0,일,율곡로(안국역),A-05,유입,안국역->안국동사거리,15954.0,37.57651,126.9876,19시,1187.0
0,20190512.0,일,율곡로(안국역),A-05,유입,안국역->안국동사거리,15954.0,37.57651,126.9876,20시,1217.0
0,20190513.0,월,율곡로(안국역),A-05,유입,안국역->안국동사거리,19453.0,37.57651,126.9876,8시,1531.0
0,20190513.0,월,율곡로(안국역),A-05,유입,안국역->안국동사거리,19453.0,37.57651,126.9876,9시,1477.0
0,20190513.0,월,율곡로(안국역),A-05,유입,안국역->안국동사거리,19453.0,37.57651,126.9876,10시,1506.0
0,20190513.0,월,율곡로(안국역),A-05,유입,안국역->안국동사거리,19453.0,37.57651,126.9876,11시,1570.0
0,20190513.0,월,율곡로(안국역),A-05,유입,안국역->안국동사거리,19453.0,37.57651,126.9876,12시,1520.0
0,20190513.0,월,율곡로(안국역),A-05,유입,안국역->안국동사거리,19453.0,37.57651,126.9876,13시,1409.0
0,20190513.0,월,율곡로(안국역),A-05,유입,안국역->안국동사거리,19453.0,37.57651,126.9876,14시,1623.0
0,20190513.0,월,율곡로(안국역),A-05,유입,안국역->안국동사거리,19453.0,37.57651,126.9876,15시,1575.0
0,20190513.0,월,율곡로(안국역),A-05,유입,안국역->안국동사거리,19453.0,37.57651,126.9876,16시,1683.0
0,20190513.0,월,율곡로(안국역),A-05,유입,안국역->안국동사거리,19453.0,37.57651,126.9876,17시,1692.0
0,20190513.0,월,율곡로(안국역),A-05,유입,안국역->안국동사거리,19453.0,37.57651,126.9876,18시,1411.0
0,20190513.0,월,율곡로(안국역),A-05,유입,안국역->안국동사거리,19453.0,37.57651,126.9876,19시,1288.0
0,20190513.0,월,율곡로(안국역),A-05,유입,안국역->안국동사거리,19453.0,37.57651,126.9876,20시,1168.0
0,20190514.0,화,율곡로(안국역),A-05,유입,안국역->안국동사거리,19341.0,37.57651,126.9876,8시,1655.0
0,20190514.0,화,율곡로(안국역),A-05,유입,안국역->안국동사거리,19341.0,37.57651,126.9876,9시,1578.0
0,20190514.0,화,율곡로(안국역),A-05,유입,안국역->안국동사거리,19341.0,37.57651,126.9876,10시,1596.0
0,20190514.0,화,율곡로(안국역),A-05,유입,안국역->안국동사거리,19341.0,37.57651,126.9876,11시,1635.0
0,20190514.0,화,율곡로(안국역),A-05,유입,안국역->안국동사거리,19341.0,37.57651,126.9876,12시,1512.0
0,20190514.0,화,율곡로(안국역),A-05,유입,안국역->안국동사거리,19341.0,37.57651,126.9876,13시,1529.0
0,20190514.0,화,율곡로(안국역),A-05,유입,안국역->안국동사거리,19341.0,37.57651,126.9876,14시,1487.0
0,20190514.0,화,율곡로(안국역),A-05,유입,안국역->안국동사거리,19341.0,37.57651,126.9876,15시,1498.0
0,20190514.0,화,율곡로(안국역),A-05,유입,안국역->안국동사거리,19341.0,37.57651,126.9876,16시,1666.0
0,20190514.0,화,율곡로(안국역),A-05,유입,안국역->안국동사거리,19341.0,37.57651,126.9876,17시,1591.0
0,20190514.0,화,율곡로(안국역),A-05,유입,안국역->안국동사거리,19341.0,37.57651,126.9876,18시,1067.0
0,20190514.0,화,율곡로(안국역),A-05,유입,안국역->안국동사거리,19341.0,37.57651,126.9876,19시,1341.0
0,20190514.0,화,율곡로(안국역),A-05,유입,안국역->안국동사거리,19341.0,37.57651,126.9876,20시,1186.0
0,20190515.0,수,율곡로(안국역),A-05,유입,안국역->안국동사거리,18551.0,37.57651,126.9876,8시,1628.0
0,20190515.0,수,율곡로(안국역),A-05,유입,안국역->안국동사거리,18551.0,37.57651,126.9876,9시,1575.0
0,20190515.0,수,율곡로(안국역),A-05,유입,안국역->안국동사거리,18551.0,37.57651,126.9876,10시,1587.0
0,20190515.0,수,율곡로(안국역),A-05,유입,안국역->안국동사거리,18551.0,37.57651,126.9876,11시,1622.0
0,20190515.0,수,율곡로(안국역),A-05,유입,안국역->안국동사거리,18551.0,37.57651,126.9876,12시,1567.0
0,20190515.0,수,율곡로(안국역),A-05,유입,안국역->안국동사거리,18551.0,37.57651,126.9876,13시,1483.0
0,20190515.0,수,율곡로(안국역),A-05,유입,안국역->안국동사거리,18551.0,37.57651,126.9876,14시,1544.0
0,20190515.0,수,율곡로(안국역),A-05,유입,안국역->안국동사거리,18551.0,37.57651,126.9876,15시,804.0
0,20190515.0,수,율곡로(안국역),A-05,유입,안국역->안국동사거리,18551.0,37.57651,126.9876,16시,1481.0
0,20190515.0,수,율곡로(안국역),A-05,유입,안국역->안국동사거리,18551.0,37.57651,126.9876,17시,1566.0
0,20190515.0,수,율곡로(안국역),A-05,유입,안국역->안국동사거리,18551.0,37.57651,126.9876,18시,1377.0
0,20190515.0,수,율곡로(안국역),A-05,유입,안국역->안국동사거리,18551.0,37.57651,126.9876,19시,1158.0
0,20190515.0,수,율곡로(안국역),A-05,유입,안국역->안국동사거리,18551.0,37.57651,126.9876,20시,1159.0
0,20190516.0,목,율곡로(안국역),A-05,유입,안국역->안국동사거리,19621.0,37.57651,126.9876,8시,1653.0
0,20190516.0,목,율곡로(안국역),A-05,유입,안국역->안국동사거리,19621.0,37.57651,126.9876,9시,1545.0
0,20190516.0,목,율곡로(안국역),A-05,유입,안국역->안국동사거리,19621.0,37.57651,126.9876,10시,1591.0
0,20190516.0,목,율곡로(안국역),A-05,유입,안국역->안국동사거리,19621.0,37.57651,126.9876,11시,1533.0
0,20190516.0,목,율곡로(안국역),A-05,유입,안국역->안국동사거리,19621.0,37.57651,126.9876,12시,1506.0
0,20190516.0,목,율곡로(안국역),A-05,유입,안국역->안국동사거리,19621.0,37.57651,126.9876,13시,1540.0
0,20190516.0,목,율곡로(안국역),A-05,유입,안국역->안국동사거리,19621.0,37.57651,126.9876,14시,1609.0
0,20190516.0,목,율곡로(안국역),A-05,유입,안국역->안국동사거리,19621.0,37.57651,126.9876,15시,1579.0
0,20190516.0,목,율곡로(안국역),A-05,유입,안국역->안국동사거리,19621.0,37.57651,126.9876,16시,1676.0
0,20190516.0,목,율곡로(안국역),A-05,유입,안국역->안국동사거리,19621.0,37.57651,126.9876,17시,1717.0
0,20190516.0,목,율곡로(안국역),A-05,유입,안국역->안국동사거리,19621.0,37.57651,126.9876,18시,1290.0
0,20190516.0,목,율곡로(안국역),A-05,유입,안국역->안국동사거리,19621.0,37.57651,126.9876,19시,1211.0
0,20190516.0,목,율곡로(안국역),A-05,유입,안국역->안국동사거리,19621.0,37.57651,126.9876,20시,1171.0
0,20190517.0,금,율곡로(안국역),A-05,유입,안국역->안국동사거리,18881.0,37.57651,126.9876,8시,1593.0
0,20190517.0,금,율곡로(안국역),A-05,유입,안국역->안국동사거리,18881.0,37.57651,126.9876,9시,1481.0
0,20190517.0,금,율곡로(안국역),A-05,유입,안국역->안국동사거리,18881.0,37.57651,126.9876,10시,1481.0
0,20190517.0,금,율곡로(안국역),A-05,유입,안국역->안국동사거리,18881.0,37.57651,126.9876,11시,1567.0
0,20190517.0,금,율곡로(안국역),A-05,유입,안국역->안국동사거리,18881.0,37.57651,126.9876,12시,1552.0
0,20190517.0,금,율곡로(안국역),A-05,유입,안국역->안국동사거리,18881.0,37.57651,126.9876,13시,1551.0
0,20190517.0,금,율곡로(안국역),A-05,유입,안국역->안국동사거리,18881.0,37.57651,126.9876,14시,1589.0
0,20190517.0,금,율곡로(안국역),A-05,유입,안국역->안국동사거리,18881.0,37.57651,126.9876,15시,1641.0
0,20190517.0,금,율곡로(안국역),A-05,유입,안국역->안국동사거리,18881.0,37.57651,126.9876,16시,1651.0
0,20190517.0,금,율곡로(안국역),A-05,유입,안국역->안국동사거리,18881.0,37.57651,126.9876,17시,1472.0
0,20190517.0,금,율곡로(안국역),A-05,유입,안국역->안국동사거리,18881.0,37.57651,126.9876,18시,898.0
0,20190517.0,금,율곡로(안국역),A-05,유입,안국역->안국동사거리,18881.0,37.57651,126.9876,19시,1202.0
0,20190517.0,금,율곡로(안국역),A-05,유입,안국역->안국동사거리,18881.0,37.57651,126.9876,20시,1203.0
0,20190518.0,토,율곡로(안국역),A-05,유입,안국역->안국동사거리,17404.0,37.57651,126.9876,8시,1256.0
0,20190518.0,토,율곡로(안국역),A-05,유입,안국역->안국동사거리,17404.0,37.57651,126.9876,9시,1464.0
0,20190518.0,토,율곡로(안국역),A-05,유입,안국역->안국동사거리,17404.0,37.57651,126.9876,10시,1360.0
0,20190518.0,토,율곡로(안국역),A-05,유입,안국역->안국동사거리,17404.0,37.57651,126.9876,11시,1134.0
0,20190518.0,토,율곡로(안국역),A-05,유입,안국역->안국동사거리,17404.0,37.57651,126.9876,12시,1342.0
0,20190518.0,토,율곡로(안국역),A-05,유입,안국역->안국동사거리,17404.0,37.57651,126.9876,13시,1446.0
0,20190518.0,토,율곡로(안국역),A-05,유입,안국역->안국동사거리,17404.0,37.57651,126.9876,14시,1581.0
0,20190518.0,토,율곡로(안국역),A-05,유입,안국역->안국동사거리,17404.0,37.57651,126.9876,15시,1312.0
0,20190518.0,토,율곡로(안국역),A-05,유입,안국역->안국동사거리,17404.0,37.57651,126.9876,16시,1406.0
0,20190518.0,토,율곡로(안국역),A-05,유입,안국역->안국동사거리,17404.0,37.57651,126.9876,17시,1009.0
0,20190518.0,토,율곡로(안국역),A-05,유입,안국역->안국동사거리,17404.0,37.57651,126.9876,18시,1318.0
0,20190518.0,토,율곡로(안국역),A-05,유입,안국역->안국동사거리,17404.0,37.57651,126.9876,19시,1481.0
0,20190518.0,토,율곡로(안국역),A-05,유입,안국역->안국동사거리,17404.0,37.57651,126.9876,20시,1295.0
0,20190519.0,일,율곡로(안국역),A-05,유입,안국역->안국동사거리,15763.0,37.57651,126.9876,8시,805.0
0,20190519.0,일,율곡로(안국역),A-05,유입,안국역->안국동사거리,15763.0,37.57651,126.9876,9시,1110.0
0,20190519.0,일,율곡로(안국역),A-05,유입,안국역->안국동사거리,15763.0,37.57651,126.9876,10시,1083.0
0,20190519.0,일,율곡로(안국역),A-05,유입,안국역->안국동사거리,15763.0,37.57651,126.9876,11시,1195.0
0,20190519.0,일,율곡로(안국역),A-05,유입,안국역->안국동사거리,15763.0,37.57651,126.9876,12시,1341.0
0,20190519.0,일,율곡로(안국역),A-05,유입,안국역->안국동사거리,15763.0,37.57651,126.9876,13시,1377.0
0,20190519.0,일,율곡로(안국역),A-05,유입,안국역->안국동사거리,15763.0,37.57651,126.9876,14시,1319.0
0,20190519.0,일,율곡로(안국역),A-05,유입,안국역->안국동사거리,15763.0,37.57651,126.9876,15시,1386.0
0,20190519.0,일,율곡로(안국역),A-05,유입,안국역->안국동사거리,15763.0,37.57651,126.9876,16시,1419.0
0,20190519.0,일,율곡로(안국역),A-05,유입,안국역->안국동사거리,15763.0,37.57651,126.9876,17시,1265.0
0,20190519.0,일,율곡로(안국역),A-05,유입,안국역->안국동사거리,15763.0,37.57651,126.9876,18시,1094.0
0,20190519.0,일,율곡로(안국역),A-05,유입,안국역->안국동사거리,15763.0,37.57651,126.9876,19시,1234.0
0,20190519.0,일,율곡로(안국역),A-05,유입,안국역->안국동사거리,15763.0,37.57651,126.9876,20시,1135.0
0,20190520.0,월,율곡로(안국역),A-05,유입,안국역->안국동사거리,18883.0,37.57651,126.9876,8시,1601.0
0,20190520.0,월,율곡로(안국역),A-05,유입,안국역->안국동사거리,18883.0,37.57651,126.9876,9시,1404.0
0,20190520.0,월,율곡로(안국역),A-05,유입,안국역->안국동사거리,18883.0,37.57651,126.9876,10시,1524.0
0,20190520.0,월,율곡로(안국역),A-05,유입,안국역->안국동사거리,18883.0,37.57651,126.9876,11시,1452.0
0,20190520.0,월,율곡로(안국역),A-05,유입,안국역->안국동사거리,18883.0,37.57651,126.9876,12시,1460.0
0,20190520.0,월,율곡로(안국역),A-05,유입,안국역->안국동사거리,18883.0,37.57651,126.9876,13시,1459.0
0,20190520.0,월,율곡로(안국역),A-05,유입,안국역->안국동사거리,18883.0,37.57651,126.9876,14시,1528.0
0,20190520.0,월,율곡로(안국역),A-05,유입,안국역->안국동사거리,18883.0,37.57651,126.9876,15시,1617.0
0,20190520.0,월,율곡로(안국역),A-05,유입,안국역->안국동사거리,18883.0,37.57651,126.9876,16시,1675.0
0,20190520.0,월,율곡로(안국역),A-05,유입,안국역->안국동사거리,18883.0,37.57651,126.9876,17시,1707.0
0,20190520.0,월,율곡로(안국역),A-05,유입,안국역->안국동사거리,18883.0,37.57651,126.9876,18시,1098.0
0,20190520.0,월,율곡로(안국역),A-05,유입,안국역->안국동사거리,18883.0,37.57651,126.9876,19시,1181.0
0,20190520.0,월,율곡로(안국역),A-05,유입,안국역->안국동사거리,18883.0,37.57651,126.9876,20시,1177.0
0,20190521.0,화,율곡로(안국역),A-05,유입,안국역->안국동사거리,19621.0,37.57651,126.9876,8시,1636.0
0,20190521.0,화,율곡로(안국역),A-05,유입,안국역->안국동사거리,19621.0,37.57651,126.9876,9시,1575.0
0,20190521.0,화,율곡로(안국역),A-05,유입,안국역->안국동사거리,19621.0,37.57651,126.9876,10시,1658.0
0,20190521.0,화,율곡로(안국역),A-05,유입,안국역->안국동사거리,19621.0,37.57651,126.9876,11시,1604.0
0,20190521.0,화,율곡로(안국역),A-05,유입,안국역->안국동사거리,19621.0,37.57651,126.9876,12시,1337.0
0,20190521.0,화,율곡로(안국역),A-05,유입,안국역->안국동사거리,19621.0,37.57651,126.9876,13시,1385.0
0,20190521.0,화,율곡로(안국역),A-05,유입,안국역->안국동사거리,19621.0,37.57651,126.9876,14시,1567.0
0,20190521.0,화,율곡로(안국역),A-05,유입,안국역->안국동사거리,19621.0,37.57651,126.9876,15시,1635.0
0,20190521.0,화,율곡로(안국역),A-05,유입,안국역->안국동사거리,19621.0,37.57651,126.9876,16시,1692.0
0,20190521.0,화,율곡로(안국역),A-05,유입,안국역->안국동사거리,19621.0,37.57651,126.9876,17시,1618.0
0,20190521.0,화,율곡로(안국역),A-05,유입,안국역->안국동사거리,19621.0,37.57651,126.9876,18시,1454.0
0,20190521.0,화,율곡로(안국역),A-05,유입,안국역->안국동사거리,19621.0,37.57651,126.9876,19시,1202.0
0,20190521.0,화,율곡로(안국역),A-05,유입,안국역->안국동사거리,19621.0,37.57651,126.9876,20시,1258.0
0,20190522.0,수,율곡로(안국역),A-05,유입,안국역->안국동사거리,18392.0,37.57651,126.9876,8시,1592.0
0,20190522.0,수,율곡로(안국역),A-05,유입,안국역->안국동사거리,18392.0,37.57651,126.9876,9시,1577.0
0,20190522.0,수,율곡로(안국역),A-05,유입,안국역->안국동사거리,18392.0,37.57651,126.9876,10시,1556.0
0,20190522.0,수,율곡로(안국역),A-05,유입,안국역->안국동사거리,18392.0,37.57651,126.9876,11시,1539.0
0,20190522.0,수,율곡로(안국역),A-05,유입,안국역->안국동사거리,18392.0,37.57651,126.9876,12시,1437.0
0,20190522.0,수,율곡로(안국역),A-05,유입,안국역->안국동사거리,18392.0,37.57651,126.9876,13시,1550.0
0,20190522.0,수,율곡로(안국역),A-05,유입,안국역->안국동사거리,18392.0,37.57651,126.9876,14시,1365.0
0,20190522.0,수,율곡로(안국역),A-05,유입,안국역->안국동사거리,18392.0,37.57651,126.9876,15시,1466.0
0,20190522.0,수,율곡로(안국역),A-05,유입,안국역->안국동사거리,18392.0,37.57651,126.9876,16시,1384.0
0,20190522.0,수,율곡로(안국역),A-05,유입,안국역->안국동사거리,18392.0,37.57651,126.9876,17시,1485.0
0,20190522.0,수,율곡로(안국역),A-05,유입,안국역->안국동사거리,18392.0,37.57651,126.9876,18시,1075.0
0,20190522.0,수,율곡로(안국역),A-05,유입,안국역->안국동사거리,18392.0,37.57651,126.9876,19시,1225.0
0,20190522.0,수,율곡로(안국역),A-05,유입,안국역->안국동사거리,18392.0,37.57651,126.9876,20시,1141.0
0,20190523.0,목,율곡로(안국역),A-05,유입,안국역->안국동사거리,20084.0,37.57651,126.9876,8시,1643.0
0,20190523.0,목,율곡로(안국역),A-05,유입,안국역->안국동사거리,20084.0,37.57651,126.9876,9시,1545.0
0,20190523.0,목,율곡로(안국역),A-05,유입,안국역->안국동사거리,20084.0,37.57651,126.9876,10시,1557.0
0,20190523.0,목,율곡로(안국역),A-05,유입,안국역->안국동사거리,20084.0,37.57651,126.9876,11시,1548.0
0,20190523.0,목,율곡로(안국역),A-05,유입,안국역->안국동사거리,20084.0,37.57651,126.9876,12시,1449.0
0,20190523.0,목,율곡로(안국역),A-05,유입,안국역->안국동사거리,20084.0,37.57651,126.9876,13시,1518.0
0,20190523.0,목,율곡로(안국역),A-05,유입,안국역->안국동사거리,20084.0,37.57651,126.9876,14시,1701.0
0,20190523.0,목,율곡로(안국역),A-05,유입,안국역->안국동사거리,20084.0,37.57651,126.9876,15시,1674.0
0,20190523.0,목,율곡로(안국역),A-05,유입,안국역->안국동사거리,20084.0,37.57651,126.9876,16시,1649.0
0,20190523.0,목,율곡로(안국역),A-05,유입,안국역->안국동사거리,20084.0,37.57651,126.9876,17시,1631.0
0,20190523.0,목,율곡로(안국역),A-05,유입,안국역->안국동사거리,20084.0,37.57651,126.9876,18시,1442.0
0,20190523.0,목,율곡로(안국역),A-05,유입,안국역->안국동사거리,20084.0,37.57651,126.9876,19시,1446.0
0,20190523.0,목,율곡로(안국역),A-05,유입,안국역->안국동사거리,20084.0,37.57651,126.9876,20시,1281.0
0,20190524.0,금,율곡로(안국역),A-05,유입,안국역->안국동사거리,19653.0,37.57651,126.9876,8시,1586.0
0,20190524.0,금,율곡로(안국역),A-05,유입,안국역->안국동사거리,19653.0,37.57651,126.9876,9시,1596.0
0,20190524.0,금,율곡로(안국역),A-05,유입,안국역->안국동사거리,19653.0,37.57651,126.9876,10시,1533.0
0,20190524.0,금,율곡로(안국역),A-05,유입,안국역->안국동사거리,19653.0,37.57651,126.9876,11시,1614.0
0,20190524.0,금,율곡로(안국역),A-05,유입,안국역->안국동사거리,19653.0,37.57651,126.9876,12시,1550.0
0,20190524.0,금,율곡로(안국역),A-05,유입,안국역->안국동사거리,19653.0,37.57651,126.9876,13시,1556.0
0,20190524.0,금,율곡로(안국역),A-05,유입,안국역->안국동사거리,19653.0,37.57651,126.9876,14시,1665.0
0,20190524.0,금,율곡로(안국역),A-05,유입,안국역->안국동사거리,19653.0,37.57651,126.9876,15시,1655.0
0,20190524.0,금,율곡로(안국역),A-05,유입,안국역->안국동사거리,19653.0,37.57651,126.9876,16시,1547.0
0,20190524.0,금,율곡로(안국역),A-05,유입,안국역->안국동사거리,19653.0,37.57651,126.9876,17시,1506.0
0,20190524.0,금,율곡로(안국역),A-05,유입,안국역->안국동사거리,19653.0,37.57651,126.9876,18시,1239.0
0,20190524.0,금,율곡로(안국역),A-05,유입,안국역->안국동사거리,19653.0,37.57651,126.9876,19시,1301.0
0,20190524.0,금,율곡로(안국역),A-05,유입,안국역->안국동사거리,19653.0,37.57651,126.9876,20시,1305.0
0,20190525.0,토,율곡로(안국역),A-05,유입,안국역->안국동사거리,17285.0,37.57651,126.9876,8시,1371.0
0,20190525.0,토,율곡로(안국역),A-05,유입,안국역->안국동사거리,17285.0,37.57651,126.9876,9시,1535.0
0,20190525.0,토,율곡로(안국역),A-05,유입,안국역->안국동사거리,17285.0,37.57651,126.9876,10시,1471.0
0,20190525.0,토,율곡로(안국역),A-05,유입,안국역->안국동사거리,17285.0,37.57651,126.9876,11시,1503.0
0,20190525.0,토,율곡로(안국역),A-05,유입,안국역->안국동사거리,17285.0,37.57651,126.9876,12시,1571.0
0,20190525.0,토,율곡로(안국역),A-05,유입,안국역->안국동사거리,17285.0,37.57651,126.9876,13시,1591.0
0,20190525.0,토,율곡로(안국역),A-05,유입,안국역->안국동사거리,17285.0,37.57651,126.9876,14시,1222.0
0,20190525.0,토,율곡로(안국역),A-05,유입,안국역->안국동사거리,17285.0,37.57651,126.9876,15시,1427.0
0,20190525.0,토,율곡로(안국역),A-05,유입,안국역->안국동사거리,17285.0,37.57651,126.9876,16시,820.0
0,20190525.0,토,율곡로(안국역),A-05,유입,안국역->안국동사거리,17285.0,37.57651,126.9876,17시,1168.0
0,20190525.0,토,율곡로(안국역),A-05,유입,안국역->안국동사거리,17285.0,37.57651,126.9876,18시,1261.0
0,20190525.0,토,율곡로(안국역),A-05,유입,안국역->안국동사거리,17285.0,37.57651,126.9876,19시,1382.0
0,20190525.0,토,율곡로(안국역),A-05,유입,안국역->안국동사거리,17285.0,37.57651,126.9876,20시,963.0
0,20190526.0,일,율곡로(안국역),A-05,유입,안국역->안국동사거리,16385.0,37.57651,126.9876,8시,864.0
0,20190526.0,일,율곡로(안국역),A-05,유입,안국역->안국동사거리,16385.0,37.57651,126.9876,9시,1149.0
0,20190526.0,일,율곡로(안국역),A-05,유입,안국역->안국동사거리,16385.0,37.57651,126.9876,10시,1099.0
0,20190526.0,일,율곡로(안국역),A-05,유입,안국역->안국동사거리,16385.0,37.57651,126.9876,11시,1188.0
0,20190526.0,일,율곡로(안국역),A-05,유입,안국역->안국동사거리,16385.0,37.57651,126.9876,12시,1234.0
0,20190526.0,일,율곡로(안국역),A-05,유입,안국역->안국동사거리,16385.0,37.57651,126.9876,13시,1472.0
0,20190526.0,일,율곡로(안국역),A-05,유입,안국역->안국동사거리,16385.0,37.57651,126.9876,14시,1421.0
0,20190526.0,일,율곡로(안국역),A-05,유입,안국역->안국동사거리,16385.0,37.57651,126.9876,15시,1489.0
0,20190526.0,일,율곡로(안국역),A-05,유입,안국역->안국동사거리,16385.0,37.57651,126.9876,16시,1429.0
0,20190526.0,일,율곡로(안국역),A-05,유입,안국역->안국동사거리,16385.0,37.57651,126.9876,17시,1383.0
0,20190526.0,일,율곡로(안국역),A-05,유입,안국역->안국동사거리,16385.0,37.57651,126.9876,18시,1190.0
0,20190526.0,일,율곡로(안국역),A-05,유입,안국역->안국동사거리,16385.0,37.57651,126.9876,19시,1218.0
0,20190526.0,일,율곡로(안국역),A-05,유입,안국역->안국동사거리,16385.0,37.57651,126.9876,20시,1249.0
0,20190527.0,월,율곡로(안국역),A-05,유입,안국역->안국동사거리,19608.0,37.57651,126.9876,8시,1649.0
0,20190527.0,월,율곡로(안국역),A-05,유입,안국역->안국동사거리,19608.0,37.57651,126.9876,9시,1500.0
0,20190527.0,월,율곡로(안국역),A-05,유입,안국역->안국동사거리,19608.0,37.57651,126.9876,10시,1434.0
0,20190527.0,월,율곡로(안국역),A-05,유입,안국역->안국동사거리,19608.0,37.57651,126.9876,11시,1576.0
0,20190527.0,월,율곡로(안국역),A-05,유입,안국역->안국동사거리,19608.0,37.57651,126.9876,12시,1534.0
0,20190527.0,월,율곡로(안국역),A-05,유입,안국역->안국동사거리,19608.0,37.57651,126.9876,13시,1553.0
0,20190527.0,월,율곡로(안국역),A-05,유입,안국역->안국동사거리,19608.0,37.57651,126.9876,14시,1594.0
0,20190527.0,월,율곡로(안국역),A-05,유입,안국역->안국동사거리,19608.0,37.57651,126.9876,15시,1671.0
0,20190527.0,월,율곡로(안국역),A-05,유입,안국역->안국동사거리,19608.0,37.57651,126.9876,16시,1666.0
0,20190527.0,월,율곡로(안국역),A-05,유입,안국역->안국동사거리,19608.0,37.57651,126.9876,17시,1610.0
0,20190527.0,월,율곡로(안국역),A-05,유입,안국역->안국동사거리,19608.0,37.57651,126.9876,18시,1443.0
0,20190527.0,월,율곡로(안국역),A-05,유입,안국역->안국동사거리,19608.0,37.57651,126.9876,19시,1282.0
0,20190527.0,월,율곡로(안국역),A-05,유입,안국역->안국동사거리,19608.0,37.57651,126.9876,20시,1096.0
0,20190528.0,화,율곡로(안국역),A-05,유입,안국역->안국동사거리,20234.0,37.57651,126.9876,8시,1688.0
0,20190528.0,화,율곡로(안국역),A-05,유입,안국역->안국동사거리,20234.0,37.57651,126.9876,9시,1612.0
0,20190528.0,화,율곡로(안국역),A-05,유입,안국역->안국동사거리,20234.0,37.57651,126.9876,10시,1554.0
0,20190528.0,화,율곡로(안국역),A-05,유입,안국역->안국동사거리,20234.0,37.57651,126.9876,11시,1660.0
0,20190528.0,화,율곡로(안국역),A-05,유입,안국역->안국동사거리,20234.0,37.57651,126.9876,12시,1508.0
0,20190528.0,화,율곡로(안국역),A-05,유입,안국역->안국동사거리,20234.0,37.57651,126.9876,13시,1591.0
0,20190528.0,화,율곡로(안국역),A-05,유입,안국역->안국동사거리,20234.0,37.57651,126.9876,14시,1621.0
0,20190528.0,화,율곡로(안국역),A-05,유입,안국역->안국동사거리,20234.0,37.57651,126.9876,15시,1670.0
0,20190528.0,화,율곡로(안국역),A-05,유입,안국역->안국동사거리,20234.0,37.57651,126.9876,16시,1771.0
0,20190528.0,화,율곡로(안국역),A-05,유입,안국역->안국동사거리,20234.0,37.57651,126.9876,17시,1703.0
0,20190528.0,화,율곡로(안국역),A-05,유입,안국역->안국동사거리,20234.0,37.57651,126.9876,18시,1280.0
0,20190528.0,화,율곡로(안국역),A-05,유입,안국역->안국동사거리,20234.0,37.57651,126.9876,19시,1296.0
0,20190528.0,화,율곡로(안국역),A-05,유입,안국역->안국동사거리,20234.0,37.57651,126.9876,20시,1280.0
0,20190529.0,수,율곡로(안국역),A-05,유입,안국역->안국동사거리,19620.0,37.57651,126.9876,8시,1665.0
0,20190529.0,수,율곡로(안국역),A-05,유입,안국역->안국동사거리,19620.0,37.57651,126.9876,9시,1564.0
0,20190529.0,수,율곡로(안국역),A-05,유입,안국역->안국동사거리,19620.0,37.57651,126.9876,10시,1524.0
0,20190529.0,수,율곡로(안국역),A-05,유입,안국역->안국동사거리,19620.0,37.57651,126.9876,11시,1602.0
0,20190529.0,수,율곡로(안국역),A-05,유입,안국역->안국동사거리,19620.0,37.57651,126.9876,12시,1571.0
0,20190529.0,수,율곡로(안국역),A-05,유입,안국역->안국동사거리,19620.0,37.57651,126.9876,13시,1648.0
0,20190529.0,수,율곡로(안국역),A-05,유입,안국역->안국동사거리,19620.0,37.57651,126.9876,14시,1530.0
0,20190529.0,수,율곡로(안국역),A-05,유입,안국역->안국동사거리,19620.0,37.57651,126.9876,15시,1577.0
0,20190529.0,수,율곡로(안국역),A-05,유입,안국역->안국동사거리,19620.0,37.57651,126.9876,16시,1526.0
0,20190529.0,수,율곡로(안국역),A-05,유입,안국역->안국동사거리,19620.0,37.57651,126.9876,17시,1664.0
0,20190529.0,수,율곡로(안국역),A-05,유입,안국역->안국동사거리,19620.0,37.57651,126.9876,18시,1249.0
0,20190529.0,수,율곡로(안국역),A-05,유입,안국역->안국동사거리,19620.0,37.57651,126.9876,19시,1330.0
0,20190529.0,수,율곡로(안국역),A-05,유입,안국역->안국동사거리,19620.0,37.57651,126.9876,20시,1170.0
0,20190530.0,목,율곡로(안국역),A-05,유입,안국역->안국동사거리,20425.0,37.57651,126.9876,8시,1641.0
0,20190530.0,목,율곡로(안국역),A-05,유입,안국역->안국동사거리,20425.0,37.57651,126.9876,9시,1689.0
0,20190530.0,목,율곡로(안국역),A-05,유입,안국역->안국동사거리,20425.0,37.57651,126.9876,10시,1584.0
0,20190530.0,목,율곡로(안국역),A-05,유입,안국역->안국동사거리,20425.0,37.57651,126.9876,11시,1512.0
0,20190530.0,목,율곡로(안국역),A-05,유입,안국역->안국동사거리,20425.0,37.57651,126.9876,12시,1632.0
0,20190530.0,목,율곡로(안국역),A-05,유입,안국역->안국동사거리,20425.0,37.57651,126.9876,13시,1530.0
0,20190530.0,목,율곡로(안국역),A-05,유입,안국역->안국동사거리,20425.0,37.57651,126.9876,14시,1656.0
0,20190530.0,목,율곡로(안국역),A-05,유입,안국역->안국동사거리,20425.0,37.57651,126.9876,15시,1626.0
0,20190530.0,목,율곡로(안국역),A-05,유입,안국역->안국동사거리,20425.0,37.57651,126.9876,16시,1621.0
0,20190530.0,목,율곡로(안국역),A-05,유입,안국역->안국동사거리,20425.0,37.57651,126.9876,17시,1706.0
0,20190530.0,목,율곡로(안국역),A-05,유입,안국역->안국동사거리,20425.0,37.57651,126.9876,18시,1570.0
0,20190530.0,목,율곡로(안국역),A-05,유입,안국역->안국동사거리,20425.0,37.57651,126.9876,19시,1398.0
0,20190530.0,목,율곡로(안국역),A-05,유입,안국역->안국동사거리,20425.0,37.57651,126.9876,20시,1260.0
0,20190531.0,금,율곡로(안국역),A-05,유입,안국역->안국동사거리,19688.0,37.57651,126.9876,8시,1637.0
0,20190531.0,금,율곡로(안국역),A-05,유입,안국역->안국동사거리,19688.0,37.57651,126.9876,9시,1557.0
0,20190531.0,금,율곡로(안국역),A-05,유입,안국역->안국동사거리,19688.0,37.57651,126.9876,10시,1510.0
0,20190531.0,금,율곡로(안국역),A-05,유입,안국역->안국동사거리,19688.0,37.57651,126.9876,11시,1604.0
0,20190531.0,금,율곡로(안국역),A-05,유입,안국역->안국동사거리,19688.0,37.57651,126.9876,12시,1583.0
0,20190531.0,금,율곡로(안국역),A-05,유입,안국역->안국동사거리,19688.0,37.57651,126.9876,13시,1596.0
0,20190531.0,금,율곡로(안국역),A-05,유입,안국역->안국동사거리,19688.0,37.57651,126.9876,14시,1579.0
0,20190531.0,금,율곡로(안국역),A-05,유입,안국역->안국동사거리,19688.0,37.57651,126.9876,15시,1691.0
0,20190531.0,금,율곡로(안국역),A-05,유입,안국역->안국동사거리,19688.0,37.57651,126.9876,16시,1507.0
0,20190531.0,금,율곡로(안국역),A-05,유입,안국역->안국동사거리,19688.0,37.57651,126.9876,17시,1622.0
0,20190531.0,금,율곡로(안국역),A-05,유입,안국역->안국동사거리,19688.0,37.57651,126.9876,18시,1273.0
0,20190531.0,금,율곡로(안국역),A-05,유입,안국역->안국동사거리,19688.0,37.57651,126.9876,19시,1193.0
0,20190531.0,금,율곡로(안국역),A-05,유입,안국역->안국동사거리,19688.0,37.57651,126.9876,20시,1336.0
0,20190501.0,수,율곡로(안국역),A-05,유출,안국동사거리->안국역,17639.0,37.57651,126.9876,8시,1167.0
0,20190501.0,수,율곡로(안국역),A-05,유출,안국동사거리->안국역,17639.0,37.57651,126.9876,9시,1349.0
0,20190501.0,수,율곡로(안국역),A-05,유출,안국동사거리->안국역,17639.0,37.57651,126.9876,10시,1476.0
0,20190501.0,수,율곡로(안국역),A-05,유출,안국동사거리->안국역,17639.0,37.57651,126.9876,11시,1558.0
0,20190501.0,수,율곡로(안국역),A-05,유출,안국동사거리->안국역,17639.0,37.57651,126.9876,12시,1434.0
0,20190501.0,수,율곡로(안국역),A-05,유출,안국동사거리->안국역,17639.0,37.57651,126.9876,13시,1444.0
0,20190501.0,수,율곡로(안국역),A-05,유출,안국동사거리->안국역,17639.0,37.57651,126.9876,14시,1419.0
0,20190501.0,수,율곡로(안국역),A-05,유출,안국동사거리->안국역,17639.0,37.57651,126.9876,15시,1259.0
0,20190501.0,수,율곡로(안국역),A-05,유출,안국동사거리->안국역,17639.0,37.57651,126.9876,16시,1489.0
0,20190501.0,수,율곡로(안국역),A-05,유출,안국동사거리->안국역,17639.0,37.57651,126.9876,17시,1381.0
0,20190501.0,수,율곡로(안국역),A-05,유출,안국동사거리->안국역,17639.0,37.57651,126.9876,18시,1293.0
0,20190501.0,수,율곡로(안국역),A-05,유출,안국동사거리->안국역,17639.0,37.57651,126.9876,19시,1286.0
0,20190501.0,수,율곡로(안국역),A-05,유출,안국동사거리->안국역,17639.0,37.57651,126.9876,20시,1084.0
0,20190502.0,목,율곡로(안국역),A-05,유출,안국동사거리->안국역,20536.0,37.57651,126.9876,8시,1555.0
0,20190502.0,목,율곡로(안국역),A-05,유출,안국동사거리->안국역,20536.0,37.57651,126.9876,9시,1707.0
0,20190502.0,목,율곡로(안국역),A-05,유출,안국동사거리->안국역,20536.0,37.57651,126.9876,10시,1717.0
0,20190502.0,목,율곡로(안국역),A-05,유출,안국동사거리->안국역,20536.0,37.57651,126.9876,11시,1632.0
0,20190502.0,목,율곡로(안국역),A-05,유출,안국동사거리->안국역,20536.0,37.57651,126.9876,12시,1600.0
0,20190502.0,목,율곡로(안국역),A-05,유출,안국동사거리->안국역,20536.0,37.57651,126.9876,13시,1643.0
0,20190502.0,목,율곡로(안국역),A-05,유출,안국동사거리->안국역,20536.0,37.57651,126.9876,14시,1571.0
0,20190502.0,목,율곡로(안국역),A-05,유출,안국동사거리->안국역,20536.0,37.57651,126.9876,15시,1517.0
0,20190502.0,목,율곡로(안국역),A-05,유출,안국동사거리->안국역,20536.0,37.57651,126.9876,16시,1588.0
0,20190502.0,목,율곡로(안국역),A-05,유출,안국동사거리->안국역,20536.0,37.57651,126.9876,17시,1642.0
0,20190502.0,목,율곡로(안국역),A-05,유출,안국동사거리->안국역,20536.0,37.57651,126.9876,18시,1490.0
0,20190502.0,목,율곡로(안국역),A-05,유출,안국동사거리->안국역,20536.0,37.57651,126.9876,19시,1540.0
0,20190502.0,목,율곡로(안국역),A-05,유출,안국동사거리->안국역,20536.0,37.57651,126.9876,20시,1334.0
0,20190503.0,금,율곡로(안국역),A-05,유출,안국동사거리->안국역,20117.0,37.57651,126.9876,8시,1564.0
0,20190503.0,금,율곡로(안국역),A-05,유출,안국동사거리->안국역,20117.0,37.57651,126.9876,9시,1695.0
0,20190503.0,금,율곡로(안국역),A-05,유출,안국동사거리->안국역,20117.0,37.57651,126.9876,10시,1648.0
0,20190503.0,금,율곡로(안국역),A-05,유출,안국동사거리->안국역,20117.0,37.57651,126.9876,11시,1703.0
0,20190503.0,금,율곡로(안국역),A-05,유출,안국동사거리->안국역,20117.0,37.57651,126.9876,12시,1580.0
0,20190503.0,금,율곡로(안국역),A-05,유출,안국동사거리->안국역,20117.0,37.57651,126.9876,13시,1436.0
0,20190503.0,금,율곡로(안국역),A-05,유출,안국동사거리->안국역,20117.0,37.57651,126.9876,14시,1351.0
0,20190503.0,금,율곡로(안국역),A-05,유출,안국동사거리->안국역,20117.0,37.57651,126.9876,15시,1485.0
0,20190503.0,금,율곡로(안국역),A-05,유출,안국동사거리->안국역,20117.0,37.57651,126.9876,16시,1577.0
0,20190503.0,금,율곡로(안국역),A-05,유출,안국동사거리->안국역,20117.0,37.57651,126.9876,17시,1599.0
0,20190503.0,금,율곡로(안국역),A-05,유출,안국동사거리->안국역,20117.0,37.57651,126.9876,18시,1490.0
0,20190503.0,금,율곡로(안국역),A-05,유출,안국동사거리->안국역,20117.0,37.57651,126.9876,19시,1529.0
0,20190503.0,금,율곡로(안국역),A-05,유출,안국동사거리->안국역,20117.0,37.57651,126.9876,20시,1460.0
0,20190504.0,토,율곡로(안국역),A-05,유출,안국동사거리->안국역,16726.0,37.57651,126.9876,8시,1183.0
0,20190504.0,토,율곡로(안국역),A-05,유출,안국동사거리->안국역,16726.0,37.57651,126.9876,9시,1417.0
0,20190504.0,토,율곡로(안국역),A-05,유출,안국동사거리->안국역,16726.0,37.57651,126.9876,10시,1424.0
0,20190504.0,토,율곡로(안국역),A-05,유출,안국동사거리->안국역,16726.0,37.57651,126.9876,11시,1551.0
0,20190504.0,토,율곡로(안국역),A-05,유출,안국동사거리->안국역,16726.0,37.57651,126.9876,12시,1459.0
0,20190504.0,토,율곡로(안국역),A-05,유출,안국동사거리->안국역,16726.0,37.57651,126.9876,13시,1320.0
0,20190504.0,토,율곡로(안국역),A-05,유출,안국동사거리->안국역,16726.0,37.57651,126.9876,14시,1300.0
0,20190504.0,토,율곡로(안국역),A-05,유출,안국동사거리->안국역,16726.0,37.57651,126.9876,15시,1156.0
0,20190504.0,토,율곡로(안국역),A-05,유출,안국동사거리->안국역,16726.0,37.57651,126.9876,16시,1317.0
0,20190504.0,토,율곡로(안국역),A-05,유출,안국동사거리->안국역,16726.0,37.57651,126.9876,17시,1144.0
0,20190504.0,토,율곡로(안국역),A-05,유출,안국동사거리->안국역,16726.0,37.57651,126.9876,18시,1361.0
0,20190504.0,토,율곡로(안국역),A-05,유출,안국동사거리->안국역,16726.0,37.57651,126.9876,19시,1095.0
0,20190504.0,토,율곡로(안국역),A-05,유출,안국동사거리->안국역,16726.0,37.57651,126.9876,20시,999.0
0,20190505.0,일,율곡로(안국역),A-05,유출,안국동사거리->안국역,19305.0,37.57651,126.9876,8시,813.0
0,20190505.0,일,율곡로(안국역),A-05,유출,안국동사거리->안국역,19305.0,37.57651,126.9876,9시,1230.0
0,20190505.0,일,율곡로(안국역),A-05,유출,안국동사거리->안국역,19305.0,37.57651,126.9876,10시,1657.0
0,20190505.0,일,율곡로(안국역),A-05,유출,안국동사거리->안국역,19305.0,37.57651,126.9876,11시,1725.0
0,20190505.0,일,율곡로(안국역),A-05,유출,안국동사거리->안국역,19305.0,37.57651,126.9876,12시,1527.0
0,20190505.0,일,율곡로(안국역),A-05,유출,안국동사거리->안국역,19305.0,37.57651,126.9876,13시,1601.0
0,20190505.0,일,율곡로(안국역),A-05,유출,안국동사거리->안국역,19305.0,37.57651,126.9876,14시,1504.0
0,20190505.0,일,율곡로(안국역),A-05,유출,안국동사거리->안국역,19305.0,37.57651,126.9876,15시,1462.0
0,20190505.0,일,율곡로(안국역),A-05,유출,안국동사거리->안국역,19305.0,37.57651,126.9876,16시,1625.0
0,20190505.0,일,율곡로(안국역),A-05,유출,안국동사거리->안국역,19305.0,37.57651,126.9876,17시,1589.0
0,20190505.0,일,율곡로(안국역),A-05,유출,안국동사거리->안국역,19305.0,37.57651,126.9876,18시,1663.0
0,20190505.0,일,율곡로(안국역),A-05,유출,안국동사거리->안국역,19305.0,37.57651,126.9876,19시,1457.0
0,20190505.0,일,율곡로(안국역),A-05,유출,안국동사거리->안국역,19305.0,37.57651,126.9876,20시,1452.0
0,20190506.0,월,율곡로(안국역),A-05,유출,안국동사거리->안국역,18031.0,37.57651,126.9876,8시,840.0
0,20190506.0,월,율곡로(안국역),A-05,유출,안국동사거리->안국역,18031.0,37.57651,126.9876,9시,1076.0
0,20190506.0,월,율곡로(안국역),A-05,유출,안국동사거리->안국역,18031.0,37.57651,126.9876,10시,1234.0
0,20190506.0,월,율곡로(안국역),A-05,유출,안국동사거리->안국역,18031.0,37.57651,126.9876,11시,1484.0
0,20190506.0,월,율곡로(안국역),A-05,유출,안국동사거리->안국역,18031.0,37.57651,126.9876,12시,1602.0
0,20190506.0,월,율곡로(안국역),A-05,유출,안국동사거리->안국역,18031.0,37.57651,126.9876,13시,1675.0
0,20190506.0,월,율곡로(안국역),A-05,유출,안국동사거리->안국역,18031.0,37.57651,126.9876,14시,1649.0
0,20190506.0,월,율곡로(안국역),A-05,유출,안국동사거리->안국역,18031.0,37.57651,126.9876,15시,1567.0
0,20190506.0,월,율곡로(안국역),A-05,유출,안국동사거리->안국역,18031.0,37.57651,126.9876,16시,1561.0
0,20190506.0,월,율곡로(안국역),A-05,유출,안국동사거리->안국역,18031.0,37.57651,126.9876,17시,1556.0
0,20190506.0,월,율곡로(안국역),A-05,유출,안국동사거리->안국역,18031.0,37.57651,126.9876,18시,1335.0
0,20190506.0,월,율곡로(안국역),A-05,유출,안국동사거리->안국역,18031.0,37.57651,126.9876,19시,1243.0
0,20190506.0,월,율곡로(안국역),A-05,유출,안국동사거리->안국역,18031.0,37.57651,126.9876,20시,1209.0
0,20190507.0,화,율곡로(안국역),A-05,유출,안국동사거리->안국역,20246.0,37.57651,126.9876,8시,1569.0
0,20190507.0,화,율곡로(안국역),A-05,유출,안국동사거리->안국역,20246.0,37.57651,126.9876,9시,1664.0
0,20190507.0,화,율곡로(안국역),A-05,유출,안국동사거리->안국역,20246.0,37.57651,126.9876,10시,1639.0
0,20190507.0,화,율곡로(안국역),A-05,유출,안국동사거리->안국역,20246.0,37.57651,126.9876,11시,1544.0
0,20190507.0,화,율곡로(안국역),A-05,유출,안국동사거리->안국역,20246.0,37.57651,126.9876,12시,1624.0
0,20190507.0,화,율곡로(안국역),A-05,유출,안국동사거리->안국역,20246.0,37.57651,126.9876,13시,1599.0
0,20190507.0,화,율곡로(안국역),A-05,유출,안국동사거리->안국역,20246.0,37.57651,126.9876,14시,1627.0
0,20190507.0,화,율곡로(안국역),A-05,유출,안국동사거리->안국역,20246.0,37.57651,126.9876,15시,1605.0
0,20190507.0,화,율곡로(안국역),A-05,유출,안국동사거리->안국역,20246.0,37.57651,126.9876,16시,1416.0
0,20190507.0,화,율곡로(안국역),A-05,유출,안국동사거리->안국역,20246.0,37.57651,126.9876,17시,1552.0
0,20190507.0,화,율곡로(안국역),A-05,유출,안국동사거리->안국역,20246.0,37.57651,126.9876,18시,1551.0
0,20190507.0,화,율곡로(안국역),A-05,유출,안국동사거리->안국역,20246.0,37.57651,126.9876,19시,1507.0
0,20190507.0,화,율곡로(안국역),A-05,유출,안국동사거리->안국역,20246.0,37.57651,126.9876,20시,1349.0
0,20190508.0,수,율곡로(안국역),A-05,유출,안국동사거리->안국역,20468.0,37.57651,126.9876,8시,1573.0
0,20190508.0,수,율곡로(안국역),A-05,유출,안국동사거리->안국역,20468.0,37.57651,126.9876,9시,1624.0
0,20190508.0,수,율곡로(안국역),A-05,유출,안국동사거리->안국역,20468.0,37.57651,126.9876,10시,1766.0
0,20190508.0,수,율곡로(안국역),A-05,유출,안국동사거리->안국역,20468.0,37.57651,126.9876,11시,1671.0
0,20190508.0,수,율곡로(안국역),A-05,유출,안국동사거리->안국역,20468.0,37.57651,126.9876,12시,1637.0
0,20190508.0,수,율곡로(안국역),A-05,유출,안국동사거리->안국역,20468.0,37.57651,126.9876,13시,1618.0
0,20190508.0,수,율곡로(안국역),A-05,유출,안국동사거리->안국역,20468.0,37.57651,126.9876,14시,1524.0
0,20190508.0,수,율곡로(안국역),A-05,유출,안국동사거리->안국역,20468.0,37.57651,126.9876,15시,1623.0
0,20190508.0,수,율곡로(안국역),A-05,유출,안국동사거리->안국역,20468.0,37.57651,126.9876,16시,1402.0
0,20190508.0,수,율곡로(안국역),A-05,유출,안국동사거리->안국역,20468.0,37.57651,126.9876,17시,1609.0
0,20190508.0,수,율곡로(안국역),A-05,유출,안국동사거리->안국역,20468.0,37.57651,126.9876,18시,1569.0
0,20190508.0,수,율곡로(안국역),A-05,유출,안국동사거리->안국역,20468.0,37.57651,126.9876,19시,1486.0
0,20190508.0,수,율곡로(안국역),A-05,유출,안국동사거리->안국역,20468.0,37.57651,126.9876,20시,1366.0
0,20190509.0,목,율곡로(안국역),A-05,유출,안국동사거리->안국역,20562.0,37.57651,126.9876,8시,1593.0
0,20190509.0,목,율곡로(안국역),A-05,유출,안국동사거리->안국역,20562.0,37.57651,126.9876,9시,1700.0
0,20190509.0,목,율곡로(안국역),A-05,유출,안국동사거리->안국역,20562.0,37.57651,126.9876,10시,1778.0
0,20190509.0,목,율곡로(안국역),A-05,유출,안국동사거리->안국역,20562.0,37.57651,126.9876,11시,1670.0
0,20190509.0,목,율곡로(안국역),A-05,유출,안국동사거리->안국역,20562.0,37.57651,126.9876,12시,1641.0
0,20190509.0,목,율곡로(안국역),A-05,유출,안국동사거리->안국역,20562.0,37.57651,126.9876,13시,1594.0
0,20190509.0,목,율곡로(안국역),A-05,유출,안국동사거리->안국역,20562.0,37.57651,126.9876,14시,1599.0
0,20190509.0,목,율곡로(안국역),A-05,유출,안국동사거리->안국역,20562.0,37.57651,126.9876,15시,1587.0
0,20190509.0,목,율곡로(안국역),A-05,유출,안국동사거리->안국역,20562.0,37.57651,126.9876,16시,1590.0
0,20190509.0,목,율곡로(안국역),A-05,유출,안국동사거리->안국역,20562.0,37.57651,126.9876,17시,1514.0
0,20190509.0,목,율곡로(안국역),A-05,유출,안국동사거리->안국역,20562.0,37.57651,126.9876,18시,1493.0
0,20190509.0,목,율곡로(안국역),A-05,유출,안국동사거리->안국역,20562.0,37.57651,126.9876,19시,1530.0
0,20190509.0,목,율곡로(안국역),A-05,유출,안국동사거리->안국역,20562.0,37.57651,126.9876,20시,1273.0
0,20190510.0,금,율곡로(안국역),A-05,유출,안국동사거리->안국역,20120.0,37.57651,126.9876,8시,1544.0
0,20190510.0,금,율곡로(안국역),A-05,유출,안국동사거리->안국역,20120.0,37.57651,126.9876,9시,1682.0
0,20190510.0,금,율곡로(안국역),A-05,유출,안국동사거리->안국역,20120.0,37.57651,126.9876,10시,1506.0
0,20190510.0,금,율곡로(안국역),A-05,유출,안국동사거리->안국역,20120.0,37.57651,126.9876,11시,1492.0
0,20190510.0,금,율곡로(안국역),A-05,유출,안국동사거리->안국역,20120.0,37.57651,126.9876,12시,1630.0
0,20190510.0,금,율곡로(안국역),A-05,유출,안국동사거리->안국역,20120.0,37.57651,126.9876,13시,1559.0
0,20190510.0,금,율곡로(안국역),A-05,유출,안국동사거리->안국역,20120.0,37.57651,126.9876,14시,1582.0
0,20190510.0,금,율곡로(안국역),A-05,유출,안국동사거리->안국역,20120.0,37.57651,126.9876,15시,1592.0
0,20190510.0,금,율곡로(안국역),A-05,유출,안국동사거리->안국역,20120.0,37.57651,126.9876,16시,1573.0
0,20190510.0,금,율곡로(안국역),A-05,유출,안국동사거리->안국역,20120.0,37.57651,126.9876,17시,1601.0
0,20190510.0,금,율곡로(안국역),A-05,유출,안국동사거리->안국역,20120.0,37.57651,126.9876,18시,1501.0
0,20190510.0,금,율곡로(안국역),A-05,유출,안국동사거리->안국역,20120.0,37.57651,126.9876,19시,1485.0
0,20190510.0,금,율곡로(안국역),A-05,유출,안국동사거리->안국역,20120.0,37.57651,126.9876,20시,1373.0
0,20190511.0,토,율곡로(안국역),A-05,유출,안국동사거리->안국역,17441.0,37.57651,126.9876,8시,1273.0
0,20190511.0,토,율곡로(안국역),A-05,유출,안국동사거리->안국역,17441.0,37.57651,126.9876,9시,1466.0
0,20190511.0,토,율곡로(안국역),A-05,유출,안국동사거리->안국역,17441.0,37.57651,126.9876,10시,1369.0
0,20190511.0,토,율곡로(안국역),A-05,유출,안국동사거리->안국역,17441.0,37.57651,126.9876,11시,1556.0
0,20190511.0,토,율곡로(안국역),A-05,유출,안국동사거리->안국역,17441.0,37.57651,126.9876,12시,1478.0
0,20190511.0,토,율곡로(안국역),A-05,유출,안국동사거리->안국역,17441.0,37.57651,126.9876,13시,1467.0
0,20190511.0,토,율곡로(안국역),A-05,유출,안국동사거리->안국역,17441.0,37.57651,126.9876,14시,1404.0
0,20190511.0,토,율곡로(안국역),A-05,유출,안국동사거리->안국역,17441.0,37.57651,126.9876,15시,1119.0
0,20190511.0,토,율곡로(안국역),A-05,유출,안국동사거리->안국역,17441.0,37.57651,126.9876,16시,1405.0
0,20190511.0,토,율곡로(안국역),A-05,유출,안국동사거리->안국역,17441.0,37.57651,126.9876,17시,1372.0
0,20190511.0,토,율곡로(안국역),A-05,유출,안국동사거리->안국역,17441.0,37.57651,126.9876,18시,1343.0
0,20190511.0,토,율곡로(안국역),A-05,유출,안국동사거리->안국역,17441.0,37.57651,126.9876,19시,1189.0
0,20190511.0,토,율곡로(안국역),A-05,유출,안국동사거리->안국역,17441.0,37.57651,126.9876,20시,1000.0
0,20190512.0,일,율곡로(안국역),A-05,유출,안국동사거리->안국역,18113.0,37.57651,126.9876,8시,980.0
0,20190512.0,일,율곡로(안국역),A-05,유출,안국동사거리->안국역,18113.0,37.57651,126.9876,9시,1252.0
0,20190512.0,일,율곡로(안국역),A-05,유출,안국동사거리->안국역,18113.0,37.57651,126.9876,10시,1449.0
0,20190512.0,일,율곡로(안국역),A-05,유출,안국동사거리->안국역,18113.0,37.57651,126.9876,11시,1579.0
0,20190512.0,일,율곡로(안국역),A-05,유출,안국동사거리->안국역,18113.0,37.57651,126.9876,12시,1599.0
0,20190512.0,일,율곡로(안국역),A-05,유출,안국동사거리->안국역,18113.0,37.57651,126.9876,13시,1562.0
0,20190512.0,일,율곡로(안국역),A-05,유출,안국동사거리->안국역,18113.0,37.57651,126.9876,14시,1614.0
0,20190512.0,일,율곡로(안국역),A-05,유출,안국동사거리->안국역,18113.0,37.57651,126.9876,15시,1355.0
0,20190512.0,일,율곡로(안국역),A-05,유출,안국동사거리->안국역,18113.0,37.57651,126.9876,16시,1373.0
0,20190512.0,일,율곡로(안국역),A-05,유출,안국동사거리->안국역,18113.0,37.57651,126.9876,17시,1593.0
0,20190512.0,일,율곡로(안국역),A-05,유출,안국동사거리->안국역,18113.0,37.57651,126.9876,18시,1359.0
0,20190512.0,일,율곡로(안국역),A-05,유출,안국동사거리->안국역,18113.0,37.57651,126.9876,19시,1275.0
0,20190512.0,일,율곡로(안국역),A-05,유출,안국동사거리->안국역,18113.0,37.57651,126.9876,20시,1123.0
0,20190513.0,월,율곡로(안국역),A-05,유출,안국동사거리->안국역,20147.0,37.57651,126.9876,8시,1575.0
0,20190513.0,월,율곡로(안국역),A-05,유출,안국동사거리->안국역,20147.0,37.57651,126.9876,9시,1681.0
0,20190513.0,월,율곡로(안국역),A-05,유출,안국동사거리->안국역,20147.0,37.57651,126.9876,10시,1700.0
0,20190513.0,월,율곡로(안국역),A-05,유출,안국동사거리->안국역,20147.0,37.57651,126.9876,11시,1729.0
0,20190513.0,월,율곡로(안국역),A-05,유출,안국동사거리->안국역,20147.0,37.57651,126.9876,12시,1576.0
0,20190513.0,월,율곡로(안국역),A-05,유출,안국동사거리->안국역,20147.0,37.57651,126.9876,13시,1609.0
0,20190513.0,월,율곡로(안국역),A-05,유출,안국동사거리->안국역,20147.0,37.57651,126.9876,14시,1426.0
0,20190513.0,월,율곡로(안국역),A-05,유출,안국동사거리->안국역,20147.0,37.57651,126.9876,15시,1273.0
0,20190513.0,월,율곡로(안국역),A-05,유출,안국동사거리->안국역,20147.0,37.57651,126.9876,16시,1565.0
0,20190513.0,월,율곡로(안국역),A-05,유출,안국동사거리->안국역,20147.0,37.57651,126.9876,17시,1623.0
0,20190513.0,월,율곡로(안국역),A-05,유출,안국동사거리->안국역,20147.0,37.57651,126.9876,18시,1615.0
0,20190513.0,월,율곡로(안국역),A-05,유출,안국동사거리->안국역,20147.0,37.57651,126.9876,19시,1498.0
0,20190513.0,월,율곡로(안국역),A-05,유출,안국동사거리->안국역,20147.0,37.57651,126.9876,20시,1277.0
0,20190514.0,화,율곡로(안국역),A-05,유출,안국동사거리->안국역,20403.0,37.57651,126.9876,8시,1630.0
0,20190514.0,화,율곡로(안국역),A-05,유출,안국동사거리->안국역,20403.0,37.57651,126.9876,9시,1715.0
0,20190514.0,화,율곡로(안국역),A-05,유출,안국동사거리->안국역,20403.0,37.57651,126.9876,10시,1683.0
0,20190514.0,화,율곡로(안국역),A-05,유출,안국동사거리->안국역,20403.0,37.57651,126.9876,11시,1659.0
0,20190514.0,화,율곡로(안국역),A-05,유출,안국동사거리->안국역,20403.0,37.57651,126.9876,12시,1630.0
0,20190514.0,화,율곡로(안국역),A-05,유출,안국동사거리->안국역,20403.0,37.57651,126.9876,13시,1563.0
0,20190514.0,화,율곡로(안국역),A-05,유출,안국동사거리->안국역,20403.0,37.57651,126.9876,14시,1630.0
0,20190514.0,화,율곡로(안국역),A-05,유출,안국동사거리->안국역,20403.0,37.57651,126.9876,15시,1598.0
0,20190514.0,화,율곡로(안국역),A-05,유출,안국동사거리->안국역,20403.0,37.57651,126.9876,16시,1576.0
0,20190514.0,화,율곡로(안국역),A-05,유출,안국동사거리->안국역,20403.0,37.57651,126.9876,17시,1554.0
0,20190514.0,화,율곡로(안국역),A-05,유출,안국동사거리->안국역,20403.0,37.57651,126.9876,18시,1553.0
0,20190514.0,화,율곡로(안국역),A-05,유출,안국동사거리->안국역,20403.0,37.57651,126.9876,19시,1335.0
0,20190514.0,화,율곡로(안국역),A-05,유출,안국동사거리->안국역,20403.0,37.57651,126.9876,20시,1277.0
0,20190515.0,수,율곡로(안국역),A-05,유출,안국동사거리->안국역,20006.0,37.57651,126.9876,8시,1621.0
0,20190515.0,수,율곡로(안국역),A-05,유출,안국동사거리->안국역,20006.0,37.57651,126.9876,9시,1694.0
0,20190515.0,수,율곡로(안국역),A-05,유출,안국동사거리->안국역,20006.0,37.57651,126.9876,10시,1723.0
0,20190515.0,수,율곡로(안국역),A-05,유출,안국동사거리->안국역,20006.0,37.57651,126.9876,11시,1677.0
0,20190515.0,수,율곡로(안국역),A-05,유출,안국동사거리->안국역,20006.0,37.57651,126.9876,12시,1637.0
0,20190515.0,수,율곡로(안국역),A-05,유출,안국동사거리->안국역,20006.0,37.57651,126.9876,13시,1556.0
0,20190515.0,수,율곡로(안국역),A-05,유출,안국동사거리->안국역,20006.0,37.57651,126.9876,14시,1470.0
0,20190515.0,수,율곡로(안국역),A-05,유출,안국동사거리->안국역,20006.0,37.57651,126.9876,15시,1285.0
0,20190515.0,수,율곡로(안국역),A-05,유출,안국동사거리->안국역,20006.0,37.57651,126.9876,16시,1460.0
0,20190515.0,수,율곡로(안국역),A-05,유출,안국동사거리->안국역,20006.0,37.57651,126.9876,17시,1619.0
0,20190515.0,수,율곡로(안국역),A-05,유출,안국동사거리->안국역,20006.0,37.57651,126.9876,18시,1548.0
0,20190515.0,수,율곡로(안국역),A-05,유출,안국동사거리->안국역,20006.0,37.57651,126.9876,19시,1480.0
0,20190515.0,수,율곡로(안국역),A-05,유출,안국동사거리->안국역,20006.0,37.57651,126.9876,20시,1236.0
0,20190516.0,목,율곡로(안국역),A-05,유출,안국동사거리->안국역,20848.0,37.57651,126.9876,8시,1565.0
0,20190516.0,목,율곡로(안국역),A-05,유출,안국동사거리->안국역,20848.0,37.57651,126.9876,9시,1696.0
0,20190516.0,목,율곡로(안국역),A-05,유출,안국동사거리->안국역,20848.0,37.57651,126.9876,10시,1740.0
0,20190516.0,목,율곡로(안국역),A-05,유출,안국동사거리->안국역,20848.0,37.57651,126.9876,11시,1670.0
0,20190516.0,목,율곡로(안국역),A-05,유출,안국동사거리->안국역,20848.0,37.57651,126.9876,12시,1630.0
0,20190516.0,목,율곡로(안국역),A-05,유출,안국동사거리->안국역,20848.0,37.57651,126.9876,13시,1655.0
0,20190516.0,목,율곡로(안국역),A-05,유출,안국동사거리->안국역,20848.0,37.57651,126.9876,14시,1587.0
0,20190516.0,목,율곡로(안국역),A-05,유출,안국동사거리->안국역,20848.0,37.57651,126.9876,15시,1626.0
0,20190516.0,목,율곡로(안국역),A-05,유출,안국동사거리->안국역,20848.0,37.57651,126.9876,16시,1599.0
0,20190516.0,목,율곡로(안국역),A-05,유출,안국동사거리->안국역,20848.0,37.57651,126.9876,17시,1633.0
0,20190516.0,목,율곡로(안국역),A-05,유출,안국동사거리->안국역,20848.0,37.57651,126.9876,18시,1550.0
0,20190516.0,목,율곡로(안국역),A-05,유출,안국동사거리->안국역,20848.0,37.57651,126.9876,19시,1569.0
0,20190516.0,목,율곡로(안국역),A-05,유출,안국동사거리->안국역,20848.0,37.57651,126.9876,20시,1328.0
0,20190517.0,금,율곡로(안국역),A-05,유출,안국동사거리->안국역,20724.0,37.57651,126.9876,8시,1568.0
0,20190517.0,금,율곡로(안국역),A-05,유출,안국동사거리->안국역,20724.0,37.57651,126.9876,9시,1655.0
0,20190517.0,금,율곡로(안국역),A-05,유출,안국동사거리->안국역,20724.0,37.57651,126.9876,10시,1755.0
0,20190517.0,금,율곡로(안국역),A-05,유출,안국동사거리->안국역,20724.0,37.57651,126.9876,11시,1692.0
0,20190517.0,금,율곡로(안국역),A-05,유출,안국동사거리->안국역,20724.0,37.57651,126.9876,12시,1656.0
0,20190517.0,금,율곡로(안국역),A-05,유출,안국동사거리->안국역,20724.0,37.57651,126.9876,13시,1635.0
0,20190517.0,금,율곡로(안국역),A-05,유출,안국동사거리->안국역,20724.0,37.57651,126.9876,14시,1589.0
0,20190517.0,금,율곡로(안국역),A-05,유출,안국동사거리->안국역,20724.0,37.57651,126.9876,15시,1555.0
0,20190517.0,금,율곡로(안국역),A-05,유출,안국동사거리->안국역,20724.0,37.57651,126.9876,16시,1550.0
0,20190517.0,금,율곡로(안국역),A-05,유출,안국동사거리->안국역,20724.0,37.57651,126.9876,17시,1691.0
0,20190517.0,금,율곡로(안국역),A-05,유출,안국동사거리->안국역,20724.0,37.57651,126.9876,18시,1506.0
0,20190517.0,금,율곡로(안국역),A-05,유출,안국동사거리->안국역,20724.0,37.57651,126.9876,19시,1436.0
0,20190517.0,금,율곡로(안국역),A-05,유출,안국동사거리->안국역,20724.0,37.57651,126.9876,20시,1436.0
0,20190518.0,토,율곡로(안국역),A-05,유출,안국동사거리->안국역,18483.0,37.57651,126.9876,8시,1313.0
0,20190518.0,토,율곡로(안국역),A-05,유출,안국동사거리->안국역,18483.0,37.57651,126.9876,9시,1488.0
0,20190518.0,토,율곡로(안국역),A-05,유출,안국동사거리->안국역,18483.0,37.57651,126.9876,10시,1454.0
0,20190518.0,토,율곡로(안국역),A-05,유출,안국동사거리->안국역,18483.0,37.57651,126.9876,11시,1586.0
0,20190518.0,토,율곡로(안국역),A-05,유출,안국동사거리->안국역,18483.0,37.57651,126.9876,12시,1398.0
0,20190518.0,토,율곡로(안국역),A-05,유출,안국동사거리->안국역,18483.0,37.57651,126.9876,13시,1591.0
0,20190518.0,토,율곡로(안국역),A-05,유출,안국동사거리->안국역,18483.0,37.57651,126.9876,14시,1525.0
0,20190518.0,토,율곡로(안국역),A-05,유출,안국동사거리->안국역,18483.0,37.57651,126.9876,15시,1383.0
0,20190518.0,토,율곡로(안국역),A-05,유출,안국동사거리->안국역,18483.0,37.57651,126.9876,16시,1467.0
0,20190518.0,토,율곡로(안국역),A-05,유출,안국동사거리->안국역,18483.0,37.57651,126.9876,17시,1189.0
0,20190518.0,토,율곡로(안국역),A-05,유출,안국동사거리->안국역,18483.0,37.57651,126.9876,18시,1488.0
0,20190518.0,토,율곡로(안국역),A-05,유출,안국동사거리->안국역,18483.0,37.57651,126.9876,19시,1395.0
0,20190518.0,토,율곡로(안국역),A-05,유출,안국동사거리->안국역,18483.0,37.57651,126.9876,20시,1206.0
0,20190519.0,일,율곡로(안국역),A-05,유출,안국동사거리->안국역,18089.0,37.57651,126.9876,8시,897.0
0,20190519.0,일,율곡로(안국역),A-05,유출,안국동사거리->안국역,18089.0,37.57651,126.9876,9시,1163.0
0,20190519.0,일,율곡로(안국역),A-05,유출,안국동사거리->안국역,18089.0,37.57651,126.9876,10시,1320.0
0,20190519.0,일,율곡로(안국역),A-05,유출,안국동사거리->안국역,18089.0,37.57651,126.9876,11시,1474.0
0,20190519.0,일,율곡로(안국역),A-05,유출,안국동사거리->안국역,18089.0,37.57651,126.9876,12시,1579.0
0,20190519.0,일,율곡로(안국역),A-05,유출,안국동사거리->안국역,18089.0,37.57651,126.9876,13시,1586.0
0,20190519.0,일,율곡로(안국역),A-05,유출,안국동사거리->안국역,18089.0,37.57651,126.9876,14시,1638.0
0,20190519.0,일,율곡로(안국역),A-05,유출,안국동사거리->안국역,18089.0,37.57651,126.9876,15시,1631.0
0,20190519.0,일,율곡로(안국역),A-05,유출,안국동사거리->안국역,18089.0,37.57651,126.9876,16시,1565.0
0,20190519.0,일,율곡로(안국역),A-05,유출,안국동사거리->안국역,18089.0,37.57651,126.9876,17시,1585.0
0,20190519.0,일,율곡로(안국역),A-05,유출,안국동사거리->안국역,18089.0,37.57651,126.9876,18시,1325.0
0,20190519.0,일,율곡로(안국역),A-05,유출,안국동사거리->안국역,18089.0,37.57651,126.9876,19시,1187.0
0,20190519.0,일,율곡로(안국역),A-05,유출,안국동사거리->안국역,18089.0,37.57651,126.9876,20시,1139.0
0,20190520.0,월,율곡로(안국역),A-05,유출,안국동사거리->안국역,20711.0,37.57651,126.9876,8시,1616.0
0,20190520.0,월,율곡로(안국역),A-05,유출,안국동사거리->안국역,20711.0,37.57651,126.9876,9시,1764.0
0,20190520.0,월,율곡로(안국역),A-05,유출,안국동사거리->안국역,20711.0,37.57651,126.9876,10시,1715.0
0,20190520.0,월,율곡로(안국역),A-05,유출,안국동사거리->안국역,20711.0,37.57651,126.9876,11시,1622.0
0,20190520.0,월,율곡로(안국역),A-05,유출,안국동사거리->안국역,20711.0,37.57651,126.9876,12시,1576.0
0,20190520.0,월,율곡로(안국역),A-05,유출,안국동사거리->안국역,20711.0,37.57651,126.9876,13시,1611.0
0,20190520.0,월,율곡로(안국역),A-05,유출,안국동사거리->안국역,20711.0,37.57651,126.9876,14시,1629.0
0,20190520.0,월,율곡로(안국역),A-05,유출,안국동사거리->안국역,20711.0,37.57651,126.9876,15시,1634.0
0,20190520.0,월,율곡로(안국역),A-05,유출,안국동사거리->안국역,20711.0,37.57651,126.9876,16시,1524.0
0,20190520.0,월,율곡로(안국역),A-05,유출,안국동사거리->안국역,20711.0,37.57651,126.9876,17시,1620.0
0,20190520.0,월,율곡로(안국역),A-05,유출,안국동사거리->안국역,20711.0,37.57651,126.9876,18시,1550.0
0,20190520.0,월,율곡로(안국역),A-05,유출,안국동사거리->안국역,20711.0,37.57651,126.9876,19시,1548.0
0,20190520.0,월,율곡로(안국역),A-05,유출,안국동사거리->안국역,20711.0,37.57651,126.9876,20시,1302.0
0,20190521.0,화,율곡로(안국역),A-05,유출,안국동사거리->안국역,19980.0,37.57651,126.9876,8시,1534.0
0,20190521.0,화,율곡로(안국역),A-05,유출,안국동사거리->안국역,19980.0,37.57651,126.9876,9시,1718.0
0,20190521.0,화,율곡로(안국역),A-05,유출,안국동사거리->안국역,19980.0,37.57651,126.9876,10시,1715.0
0,20190521.0,화,율곡로(안국역),A-05,유출,안국동사거리->안국역,19980.0,37.57651,126.9876,11시,1540.0
0,20190521.0,화,율곡로(안국역),A-05,유출,안국동사거리->안국역,19980.0,37.57651,126.9876,12시,1628.0
0,20190521.0,화,율곡로(안국역),A-05,유출,안국동사거리->안국역,19980.0,37.57651,126.9876,13시,1299.0
0,20190521.0,화,율곡로(안국역),A-05,유출,안국동사거리->안국역,19980.0,37.57651,126.9876,14시,1494.0
0,20190521.0,화,율곡로(안국역),A-05,유출,안국동사거리->안국역,19980.0,37.57651,126.9876,15시,1667.0
0,20190521.0,화,율곡로(안국역),A-05,유출,안국동사거리->안국역,19980.0,37.57651,126.9876,16시,1499.0
0,20190521.0,화,율곡로(안국역),A-05,유출,안국동사거리->안국역,19980.0,37.57651,126.9876,17시,1532.0
0,20190521.0,화,율곡로(안국역),A-05,유출,안국동사거리->안국역,19980.0,37.57651,126.9876,18시,1526.0
0,20190521.0,화,율곡로(안국역),A-05,유출,안국동사거리->안국역,19980.0,37.57651,126.9876,19시,1496.0
0,20190521.0,화,율곡로(안국역),A-05,유출,안국동사거리->안국역,19980.0,37.57651,126.9876,20시,1332.0
0,20190522.0,수,율곡로(안국역),A-05,유출,안국동사거리->안국역,18665.0,37.57651,126.9876,8시,1566.0
0,20190522.0,수,율곡로(안국역),A-05,유출,안국동사거리->안국역,18665.0,37.57651,126.9876,9시,1681.0
0,20190522.0,수,율곡로(안국역),A-05,유출,안국동사거리->안국역,18665.0,37.57651,126.9876,10시,1563.0
0,20190522.0,수,율곡로(안국역),A-05,유출,안국동사거리->안국역,18665.0,37.57651,126.9876,11시,1708.0
0,20190522.0,수,율곡로(안국역),A-05,유출,안국동사거리->안국역,18665.0,37.57651,126.9876,12시,1603.0
0,20190522.0,수,율곡로(안국역),A-05,유출,안국동사거리->안국역,18665.0,37.57651,126.9876,13시,1517.0
0,20190522.0,수,율곡로(안국역),A-05,유출,안국동사거리->안국역,18665.0,37.57651,126.9876,14시,1401.0
0,20190522.0,수,율곡로(안국역),A-05,유출,안국동사거리->안국역,18665.0,37.57651,126.9876,15시,1553.0
0,20190522.0,수,율곡로(안국역),A-05,유출,안국동사거리->안국역,18665.0,37.57651,126.9876,16시,1385.0
0,20190522.0,수,율곡로(안국역),A-05,유출,안국동사거리->안국역,18665.0,37.57651,126.9876,17시,1476.0
0,20190522.0,수,율곡로(안국역),A-05,유출,안국동사거리->안국역,18665.0,37.57651,126.9876,18시,1287.0
0,20190522.0,수,율곡로(안국역),A-05,유출,안국동사거리->안국역,18665.0,37.57651,126.9876,19시,829.0
0,20190522.0,수,율곡로(안국역),A-05,유출,안국동사거리->안국역,18665.0,37.57651,126.9876,20시,1096.0
0,20190523.0,목,율곡로(안국역),A-05,유출,안국동사거리->안국역,20322.0,37.57651,126.9876,8시,1571.0
0,20190523.0,목,율곡로(안국역),A-05,유출,안국동사거리->안국역,20322.0,37.57651,126.9876,9시,1644.0
0,20190523.0,목,율곡로(안국역),A-05,유출,안국동사거리->안국역,20322.0,37.57651,126.9876,10시,1441.0
0,20190523.0,목,율곡로(안국역),A-05,유출,안국동사거리->안국역,20322.0,37.57651,126.9876,11시,1643.0
0,20190523.0,목,율곡로(안국역),A-05,유출,안국동사거리->안국역,20322.0,37.57651,126.9876,12시,1633.0
0,20190523.0,목,율곡로(안국역),A-05,유출,안국동사거리->안국역,20322.0,37.57651,126.9876,13시,1548.0
0,20190523.0,목,율곡로(안국역),A-05,유출,안국동사거리->안국역,20322.0,37.57651,126.9876,14시,1571.0
0,20190523.0,목,율곡로(안국역),A-05,유출,안국동사거리->안국역,20322.0,37.57651,126.9876,15시,1606.0
0,20190523.0,목,율곡로(안국역),A-05,유출,안국동사거리->안국역,20322.0,37.57651,126.9876,16시,1580.0
0,20190523.0,목,율곡로(안국역),A-05,유출,안국동사거리->안국역,20322.0,37.57651,126.9876,17시,1583.0
0,20190523.0,목,율곡로(안국역),A-05,유출,안국동사거리->안국역,20322.0,37.57651,126.9876,18시,1622.0
0,20190523.0,목,율곡로(안국역),A-05,유출,안국동사거리->안국역,20322.0,37.57651,126.9876,19시,1542.0
0,20190523.0,목,율곡로(안국역),A-05,유출,안국동사거리->안국역,20322.0,37.57651,126.9876,20시,1338.0
0,20190524.0,금,율곡로(안국역),A-05,유출,안국동사거리->안국역,20726.0,37.57651,126.9876,8시,1589.0
0,20190524.0,금,율곡로(안국역),A-05,유출,안국동사거리->안국역,20726.0,37.57651,126.9876,9시,1656.0
0,20190524.0,금,율곡로(안국역),A-05,유출,안국동사거리->안국역,20726.0,37.57651,126.9876,10시,1699.0
0,20190524.0,금,율곡로(안국역),A-05,유출,안국동사거리->안국역,20726.0,37.57651,126.9876,11시,1684.0
0,20190524.0,금,율곡로(안국역),A-05,유출,안국동사거리->안국역,20726.0,37.57651,126.9876,12시,1643.0
0,20190524.0,금,율곡로(안국역),A-05,유출,안국동사거리->안국역,20726.0,37.57651,126.9876,13시,1644.0
0,20190524.0,금,율곡로(안국역),A-05,유출,안국동사거리->안국역,20726.0,37.57651,126.9876,14시,1592.0
0,20190524.0,금,율곡로(안국역),A-05,유출,안국동사거리->안국역,20726.0,37.57651,126.9876,15시,1536.0
0,20190524.0,금,율곡로(안국역),A-05,유출,안국동사거리->안국역,20726.0,37.57651,126.9876,16시,1614.0
0,20190524.0,금,율곡로(안국역),A-05,유출,안국동사거리->안국역,20726.0,37.57651,126.9876,17시,1603.0
0,20190524.0,금,율곡로(안국역),A-05,유출,안국동사거리->안국역,20726.0,37.57651,126.9876,18시,1586.0
0,20190524.0,금,율곡로(안국역),A-05,유출,안국동사거리->안국역,20726.0,37.57651,126.9876,19시,1557.0
0,20190524.0,금,율곡로(안국역),A-05,유출,안국동사거리->안국역,20726.0,37.57651,126.9876,20시,1323.0
0,20190525.0,토,율곡로(안국역),A-05,유출,안국동사거리->안국역,18755.0,37.57651,126.9876,8시,1229.0
0,20190525.0,토,율곡로(안국역),A-05,유출,안국동사거리->안국역,18755.0,37.57651,126.9876,9시,1490.0
0,20190525.0,토,율곡로(안국역),A-05,유출,안국동사거리->안국역,18755.0,37.57651,126.9876,10시,1580.0
0,20190525.0,토,율곡로(안국역),A-05,유출,안국동사거리->안국역,18755.0,37.57651,126.9876,11시,1608.0
0,20190525.0,토,율곡로(안국역),A-05,유출,안국동사거리->안국역,18755.0,37.57651,126.9876,12시,1535.0
0,20190525.0,토,율곡로(안국역),A-05,유출,안국동사거리->안국역,18755.0,37.57651,126.9876,13시,1523.0
0,20190525.0,토,율곡로(안국역),A-05,유출,안국동사거리->안국역,18755.0,37.57651,126.9876,14시,1530.0
0,20190525.0,토,율곡로(안국역),A-05,유출,안국동사거리->안국역,18755.0,37.57651,126.9876,15시,1458.0
0,20190525.0,토,율곡로(안국역),A-05,유출,안국동사거리->안국역,18755.0,37.57651,126.9876,16시,1224.0
0,20190525.0,토,율곡로(안국역),A-05,유출,안국동사거리->안국역,18755.0,37.57651,126.9876,17시,1550.0
0,20190525.0,토,율곡로(안국역),A-05,유출,안국동사거리->안국역,18755.0,37.57651,126.9876,18시,1374.0
0,20190525.0,토,율곡로(안국역),A-05,유출,안국동사거리->안국역,18755.0,37.57651,126.9876,19시,1351.0
0,20190525.0,토,율곡로(안국역),A-05,유출,안국동사거리->안국역,18755.0,37.57651,126.9876,20시,1303.0
0,20190526.0,일,율곡로(안국역),A-05,유출,안국동사거리->안국역,18483.0,37.57651,126.9876,8시,898.0
0,20190526.0,일,율곡로(안국역),A-05,유출,안국동사거리->안국역,18483.0,37.57651,126.9876,9시,1221.0
0,20190526.0,일,율곡로(안국역),A-05,유출,안국동사거리->안국역,18483.0,37.57651,126.9876,10시,1396.0
0,20190526.0,일,율곡로(안국역),A-05,유출,안국동사거리->안국역,18483.0,37.57651,126.9876,11시,1540.0
0,20190526.0,일,율곡로(안국역),A-05,유출,안국동사거리->안국역,18483.0,37.57651,126.9876,12시,1548.0
0,20190526.0,일,율곡로(안국역),A-05,유출,안국동사거리->안국역,18483.0,37.57651,126.9876,13시,1686.0
0,20190526.0,일,율곡로(안국역),A-05,유출,안국동사거리->안국역,18483.0,37.57651,126.9876,14시,1671.0
0,20190526.0,일,율곡로(안국역),A-05,유출,안국동사거리->안국역,18483.0,37.57651,126.9876,15시,1661.0
0,20190526.0,일,율곡로(안국역),A-05,유출,안국동사거리->안국역,18483.0,37.57651,126.9876,16시,1335.0
0,20190526.0,일,율곡로(안국역),A-05,유출,안국동사거리->안국역,18483.0,37.57651,126.9876,17시,1593.0
0,20190526.0,일,율곡로(안국역),A-05,유출,안국동사거리->안국역,18483.0,37.57651,126.9876,18시,1497.0
0,20190526.0,일,율곡로(안국역),A-05,유출,안국동사거리->안국역,18483.0,37.57651,126.9876,19시,1269.0
0,20190526.0,일,율곡로(안국역),A-05,유출,안국동사거리->안국역,18483.0,37.57651,126.9876,20시,1168.0
0,20190527.0,월,율곡로(안국역),A-05,유출,안국동사거리->안국역,20102.0,37.57651,126.9876,8시,1423.0
0,20190527.0,월,율곡로(안국역),A-05,유출,안국동사거리->안국역,20102.0,37.57651,126.9876,9시,1620.0
0,20190527.0,월,율곡로(안국역),A-05,유출,안국동사거리->안국역,20102.0,37.57651,126.9876,10시,1662.0
0,20190527.0,월,율곡로(안국역),A-05,유출,안국동사거리->안국역,20102.0,37.57651,126.9876,11시,1695.0
0,20190527.0,월,율곡로(안국역),A-05,유출,안국동사거리->안국역,20102.0,37.57651,126.9876,12시,1631.0
0,20190527.0,월,율곡로(안국역),A-05,유출,안국동사거리->안국역,20102.0,37.57651,126.9876,13시,1583.0
0,20190527.0,월,율곡로(안국역),A-05,유출,안국동사거리->안국역,20102.0,37.57651,126.9876,14시,1594.0
0,20190527.0,월,율곡로(안국역),A-05,유출,안국동사거리->안국역,20102.0,37.57651,126.9876,15시,1622.0
0,20190527.0,월,율곡로(안국역),A-05,유출,안국동사거리->안국역,20102.0,37.57651,126.9876,16시,1559.0
0,20190527.0,월,율곡로(안국역),A-05,유출,안국동사거리->안국역,20102.0,37.57651,126.9876,17시,1533.0
0,20190527.0,월,율곡로(안국역),A-05,유출,안국동사거리->안국역,20102.0,37.57651,126.9876,18시,1549.0
0,20190527.0,월,율곡로(안국역),A-05,유출,안국동사거리->안국역,20102.0,37.57651,126.9876,19시,1377.0
0,20190527.0,월,율곡로(안국역),A-05,유출,안국동사거리->안국역,20102.0,37.57651,126.9876,20시,1254.0
0,20190528.0,화,율곡로(안국역),A-05,유출,안국동사거리->안국역,20605.0,37.57651,126.9876,8시,1572.0
0,20190528.0,화,율곡로(안국역),A-05,유출,안국동사거리->안국역,20605.0,37.57651,126.9876,9시,1720.0
0,20190528.0,화,율곡로(안국역),A-05,유출,안국동사거리->안국역,20605.0,37.57651,126.9876,10시,1678.0
0,20190528.0,화,율곡로(안국역),A-05,유출,안국동사거리->안국역,20605.0,37.57651,126.9876,11시,1711.0
0,20190528.0,화,율곡로(안국역),A-05,유출,안국동사거리->안국역,20605.0,37.57651,126.9876,12시,1662.0
0,20190528.0,화,율곡로(안국역),A-05,유출,안국동사거리->안국역,20605.0,37.57651,126.9876,13시,1581.0
0,20190528.0,화,율곡로(안국역),A-05,유출,안국동사거리->안국역,20605.0,37.57651,126.9876,14시,1504.0
0,20190528.0,화,율곡로(안국역),A-05,유출,안국동사거리->안국역,20605.0,37.57651,126.9876,15시,1650.0
0,20190528.0,화,율곡로(안국역),A-05,유출,안국동사거리->안국역,20605.0,37.57651,126.9876,16시,1460.0
0,20190528.0,화,율곡로(안국역),A-05,유출,안국동사거리->안국역,20605.0,37.57651,126.9876,17시,1635.0
0,20190528.0,화,율곡로(안국역),A-05,유출,안국동사거리->안국역,20605.0,37.57651,126.9876,18시,1599.0
0,20190528.0,화,율곡로(안국역),A-05,유출,안국동사거리->안국역,20605.0,37.57651,126.9876,19시,1528.0
0,20190528.0,화,율곡로(안국역),A-05,유출,안국동사거리->안국역,20605.0,37.57651,126.9876,20시,1305.0
0,20190529.0,수,율곡로(안국역),A-05,유출,안국동사거리->안국역,20083.0,37.57651,126.9876,8시,1542.0
0,20190529.0,수,율곡로(안국역),A-05,유출,안국동사거리->안국역,20083.0,37.57651,126.9876,9시,1686.0
0,20190529.0,수,율곡로(안국역),A-05,유출,안국동사거리->안국역,20083.0,37.57651,126.9876,10시,1711.0
0,20190529.0,수,율곡로(안국역),A-05,유출,안국동사거리->안국역,20083.0,37.57651,126.9876,11시,1581.0
0,20190529.0,수,율곡로(안국역),A-05,유출,안국동사거리->안국역,20083.0,37.57651,126.9876,12시,1574.0
0,20190529.0,수,율곡로(안국역),A-05,유출,안국동사거리->안국역,20083.0,37.57651,126.9876,13시,1558.0
0,20190529.0,수,율곡로(안국역),A-05,유출,안국동사거리->안국역,20083.0,37.57651,126.9876,14시,1542.0
0,20190529.0,수,율곡로(안국역),A-05,유출,안국동사거리->안국역,20083.0,37.57651,126.9876,15시,1436.0
0,20190529.0,수,율곡로(안국역),A-05,유출,안국동사거리->안국역,20083.0,37.57651,126.9876,16시,1515.0
0,20190529.0,수,율곡로(안국역),A-05,유출,안국동사거리->안국역,20083.0,37.57651,126.9876,17시,1619.0
0,20190529.0,수,율곡로(안국역),A-05,유출,안국동사거리->안국역,20083.0,37.57651,126.9876,18시,1578.0
0,20190529.0,수,율곡로(안국역),A-05,유출,안국동사거리->안국역,20083.0,37.57651,126.9876,19시,1448.0
0,20190529.0,수,율곡로(안국역),A-05,유출,안국동사거리->안국역,20083.0,37.57651,126.9876,20시,1293.0
0,20190530.0,목,율곡로(안국역),A-05,유출,안국동사거리->안국역,20644.0,37.57651,126.9876,8시,1617.0
0,20190530.0,목,율곡로(안국역),A-05,유출,안국동사거리->안국역,20644.0,37.57651,126.9876,9시,1635.0
0,20190530.0,목,율곡로(안국역),A-05,유출,안국동사거리->안국역,20644.0,37.57651,126.9876,10시,1712.0
0,20190530.0,목,율곡로(안국역),A-05,유출,안국동사거리->안국역,20644.0,37.57651,126.9876,11시,1603.0
0,20190530.0,목,율곡로(안국역),A-05,유출,안국동사거리->안국역,20644.0,37.57651,126.9876,12시,1654.0
0,20190530.0,목,율곡로(안국역),A-05,유출,안국동사거리->안국역,20644.0,37.57651,126.9876,13시,1651.0
0,20190530.0,목,율곡로(안국역),A-05,유출,안국동사거리->안국역,20644.0,37.57651,126.9876,14시,1581.0
0,20190530.0,목,율곡로(안국역),A-05,유출,안국동사거리->안국역,20644.0,37.57651,126.9876,15시,1610.0
0,20190530.0,목,율곡로(안국역),A-05,유출,안국동사거리->안국역,20644.0,37.57651,126.9876,16시,1576.0
0,20190530.0,목,율곡로(안국역),A-05,유출,안국동사거리->안국역,20644.0,37.57651,126.9876,17시,1615.0
0,20190530.0,목,율곡로(안국역),A-05,유출,안국동사거리->안국역,20644.0,37.57651,126.9876,18시,1521.0
0,20190530.0,목,율곡로(안국역),A-05,유출,안국동사거리->안국역,20644.0,37.57651,126.9876,19시,1552.0
0,20190530.0,목,율곡로(안국역),A-05,유출,안국동사거리->안국역,20644.0,37.57651,126.9876,20시,1317.0
0,20190531.0,금,율곡로(안국역),A-05,유출,안국동사거리->안국역,19685.0,37.57651,126.9876,8시,1516.0
0,20190531.0,금,율곡로(안국역),A-05,유출,안국동사거리->안국역,19685.0,37.57651,126.9876,9시,1708.0
0,20190531.0,금,율곡로(안국역),A-05,유출,안국동사거리->안국역,19685.0,37.57651,126.9876,10시,1699.0
0,20190531.0,금,율곡로(안국역),A-05,유출,안국동사거리->안국역,19685.0,37.57651,126.9876,11시,1604.0
0,20190531.0,금,율곡로(안국역),A-05,유출,안국동사거리->안국역,19685.0,37.57651,126.9876,12시,1554.0
0,20190531.0,금,율곡로(안국역),A-05,유출,안국동사거리->안국역,19685.0,37.57651,126.9876,13시,1563.0
0,20190531.0,금,율곡로(안국역),A-05,유출,안국동사거리->안국역,19685.0,37.57651,126.9876,14시,1348.0
0,20190531.0,금,율곡로(안국역),A-05,유출,안국동사거리->안국역,19685.0,37.57651,126.9876,15시,1402.0
0,20190531.0,금,율곡로(안국역),A-05,유출,안국동사거리->안국역,19685.0,37.57651,126.9876,16시,1589.0
0,20190531.0,금,율곡로(안국역),A-05,유출,안국동사거리->안국역,19685.0,37.57651,126.9876,17시,1541.0
0,20190531.0,금,율곡로(안국역),A-05,유출,안국동사거리->안국역,19685.0,37.57651,126.9876,18시,1534.0
0,20190531.0,금,율곡로(안국역),A-05,유출,안국동사거리->안국역,19685.0,37.57651,126.9876,19시,1388.0
0,20190531.0,금,율곡로(안국역),A-05,유출,안국동사거리->안국역,19685.0,37.57651,126.9876,20시,1239.0
0,20170102.0,월,창경궁로(서울여자대학교),A-06,유입,성균관대입구->원남동사거리,16371.0,37.5831,127.0009,8시,2260.0
0,20170102.0,월,창경궁로(서울여자대학교),A-06,유입,성균관대입구->원남동사거리,16371.0,37.5831,127.0009,9시,1692.0
0,20170102.0,월,창경궁로(서울여자대학교),A-06,유입,성균관대입구->원남동사거리,16371.0,37.5831,127.0009,10시,1457.0
0,20170102.0,월,창경궁로(서울여자대학교),A-06,유입,성균관대입구->원남동사거리,16371.0,37.5831,127.0009,11시,1244.0
0,20170102.0,월,창경궁로(서울여자대학교),A-06,유입,성균관대입구->원남동사거리,16371.0,37.5831,127.0009,12시,1231.0
0,20170102.0,월,창경궁로(서울여자대학교),A-06,유입,성균관대입구->원남동사거리,16371.0,37.5831,127.0009,13시,1318.0
0,20170102.0,월,창경궁로(서울여자대학교),A-06,유입,성균관대입구->원남동사거리,16371.0,37.5831,127.0009,14시,1257.0
0,20170102.0,월,창경궁로(서울여자대학교),A-06,유입,성균관대입구->원남동사거리,16371.0,37.5831,127.0009,15시,1096.0
0,20170102.0,월,창경궁로(서울여자대학교),A-06,유입,성균관대입구->원남동사거리,16371.0,37.5831,127.0009,16시,1128.0
0,20170102.0,월,창경궁로(서울여자대학교),A-06,유입,성균관대입구->원남동사거리,16371.0,37.5831,127.0009,17시,1028.0
0,20170102.0,월,창경궁로(서울여자대학교),A-06,유입,성균관대입구->원남동사거리,16371.0,37.5831,127.0009,18시,946.0
0,20170102.0,월,창경궁로(서울여자대학교),A-06,유입,성균관대입구->원남동사거리,16371.0,37.5831,127.0009,19시,824.0
0,20170102.0,월,창경궁로(서울여자대학교),A-06,유입,성균관대입구->원남동사거리,16371.0,37.5831,127.0009,20시,890.0
0,20170103.0,화,창경궁로(서울여자대학교),A-06,유입,성균관대입구->원남동사거리,17244.0,37.5831,127.0009,8시,2361.0
0,20170103.0,화,창경궁로(서울여자대학교),A-06,유입,성균관대입구->원남동사거리,17244.0,37.5831,127.0009,9시,1788.0
0,20170103.0,화,창경궁로(서울여자대학교),A-06,유입,성균관대입구->원남동사거리,17244.0,37.5831,127.0009,10시,1633.0
0,20170103.0,화,창경궁로(서울여자대학교),A-06,유입,성균관대입구->원남동사거리,17244.0,37.5831,127.0009,11시,1396.0
0,20170103.0,화,창경궁로(서울여자대학교),A-06,유입,성균관대입구->원남동사거리,17244.0,37.5831,127.0009,12시,1224.0
0,20170103.0,화,창경궁로(서울여자대학교),A-06,유입,성균관대입구->원남동사거리,17244.0,37.5831,127.0009,13시,1365.0
0,20170103.0,화,창경궁로(서울여자대학교),A-06,유입,성균관대입구->원남동사거리,17244.0,37.5831,127.0009,14시,1243.0
0,20170103.0,화,창경궁로(서울여자대학교),A-06,유입,성균관대입구->원남동사거리,17244.0,37.5831,127.0009,15시,1201.0
0,20170103.0,화,창경궁로(서울여자대학교),A-06,유입,성균관대입구->원남동사거리,17244.0,37.5831,127.0009,16시,1106.0
0,20170103.0,화,창경궁로(서울여자대학교),A-06,유입,성균관대입구->원남동사거리,17244.0,37.5831,127.0009,17시,1122.0
0,20170103.0,화,창경궁로(서울여자대학교),A-06,유입,성균관대입구->원남동사거리,17244.0,37.5831,127.0009,18시,993.0
0,20170103.0,화,창경궁로(서울여자대학교),A-06,유입,성균관대입구->원남동사거리,17244.0,37.5831,127.0009,19시,891.0
0,20170103.0,화,창경궁로(서울여자대학교),A-06,유입,성균관대입구->원남동사거리,17244.0,37.5831,127.0009,20시,921.0
0,20170104.0,수,창경궁로(서울여자대학교),A-06,유입,성균관대입구->원남동사거리,17338.0,37.5831,127.0009,8시,2260.0
0,20170104.0,수,창경궁로(서울여자대학교),A-06,유입,성균관대입구->원남동사거리,17338.0,37.5831,127.0009,9시,1749.0
0,20170104.0,수,창경궁로(서울여자대학교),A-06,유입,성균관대입구->원남동사거리,17338.0,37.5831,127.0009,10시,1614.0
0,20170104.0,수,창경궁로(서울여자대학교),A-06,유입,성균관대입구->원남동사거리,17338.0,37.5831,127.0009,11시,1359.0
0,20170104.0,수,창경궁로(서울여자대학교),A-06,유입,성균관대입구->원남동사거리,17338.0,37.5831,127.0009,12시,1352.0
0,20170104.0,수,창경궁로(서울여자대학교),A-06,유입,성균관대입구->원남동사거리,17338.0,37.5831,127.0009,13시,1390.0
0,20170104.0,수,창경궁로(서울여자대학교),A-06,유입,성균관대입구->원남동사거리,17338.0,37.5831,127.0009,14시,1247.0
0,20170104.0,수,창경궁로(서울여자대학교),A-06,유입,성균관대입구->원남동사거리,17338.0,37.5831,127.0009,15시,1152.0
0,20170104.0,수,창경궁로(서울여자대학교),A-06,유입,성균관대입구->원남동사거리,17338.0,37.5831,127.0009,16시,1183.0
0,20170104.0,수,창경궁로(서울여자대학교),A-06,유입,성균관대입구->원남동사거리,17338.0,37.5831,127.0009,17시,1128.0
0,20170104.0,수,창경궁로(서울여자대학교),A-06,유입,성균관대입구->원남동사거리,17338.0,37.5831,127.0009,18시,1072.0
0,20170104.0,수,창경궁로(서울여자대학교),A-06,유입,성균관대입구->원남동사거리,17338.0,37.5831,127.0009,19시,933.0
0,20170104.0,수,창경궁로(서울여자대학교),A-06,유입,성균관대입구->원남동사거리,17338.0,37.5831,127.0009,20시,899.0
0,20170105.0,목,창경궁로(서울여자대학교),A-06,유입,성균관대입구->원남동사거리,17646.0,37.5831,127.0009,8시,2327.0
0,20170105.0,목,창경궁로(서울여자대학교),A-06,유입,성균관대입구->원남동사거리,17646.0,37.5831,127.0009,9시,1845.0
0,20170105.0,목,창경궁로(서울여자대학교),A-06,유입,성균관대입구->원남동사거리,17646.0,37.5831,127.0009,10시,1606.0
0,20170105.0,목,창경궁로(서울여자대학교),A-06,유입,성균관대입구->원남동사거리,17646.0,37.5831,127.0009,11시,1359.0
0,20170105.0,목,창경궁로(서울여자대학교),A-06,유입,성균관대입구->원남동사거리,17646.0,37.5831,127.0009,12시,1294.0
0,20170105.0,목,창경궁로(서울여자대학교),A-06,유입,성균관대입구->원남동사거리,17646.0,37.5831,127.0009,13시,1380.0
0,20170105.0,목,창경궁로(서울여자대학교),A-06,유입,성균관대입구->원남동사거리,17646.0,37.5831,127.0009,14시,1237.0
0,20170105.0,목,창경궁로(서울여자대학교),A-06,유입,성균관대입구->원남동사거리,17646.0,37.5831,127.0009,15시,1197.0
0,20170105.0,목,창경궁로(서울여자대학교),A-06,유입,성균관대입구->원남동사거리,17646.0,37.5831,127.0009,16시,1250.0
0,20170105.0,목,창경궁로(서울여자대학교),A-06,유입,성균관대입구->원남동사거리,17646.0,37.5831,127.0009,17시,1162.0
0,20170105.0,목,창경궁로(서울여자대학교),A-06,유입,성균관대입구->원남동사거리,17646.0,37.5831,127.0009,18시,1085.0
0,20170105.0,목,창경궁로(서울여자대학교),A-06,유입,성균관대입구->원남동사거리,17646.0,37.5831,127.0009,19시,920.0
0,20170105.0,목,창경궁로(서울여자대학교),A-06,유입,성균관대입구->원남동사거리,17646.0,37.5831,127.0009,20시,984.0
0,20170106.0,금,창경궁로(서울여자대학교),A-06,유입,성균관대입구->원남동사거리,18224.0,37.5831,127.0009,8시,2367.0
0,20170106.0,금,창경궁로(서울여자대학교),A-06,유입,성균관대입구->원남동사거리,18224.0,37.5831,127.0009,9시,1938.0
0,20170106.0,금,창경궁로(서울여자대학교),A-06,유입,성균관대입구->원남동사거리,18224.0,37.5831,127.0009,10시,1615.0
0,20170106.0,금,창경궁로(서울여자대학교),A-06,유입,성균관대입구->원남동사거리,18224.0,37.5831,127.0009,11시,1444.0
0,20170106.0,금,창경궁로(서울여자대학교),A-06,유입,성균관대입구->원남동사거리,18224.0,37.5831,127.0009,12시,1425.0
0,20170106.0,금,창경궁로(서울여자대학교),A-06,유입,성균관대입구->원남동사거리,18224.0,37.5831,127.0009,13시,1388.0
0,20170106.0,금,창경궁로(서울여자대학교),A-06,유입,성균관대입구->원남동사거리,18224.0,37.5831,127.0009,14시,1300.0
0,20170106.0,금,창경궁로(서울여자대학교),A-06,유입,성균관대입구->원남동사거리,18224.0,37.5831,127.0009,15시,1233.0
0,20170106.0,금,창경궁로(서울여자대학교),A-06,유입,성균관대입구->원남동사거리,18224.0,37.5831,127.0009,16시,1271.0
0,20170106.0,금,창경궁로(서울여자대학교),A-06,유입,성균관대입구->원남동사거리,18224.0,37.5831,127.0009,17시,1196.0
0,20170106.0,금,창경궁로(서울여자대학교),A-06,유입,성균관대입구->원남동사거리,18224.0,37.5831,127.0009,18시,1082.0
0,20170106.0,금,창경궁로(서울여자대학교),A-06,유입,성균관대입구->원남동사거리,18224.0,37.5831,127.0009,19시,988.0
0,20170106.0,금,창경궁로(서울여자대학교),A-06,유입,성균관대입구->원남동사거리,18224.0,37.5831,127.0009,20시,977.0
0,20170109.0,월,창경궁로(서울여자대학교),A-06,유입,성균관대입구->원남동사거리,17505.0,37.5831,127.0009,8시,2390.0
0,20170109.0,월,창경궁로(서울여자대학교),A-06,유입,성균관대입구->원남동사거리,17505.0,37.5831,127.0009,9시,1926.0
0,20170109.0,월,창경궁로(서울여자대학교),A-06,유입,성균관대입구->원남동사거리,17505.0,37.5831,127.0009,10시,1573.0
0,20170109.0,월,창경궁로(서울여자대학교),A-06,유입,성균관대입구->원남동사거리,17505.0,37.5831,127.0009,11시,1364.0
0,20170109.0,월,창경궁로(서울여자대학교),A-06,유입,성균관대입구->원남동사거리,17505.0,37.5831,127.0009,12시,1240.0
0,20170109.0,월,창경궁로(서울여자대학교),A-06,유입,성균관대입구->원남동사거리,17505.0,37.5831,127.0009,13시,1363.0
0,20170109.0,월,창경궁로(서울여자대학교),A-06,유입,성균관대입구->원남동사거리,17505.0,37.5831,127.0009,14시,1285.0
0,20170109.0,월,창경궁로(서울여자대학교),A-06,유입,성균관대입구->원남동사거리,17505.0,37.5831,127.0009,15시,1245.0
0,20170109.0,월,창경궁로(서울여자대학교),A-06,유입,성균관대입구->원남동사거리,17505.0,37.5831,127.0009,16시,1158.0
0,20170109.0,월,창경궁로(서울여자대학교),A-06,유입,성균관대입구->원남동사거리,17505.0,37.5831,127.0009,17시,1166.0
0,20170109.0,월,창경궁로(서울여자대학교),A-06,유입,성균관대입구->원남동사거리,17505.0,37.5831,127.0009,18시,948.0
0,20170109.0,월,창경궁로(서울여자대학교),A-06,유입,성균관대입구->원남동사거리,17505.0,37.5831,127.0009,19시,881.0
0,20170109.0,월,창경궁로(서울여자대학교),A-06,유입,성균관대입구->원남동사거리,17505.0,37.5831,127.0009,20시,966.0
0,20170110.0,화,창경궁로(서울여자대학교),A-06,유입,성균관대입구->원남동사거리,17818.0,37.5831,127.0009,8시,2405.0
0,20170110.0,화,창경궁로(서울여자대학교),A-06,유입,성균관대입구->원남동사거리,17818.0,37.5831,127.0009,9시,1890.0
0,20170110.0,화,창경궁로(서울여자대학교),A-06,유입,성균관대입구->원남동사거리,17818.0,37.5831,127.0009,10시,1632.0
0,20170110.0,화,창경궁로(서울여자대학교),A-06,유입,성균관대입구->원남동사거리,17818.0,37.5831,127.0009,11시,1372.0
0,20170110.0,화,창경궁로(서울여자대학교),A-06,유입,성균관대입구->원남동사거리,17818.0,37.5831,127.0009,12시,1351.0
0,20170110.0,화,창경궁로(서울여자대학교),A-06,유입,성균관대입구->원남동사거리,17818.0,37.5831,127.0009,13시,1431.0
0,20170110.0,화,창경궁로(서울여자대학교),A-06,유입,성균관대입구->원남동사거리,17818.0,37.5831,127.0009,14시,1247.0
0,20170110.0,화,창경궁로(서울여자대학교),A-06,유입,성균관대입구->원남동사거리,17818.0,37.5831,127.0009,15시,1224.0
0,20170110.0,화,창경궁로(서울여자대학교),A-06,유입,성균관대입구->원남동사거리,17818.0,37.5831,127.0009,16시,1153.0
0,20170110.0,화,창경궁로(서울여자대학교),A-06,유입,성균관대입구->원남동사거리,17818.0,37.5831,127.0009,17시,1145.0
0,20170110.0,화,창경궁로(서울여자대학교),A-06,유입,성균관대입구->원남동사거리,17818.0,37.5831,127.0009,18시,1007.0
0,20170110.0,화,창경궁로(서울여자대학교),A-06,유입,성균관대입구->원남동사거리,17818.0,37.5831,127.0009,19시,994.0
0,20170110.0,화,창경궁로(서울여자대학교),A-06,유입,성균관대입구->원남동사거리,17818.0,37.5831,127.0009,20시,967.0
0,20170111.0,수,창경궁로(서울여자대학교),A-06,유입,성균관대입구->원남동사거리,17974.0,37.5831,127.0009,8시,2352.0
0,20170111.0,수,창경궁로(서울여자대학교),A-06,유입,성균관대입구->원남동사거리,17974.0,37.5831,127.0009,9시,1943.0
0,20170111.0,수,창경궁로(서울여자대학교),A-06,유입,성균관대입구->원남동사거리,17974.0,37.5831,127.0009,10시,1609.0
0,20170111.0,수,창경궁로(서울여자대학교),A-06,유입,성균관대입구->원남동사거리,17974.0,37.5831,127.0009,11시,1473.0
0,20170111.0,수,창경궁로(서울여자대학교),A-06,유입,성균관대입구->원남동사거리,17974.0,37.5831,127.0009,12시,1347.0
0,20170111.0,수,창경궁로(서울여자대학교),A-06,유입,성균관대입구->원남동사거리,17974.0,37.5831,127.0009,13시,1391.0
0,20170111.0,수,창경궁로(서울여자대학교),A-06,유입,성균관대입구->원남동사거리,17974.0,37.5831,127.0009,14시,1315.0
0,20170111.0,수,창경궁로(서울여자대학교),A-06,유입,성균관대입구->원남동사거리,17974.0,37.5831,127.0009,15시,1256.0
0,20170111.0,수,창경궁로(서울여자대학교),A-06,유입,성균관대입구->원남동사거리,17974.0,37.5831,127.0009,16시,1183.0
0,20170111.0,수,창경궁로(서울여자대학교),A-06,유입,성균관대입구->원남동사거리,17974.0,37.5831,127.0009,17시,1194.0
0,20170111.0,수,창경궁로(서울여자대학교),A-06,유입,성균관대입구->원남동사거리,17974.0,37.5831,127.0009,18시,1027.0
0,20170111.0,수,창경궁로(서울여자대학교),A-06,유입,성균관대입구->원남동사거리,17974.0,37.5831,127.0009,19시,916.0
0,20170111.0,수,창경궁로(서울여자대학교),A-06,유입,성균관대입구->원남동사거리,17974.0,37.5831,127.0009,20시,968.0
0,20170112.0,목,창경궁로(서울여자대학교),A-06,유입,성균관대입구->원남동사거리,17613.0,37.5831,127.0009,8시,2299.0
0,20170112.0,목,창경궁로(서울여자대학교),A-06,유입,성균관대입구->원남동사거리,17613.0,37.5831,127.0009,9시,1925.0
0,20170112.0,목,창경궁로(서울여자대학교),A-06,유입,성균관대입구->원남동사거리,17613.0,37.5831,127.0009,10시,1581.0
0,20170112.0,목,창경궁로(서울여자대학교),A-06,유입,성균관대입구->원남동사거리,17613.0,37.5831,127.0009,11시,1283.0
0,20170112.0,목,창경궁로(서울여자대학교),A-06,유입,성균관대입구->원남동사거리,17613.0,37.5831,127.0009,12시,1314.0
0,20170112.0,목,창경궁로(서울여자대학교),A-06,유입,성균관대입구->원남동사거리,17613.0,37.5831,127.0009,13시,1293.0
0,20170112.0,목,창경궁로(서울여자대학교),A-06,유입,성균관대입구->원남동사거리,17613.0,37.5831,127.0009,14시,1321.0
0,20170112.0,목,창경궁로(서울여자대학교),A-06,유입,성균관대입구->원남동사거리,17613.0,37.5831,127.0009,15시,1188.0
0,20170112.0,목,창경궁로(서울여자대학교),A-06,유입,성균관대입구->원남동사거리,17613.0,37.5831,127.0009,16시,1179.0
0,20170112.0,목,창경궁로(서울여자대학교),A-06,유입,성균관대입구->원남동사거리,17613.0,37.5831,127.0009,17시,1189.0
0,20170112.0,목,창경궁로(서울여자대학교),A-06,유입,성균관대입구->원남동사거리,17613.0,37.5831,127.0009,18시,1159.0
0,20170112.0,목,창경궁로(서울여자대학교),A-06,유입,성균관대입구->원남동사거리,17613.0,37.5831,127.0009,19시,935.0
0,20170112.0,목,창경궁로(서울여자대학교),A-06,유입,성균관대입구->원남동사거리,17613.0,37.5831,127.0009,20시,947.0
0,20170113.0,금,창경궁로(서울여자대학교),A-06,유입,성균관대입구->원남동사거리,17958.0,37.5831,127.0009,8시,2333.0
0,20170113.0,금,창경궁로(서울여자대학교),A-06,유입,성균관대입구->원남동사거리,17958.0,37.5831,127.0009,9시,1953.0
0,20170113.0,금,창경궁로(서울여자대학교),A-06,유입,성균관대입구->원남동사거리,17958.0,37.5831,127.0009,10시,1476.0
0,20170113.0,금,창경궁로(서울여자대학교),A-06,유입,성균관대입구->원남동사거리,17958.0,37.5831,127.0009,11시,1447.0
0,20170113.0,금,창경궁로(서울여자대학교),A-06,유입,성균관대입구->원남동사거리,17958.0,37.5831,127.0009,12시,1351.0
0,20170113.0,금,창경궁로(서울여자대학교),A-06,유입,성균관대입구->원남동사거리,17958.0,37.5831,127.0009,13시,1408.0
0,20170113.0,금,창경궁로(서울여자대학교),A-06,유입,성균관대입구->원남동사거리,17958.0,37.5831,127.0009,14시,1289.0
0,20170113.0,금,창경궁로(서울여자대학교),A-06,유입,성균관대입구->원남동사거리,17958.0,37.5831,127.0009,15시,1190.0
0,20170113.0,금,창경궁로(서울여자대학교),A-06,유입,성균관대입구->원남동사거리,17958.0,37.5831,127.0009,16시,1263.0
0,20170113.0,금,창경궁로(서울여자대학교),A-06,유입,성균관대입구->원남동사거리,17958.0,37.5831,127.0009,17시,1214.0
0,20170113.0,금,창경궁로(서울여자대학교),A-06,유입,성균관대입구->원남동사거리,17958.0,37.5831,127.0009,18시,1055.0
0,20170113.0,금,창경궁로(서울여자대학교),A-06,유입,성균관대입구->원남동사거리,17958.0,37.5831,127.0009,19시,965.0
0,20170113.0,금,창경궁로(서울여자대학교),A-06,유입,성균관대입구->원남동사거리,17958.0,37.5831,127.0009,20시,1014.0
0,20170116.0,월,창경궁로(서울여자대학교),A-06,유입,성균관대입구->원남동사거리,17848.0,37.5831,127.0009,8시,2377.0
0,20170116.0,월,창경궁로(서울여자대학교),A-06,유입,성균관대입구->원남동사거리,17848.0,37.5831,127.0009,9시,1942.0
0,20170116.0,월,창경궁로(서울여자대학교),A-06,유입,성균관대입구->원남동사거리,17848.0,37.5831,127.0009,10시,1550.0
0,20170116.0,월,창경궁로(서울여자대학교),A-06,유입,성균관대입구->원남동사거리,17848.0,37.5831,127.0009,11시,1450.0
0,20170116.0,월,창경궁로(서울여자대학교),A-06,유입,성균관대입구->원남동사거리,17848.0,37.5831,127.0009,12시,1342.0
0,20170116.0,월,창경궁로(서울여자대학교),A-06,유입,성균관대입구->원남동사거리,17848.0,37.5831,127.0009,13시,1327.0
0,20170116.0,월,창경궁로(서울여자대학교),A-06,유입,성균관대입구->원남동사거리,17848.0,37.5831,127.0009,14시,1332.0
0,20170116.0,월,창경궁로(서울여자대학교),A-06,유입,성균관대입구->원남동사거리,17848.0,37.5831,127.0009,15시,1221.0
0,20170116.0,월,창경궁로(서울여자대학교),A-06,유입,성균관대입구->원남동사거리,17848.0,37.5831,127.0009,16시,1178.0
0,20170116.0,월,창경궁로(서울여자대학교),A-06,유입,성균관대입구->원남동사거리,17848.0,37.5831,127.0009,17시,1158.0
0,20170116.0,월,창경궁로(서울여자대학교),A-06,유입,성균관대입구->원남동사거리,17848.0,37.5831,127.0009,18시,1067.0
0,20170116.0,월,창경궁로(서울여자대학교),A-06,유입,성균관대입구->원남동사거리,17848.0,37.5831,127.0009,19시,925.0
0,20170116.0,월,창경궁로(서울여자대학교),A-06,유입,성균관대입구->원남동사거리,17848.0,37.5831,127.0009,20시,979.0
0,20170117.0,화,창경궁로(서울여자대학교),A-06,유입,성균관대입구->원남동사거리,18056.0,37.5831,127.0009,8시,2448.0
0,20170117.0,화,창경궁로(서울여자대학교),A-06,유입,성균관대입구->원남동사거리,18056.0,37.5831,127.0009,9시,1874.0
0,20170117.0,화,창경궁로(서울여자대학교),A-06,유입,성균관대입구->원남동사거리,18056.0,37.5831,127.0009,10시,1685.0
0,20170117.0,화,창경궁로(서울여자대학교),A-06,유입,성균관대입구->원남동사거리,18056.0,37.5831,127.0009,11시,1364.0
0,20170117.0,화,창경궁로(서울여자대학교),A-06,유입,성균관대입구->원남동사거리,18056.0,37.5831,127.0009,12시,1391.0
0,20170117.0,화,창경궁로(서울여자대학교),A-06,유입,성균관대입구->원남동사거리,18056.0,37.5831,127.0009,13시,1445.0
0,20170117.0,화,창경궁로(서울여자대학교),A-06,유입,성균관대입구->원남동사거리,18056.0,37.5831,127.0009,14시,1364.0
0,20170117.0,화,창경궁로(서울여자대학교),A-06,유입,성균관대입구->원남동사거리,18056.0,37.5831,127.0009,15시,1203.0
0,20170117.0,화,창경궁로(서울여자대학교),A-06,유입,성균관대입구->원남동사거리,18056.0,37.5831,127.0009,16시,1178.0
0,20170117.0,화,창경궁로(서울여자대학교),A-06,유입,성균관대입구->원남동사거리,18056.0,37.5831,127.0009,17시,1172.0
0,20170117.0,화,창경궁로(서울여자대학교),A-06,유입,성균관대입구->원남동사거리,18056.0,37.5831,127.0009,18시,1059.0
0,20170117.0,화,창경궁로(서울여자대학교),A-06,유입,성균관대입구->원남동사거리,18056.0,37.5831,127.0009,19시,947.0
0,20170117.0,화,창경궁로(서울여자대학교),A-06,유입,성균관대입구->원남동사거리,18056.0,37.5831,127.0009,20시,926.0
0,20170118.0,수,창경궁로(서울여자대학교),A-06,유입,성균관대입구->원남동사거리,18066.0,37.5831,127.0009,8시,2410.0
0,20170118.0,수,창경궁로(서울여자대학교),A-06,유입,성균관대입구->원남동사거리,18066.0,37.5831,127.0009,9시,1940.0
0,20170118.0,수,창경궁로(서울여자대학교),A-06,유입,성균관대입구->원남동사거리,18066.0,37.5831,127.0009,10시,1605.0
0,20170118.0,수,창경궁로(서울여자대학교),A-06,유입,성균관대입구->원남동사거리,18066.0,37.5831,127.0009,11시,1371.0
0,20170118.0,수,창경궁로(서울여자대학교),A-06,유입,성균관대입구->원남동사거리,18066.0,37.5831,127.0009,12시,1384.0
0,20170118.0,수,창경궁로(서울여자대학교),A-06,유입,성균관대입구->원남동사거리,18066.0,37.5831,127.0009,13시,1386.0
0,20170118.0,수,창경궁로(서울여자대학교),A-06,유입,성균관대입구->원남동사거리,18066.0,37.5831,127.0009,14시,1402.0
0,20170118.0,수,창경궁로(서울여자대학교),A-06,유입,성균관대입구->원남동사거리,18066.0,37.5831,127.0009,15시,1216.0
0,20170118.0,수,창경궁로(서울여자대학교),A-06,유입,성균관대입구->원남동사거리,18066.0,37.5831,127.0009,16시,1211.0
0,20170118.0,수,창경궁로(서울여자대학교),A-06,유입,성균관대입구->원남동사거리,18066.0,37.5831,127.0009,17시,1177.0
0,20170118.0,수,창경궁로(서울여자대학교),A-06,유입,성균관대입구->원남동사거리,18066.0,37.5831,127.0009,18시,1099.0
0,20170118.0,수,창경궁로(서울여자대학교),A-06,유입,성균관대입구->원남동사거리,18066.0,37.5831,127.0009,19시,935.0
0,20170118.0,수,창경궁로(서울여자대학교),A-06,유입,성균관대입구->원남동사거리,18066.0,37.5831,127.0009,20시,930.0
0,20170119.0,목,창경궁로(서울여자대학교),A-06,유입,성균관대입구->원남동사거리,18123.0,37.5831,127.0009,8시,2368.0
0,20170119.0,목,창경궁로(서울여자대학교),A-06,유입,성균관대입구->원남동사거리,18123.0,37.5831,127.0009,9시,2042.0
0,20170119.0,목,창경궁로(서울여자대학교),A-06,유입,성균관대입구->원남동사거리,18123.0,37.5831,127.0009,10시,1636.0
0,20170119.0,목,창경궁로(서울여자대학교),A-06,유입,성균관대입구->원남동사거리,18123.0,37.5831,127.0009,11시,1477.0
0,20170119.0,목,창경궁로(서울여자대학교),A-06,유입,성균관대입구->원남동사거리,18123.0,37.5831,127.0009,12시,1354.0
0,20170119.0,목,창경궁로(서울여자대학교),A-06,유입,성균관대입구->원남동사거리,18123.0,37.5831,127.0009,13시,1346.0
0,20170119.0,목,창경궁로(서울여자대학교),A-06,유입,성균관대입구->원남동사거리,18123.0,37.5831,127.0009,14시,1366.0
0,20170119.0,목,창경궁로(서울여자대학교),A-06,유입,성균관대입구->원남동사거리,18123.0,37.5831,127.0009,15시,1278.0
0,20170119.0,목,창경궁로(서울여자대학교),A-06,유입,성균관대입구->원남동사거리,18123.0,37.5831,127.0009,16시,1161.0
0,20170119.0,목,창경궁로(서울여자대학교),A-06,유입,성균관대입구->원남동사거리,18123.0,37.5831,127.0009,17시,1201.0
0,20170119.0,목,창경궁로(서울여자대학교),A-06,유입,성균관대입구->원남동사거리,18123.0,37.5831,127.0009,18시,1025.0
0,20170119.0,목,창경궁로(서울여자대학교),A-06,유입,성균관대입구->원남동사거리,18123.0,37.5831,127.0009,19시,960.0
0,20170119.0,목,창경궁로(서울여자대학교),A-06,유입,성균관대입구->원남동사거리,18123.0,37.5831,127.0009,20시,909.0
0,20170120.0,금,창경궁로(서울여자대학교),A-06,유입,성균관대입구->원남동사거리,16100.0,37.5831,127.0009,8시,1807.0
0,20170120.0,금,창경궁로(서울여자대학교),A-06,유입,성균관대입구->원남동사거리,16100.0,37.5831,127.0009,9시,1585.0
0,20170120.0,금,창경궁로(서울여자대학교),A-06,유입,성균관대입구->원남동사거리,16100.0,37.5831,127.0009,10시,1412.0
0,20170120.0,금,창경궁로(서울여자대학교),A-06,유입,성균관대입구->원남동사거리,16100.0,37.5831,127.0009,11시,1300.0
0,20170120.0,금,창경궁로(서울여자대학교),A-06,유입,성균관대입구->원남동사거리,16100.0,37.5831,127.0009,12시,1214.0
0,20170120.0,금,창경궁로(서울여자대학교),A-06,유입,성균관대입구->원남동사거리,16100.0,37.5831,127.0009,13시,1271.0
0,20170120.0,금,창경궁로(서울여자대학교),A-06,유입,성균관대입구->원남동사거리,16100.0,37.5831,127.0009,14시,1260.0
0,20170120.0,금,창경궁로(서울여자대학교),A-06,유입,성균관대입구->원남동사거리,16100.0,37.5831,127.0009,15시,1111.0
0,20170120.0,금,창경궁로(서울여자대학교),A-06,유입,성균관대입구->원남동사거리,16100.0,37.5831,127.0009,16시,1136.0
0,20170120.0,금,창경궁로(서울여자대학교),A-06,유입,성균관대입구->원남동사거리,16100.0,37.5831,127.0009,17시,1113.0
0,20170120.0,금,창경궁로(서울여자대학교),A-06,유입,성균관대입구->원남동사거리,16100.0,37.5831,127.0009,18시,1022.0
0,20170120.0,금,창경궁로(서울여자대학교),A-06,유입,성균관대입구->원남동사거리,16100.0,37.5831,127.0009,19시,946.0
0,20170120.0,금,창경궁로(서울여자대학교),A-06,유입,성균관대입구->원남동사거리,16100.0,37.5831,127.0009,20시,923.0
0,20170123.0,월,창경궁로(서울여자대학교),A-06,유입,성균관대입구->원남동사거리,18259.0,37.5831,127.0009,8시,2340.0
0,20170123.0,월,창경궁로(서울여자대학교),A-06,유입,성균관대입구->원남동사거리,18259.0,37.5831,127.0009,9시,1960.0
0,20170123.0,월,창경궁로(서울여자대학교),A-06,유입,성균관대입구->원남동사거리,18259.0,37.5831,127.0009,10시,1667.0
0,20170123.0,월,창경궁로(서울여자대학교),A-06,유입,성균관대입구->원남동사거리,18259.0,37.5831,127.0009,11시,1500.0
0,20170123.0,월,창경궁로(서울여자대학교),A-06,유입,성균관대입구->원남동사거리,18259.0,37.5831,127.0009,12시,1386.0
0,20170123.0,월,창경궁로(서울여자대학교),A-06,유입,성균관대입구->원남동사거리,18259.0,37.5831,127.0009,13시,1396.0
0,20170123.0,월,창경궁로(서울여자대학교),A-06,유입,성균관대입구->원남동사거리,18259.0,37.5831,127.0009,14시,1380.0
0,20170123.0,월,창경궁로(서울여자대학교),A-06,유입,성균관대입구->원남동사거리,18259.0,37.5831,127.0009,15시,1268.0
0,20170123.0,월,창경궁로(서울여자대학교),A-06,유입,성균관대입구->원남동사거리,18259.0,37.5831,127.0009,16시,1246.0
0,20170123.0,월,창경궁로(서울여자대학교),A-06,유입,성균관대입구->원남동사거리,18259.0,37.5831,127.0009,17시,1233.0
0,20170123.0,월,창경궁로(서울여자대학교),A-06,유입,성균관대입구->원남동사거리,18259.0,37.5831,127.0009,18시,1102.0
0,20170123.0,월,창경궁로(서울여자대학교),A-06,유입,성균관대입구->원남동사거리,18259.0,37.5831,127.0009,19시,839.0
0,20170123.0,월,창경궁로(서울여자대학교),A-06,유입,성균관대입구->원남동사거리,18259.0,37.5831,127.0009,20시,942.0
0,20170124.0,화,창경궁로(서울여자대학교),A-06,유입,성균관대입구->원남동사거리,18303.0,37.5831,127.0009,8시,2202.0
0,20170124.0,화,창경궁로(서울여자대학교),A-06,유입,성균관대입구->원남동사거리,18303.0,37.5831,127.0009,9시,2047.0
0,20170124.0,화,창경궁로(서울여자대학교),A-06,유입,성균관대입구->원남동사거리,18303.0,37.5831,127.0009,10시,1605.0
0,20170124.0,화,창경궁로(서울여자대학교),A-06,유입,성균관대입구->원남동사거리,18303.0,37.5831,127.0009,11시,1573.0
0,20170124.0,화,창경궁로(서울여자대학교),A-06,유입,성균관대입구->원남동사거리,18303.0,37.5831,127.0009,12시,1444.0
0,20170124.0,화,창경궁로(서울여자대학교),A-06,유입,성균관대입구->원남동사거리,18303.0,37.5831,127.0009,13시,1458.0
0,20170124.0,화,창경궁로(서울여자대학교),A-06,유입,성균관대입구->원남동사거리,18303.0,37.5831,127.0009,14시,1397.0
0,20170124.0,화,창경궁로(서울여자대학교),A-06,유입,성균관대입구->원남동사거리,18303.0,37.5831,127.0009,15시,1343.0
0,20170124.0,화,창경궁로(서울여자대학교),A-06,유입,성균관대입구->원남동사거리,18303.0,37.5831,127.0009,16시,1170.0
0,20170124.0,화,창경궁로(서울여자대학교),A-06,유입,성균관대입구->원남동사거리,18303.0,37.5831,127.0009,17시,1127.0
0,20170124.0,화,창경궁로(서울여자대학교),A-06,유입,성균관대입구->원남동사거리,18303.0,37.5831,127.0009,18시,1121.0
0,20170124.0,화,창경궁로(서울여자대학교),A-06,유입,성균관대입구->원남동사거리,18303.0,37.5831,127.0009,19시,898.0
0,20170124.0,화,창경궁로(서울여자대학교),A-06,유입,성균관대입구->원남동사거리,18303.0,37.5831,127.0009,20시,918.0
0,20170125.0,수,창경궁로(서울여자대학교),A-06,유입,성균관대입구->원남동사거리,18934.0,37.5831,127.0009,8시,2418.0
0,20170125.0,수,창경궁로(서울여자대학교),A-06,유입,성균관대입구->원남동사거리,18934.0,37.5831,127.0009,9시,1781.0
0,20170125.0,수,창경궁로(서울여자대학교),A-06,유입,성균관대입구->원남동사거리,18934.0,37.5831,127.0009,10시,1714.0
0,20170125.0,수,창경궁로(서울여자대학교),A-06,유입,성균관대입구->원남동사거리,18934.0,37.5831,127.0009,11시,1620.0
0,20170125.0,수,창경궁로(서울여자대학교),A-06,유입,성균관대입구->원남동사거리,18934.0,37.5831,127.0009,12시,1525.0
0,20170125.0,수,창경궁로(서울여자대학교),A-06,유입,성균관대입구->원남동사거리,18934.0,37.5831,127.0009,13시,1489.0
0,20170125.0,수,창경궁로(서울여자대학교),A-06,유입,성균관대입구->원남동사거리,18934.0,37.5831,127.0009,14시,1478.0
0,20170125.0,수,창경궁로(서울여자대학교),A-06,유입,성균관대입구->원남동사거리,18934.0,37.5831,127.0009,15시,1395.0
0,20170125.0,수,창경궁로(서울여자대학교),A-06,유입,성균관대입구->원남동사거리,18934.0,37.5831,127.0009,16시,1301.0
0,20170125.0,수,창경궁로(서울여자대학교),A-06,유입,성균관대입구->원남동사거리,18934.0,37.5831,127.0009,17시,1257.0
0,20170125.0,수,창경궁로(서울여자대학교),A-06,유입,성균관대입구->원남동사거리,18934.0,37.5831,127.0009,18시,1023.0
0,20170125.0,수,창경궁로(서울여자대학교),A-06,유입,성균관대입구->원남동사거리,18934.0,37.5831,127.0009,19시,957.0
0,20170125.0,수,창경궁로(서울여자대학교),A-06,유입,성균관대입구->원남동사거리,18934.0,37.5831,127.0009,20시,976.0
0,20170126.0,목,창경궁로(서울여자대학교),A-06,유입,성균관대입구->원남동사거리,17893.0,37.5831,127.0009,8시,2347.0
0,20170126.0,목,창경궁로(서울여자대학교),A-06,유입,성균관대입구->원남동사거리,17893.0,37.5831,127.0009,9시,1880.0
0,20170126.0,목,창경궁로(서울여자대학교),A-06,유입,성균관대입구->원남동사거리,17893.0,37.5831,127.0009,10시,1650.0
0,20170126.0,목,창경궁로(서울여자대학교),A-06,유입,성균관대입구->원남동사거리,17893.0,37.5831,127.0009,11시,1489.0
0,20170126.0,목,창경궁로(서울여자대학교),A-06,유입,성균관대입구->원남동사거리,17893.0,37.5831,127.0009,12시,1335.0
0,20170126.0,목,창경궁로(서울여자대학교),A-06,유입,성균관대입구->원남동사거리,17893.0,37.5831,127.0009,13시,1407.0
0,20170126.0,목,창경궁로(서울여자대학교),A-06,유입,성균관대입구->원남동사거리,17893.0,37.5831,127.0009,14시,1313.0
0,20170126.0,목,창경궁로(서울여자대학교),A-06,유입,성균관대입구->원남동사거리,17893.0,37.5831,127.0009,15시,1260.0
0,20170126.0,목,창경궁로(서울여자대학교),A-06,유입,성균관대입구->원남동사거리,17893.0,37.5831,127.0009,16시,1226.0
0,20170126.0,목,창경궁로(서울여자대학교),A-06,유입,성균관대입구->원남동사거리,17893.0,37.5831,127.0009,17시,1055.0
0,20170126.0,목,창경궁로(서울여자대학교),A-06,유입,성균관대입구->원남동사거리,17893.0,37.5831,127.0009,18시,986.0
0,20170126.0,목,창경궁로(서울여자대학교),A-06,유입,성균관대입구->원남동사거리,17893.0,37.5831,127.0009,19시,942.0
0,20170126.0,목,창경궁로(서울여자대학교),A-06,유입,성균관대입구->원남동사거리,17893.0,37.5831,127.0009,20시,1003.0
0,20170127.0,금,창경궁로(서울여자대학교),A-06,유입,성균관대입구->원남동사거리,13816.0,37.5831,127.0009,8시,803.0
0,20170127.0,금,창경궁로(서울여자대학교),A-06,유입,성균관대입구->원남동사거리,13816.0,37.5831,127.0009,9시,910.0
0,20170127.0,금,창경궁로(서울여자대학교),A-06,유입,성균관대입구->원남동사거리,13816.0,37.5831,127.0009,10시,1024.0
0,20170127.0,금,창경궁로(서울여자대학교),A-06,유입,성균관대입구->원남동사거리,13816.0,37.5831,127.0009,11시,1197.0
0,20170127.0,금,창경궁로(서울여자대학교),A-06,유입,성균관대입구->원남동사거리,13816.0,37.5831,127.0009,12시,1274.0
0,20170127.0,금,창경궁로(서울여자대학교),A-06,유입,성균관대입구->원남동사거리,13816.0,37.5831,127.0009,13시,1230.0
0,20170127.0,금,창경궁로(서울여자대학교),A-06,유입,성균관대입구->원남동사거리,13816.0,37.5831,127.0009,14시,1164.0
0,20170127.0,금,창경궁로(서울여자대학교),A-06,유입,성균관대입구->원남동사거리,13816.0,37.5831,127.0009,15시,1156.0
0,20170127.0,금,창경궁로(서울여자대학교),A-06,유입,성균관대입구->원남동사거리,13816.0,37.5831,127.0009,16시,1153.0
0,20170127.0,금,창경궁로(서울여자대학교),A-06,유입,성균관대입구->원남동사거리,13816.0,37.5831,127.0009,17시,1191.0
0,20170127.0,금,창경궁로(서울여자대학교),A-06,유입,성균관대입구->원남동사거리,13816.0,37.5831,127.0009,18시,1013.0
0,20170127.0,금,창경궁로(서울여자대학교),A-06,유입,성균관대입구->원남동사거리,13816.0,37.5831,127.0009,19시,877.0
0,20170127.0,금,창경궁로(서울여자대학교),A-06,유입,성균관대입구->원남동사거리,13816.0,37.5831,127.0009,20시,824.0
0,20170130.0,월,창경궁로(서울여자대학교),A-06,유입,성균관대입구->원남동사거리,14765.0,37.5831,127.0009,8시,827.0
0,20170130.0,월,창경궁로(서울여자대학교),A-06,유입,성균관대입구->원남동사거리,14765.0,37.5831,127.0009,9시,993.0
0,20170130.0,월,창경궁로(서울여자대학교),A-06,유입,성균관대입구->원남동사거리,14765.0,37.5831,127.0009,10시,1129.0
0,20170130.0,월,창경궁로(서울여자대학교),A-06,유입,성균관대입구->원남동사거리,14765.0,37.5831,127.0009,11시,1221.0
0,20170130.0,월,창경궁로(서울여자대학교),A-06,유입,성균관대입구->원남동사거리,14765.0,37.5831,127.0009,12시,1277.0
0,20170130.0,월,창경궁로(서울여자대학교),A-06,유입,성균관대입구->원남동사거리,14765.0,37.5831,127.0009,13시,1337.0
0,20170130.0,월,창경궁로(서울여자대학교),A-06,유입,성균관대입구->원남동사거리,14765.0,37.5831,127.0009,14시,1370.0
0,20170130.0,월,창경궁로(서울여자대학교),A-06,유입,성균관대입구->원남동사거리,14765.0,37.5831,127.0009,15시,1356.0
0,20170130.0,월,창경궁로(서울여자대학교),A-06,유입,성균관대입구->원남동사거리,14765.0,37.5831,127.0009,16시,1244.0
0,20170130.0,월,창경궁로(서울여자대학교),A-06,유입,성균관대입구->원남동사거리,14765.0,37.5831,127.0009,17시,1157.0
0,20170130.0,월,창경궁로(서울여자대학교),A-06,유입,성균관대입구->원남동사거리,14765.0,37.5831,127.0009,18시,986.0
0,20170130.0,월,창경궁로(서울여자대학교),A-06,유입,성균관대입구->원남동사거리,14765.0,37.5831,127.0009,19시,956.0
0,20170130.0,월,창경궁로(서울여자대학교),A-06,유입,성균관대입구->원남동사거리,14765.0,37.5831,127.0009,20시,912.0
0,20170131.0,화,창경궁로(서울여자대학교),A-06,유입,성균관대입구->원남동사거리,17130.0,37.5831,127.0009,8시,2292.0
0,20170131.0,화,창경궁로(서울여자대학교),A-06,유입,성균관대입구->원남동사거리,17130.0,37.5831,127.0009,9시,1712.0
0,20170131.0,화,창경궁로(서울여자대학교),A-06,유입,성균관대입구->원남동사거리,17130.0,37.5831,127.0009,10시,1590.0
0,20170131.0,화,창경궁로(서울여자대학교),A-06,유입,성균관대입구->원남동사거리,17130.0,37.5831,127.0009,11시,1317.0
0,20170131.0,화,창경궁로(서울여자대학교),A-06,유입,성균관대입구->원남동사거리,17130.0,37.5831,127.0009,12시,1299.0
0,20170131.0,화,창경궁로(서울여자대학교),A-06,유입,성균관대입구->원남동사거리,17130.0,37.5831,127.0009,13시,1299.0
0,20170131.0,화,창경궁로(서울여자대학교),A-06,유입,성균관대입구->원남동사거리,17130.0,37.5831,127.0009,14시,1251.0
0,20170131.0,화,창경궁로(서울여자대학교),A-06,유입,성균관대입구->원남동사거리,17130.0,37.5831,127.0009,15시,1209.0
0,20170131.0,화,창경궁로(서울여자대학교),A-06,유입,성균관대입구->원남동사거리,17130.0,37.5831,127.0009,16시,1171.0
0,20170131.0,화,창경궁로(서울여자대학교),A-06,유입,성균관대입구->원남동사거리,17130.0,37.5831,127.0009,17시,1085.0
0,20170131.0,화,창경궁로(서울여자대학교),A-06,유입,성균관대입구->원남동사거리,17130.0,37.5831,127.0009,18시,1044.0
0,20170131.0,화,창경궁로(서울여자대학교),A-06,유입,성균관대입구->원남동사거리,17130.0,37.5831,127.0009,19시,922.0
0,20170131.0,화,창경궁로(서울여자대학교),A-06,유입,성균관대입구->원남동사거리,17130.0,37.5831,127.0009,20시,939.0
0,20170101.0,일,창경궁로(서울여자대학교),A-06,유출,원남동사거리->성균관대입구,9460.0,37.5831,127.0009,8시,424.0
0,20170101.0,일,창경궁로(서울여자대학교),A-06,유출,원남동사거리->성균관대입구,9460.0,37.5831,127.0009,9시,457.0
0,20170101.0,일,창경궁로(서울여자대학교),A-06,유출,원남동사거리->성균관대입구,9460.0,37.5831,127.0009,10시,550.0
0,20170101.0,일,창경궁로(서울여자대학교),A-06,유출,원남동사거리->성균관대입구,9460.0,37.5831,127.0009,11시,577.0
0,20170101.0,일,창경궁로(서울여자대학교),A-06,유출,원남동사거리->성균관대입구,9460.0,37.5831,127.0009,12시,744.0
0,20170101.0,일,창경궁로(서울여자대학교),A-06,유출,원남동사거리->성균관대입구,9460.0,37.5831,127.0009,13시,832.0
0,20170101.0,일,창경궁로(서울여자대학교),A-06,유출,원남동사거리->성균관대입구,9460.0,37.5831,127.0009,14시,855.0
0,20170101.0,일,창경궁로(서울여자대학교),A-06,유출,원남동사거리->성균관대입구,9460.0,37.5831,127.0009,15시,878.0
0,20170101.0,일,창경궁로(서울여자대학교),A-06,유출,원남동사거리->성균관대입구,9460.0,37.5831,127.0009,16시,875.0
0,20170101.0,일,창경궁로(서울여자대학교),A-06,유출,원남동사거리->성균관대입구,9460.0,37.5831,127.0009,17시,928.0
0,20170101.0,일,창경궁로(서울여자대학교),A-06,유출,원남동사거리->성균관대입구,9460.0,37.5831,127.0009,18시,850.0
0,20170101.0,일,창경궁로(서울여자대학교),A-06,유출,원남동사거리->성균관대입구,9460.0,37.5831,127.0009,19시,770.0
0,20170101.0,일,창경궁로(서울여자대학교),A-06,유출,원남동사거리->성균관대입구,9460.0,37.5831,127.0009,20시,720.0
0,20170102.0,월,창경궁로(서울여자대학교),A-06,유출,원남동사거리->성균관대입구,11333.0,37.5831,127.0009,8시,622.0
0,20170102.0,월,창경궁로(서울여자대학교),A-06,유출,원남동사거리->성균관대입구,11333.0,37.5831,127.0009,9시,662.0
0,20170102.0,월,창경궁로(서울여자대학교),A-06,유출,원남동사거리->성균관대입구,11333.0,37.5831,127.0009,10시,716.0
0,20170102.0,월,창경궁로(서울여자대학교),A-06,유출,원남동사거리->성균관대입구,11333.0,37.5831,127.0009,11시,794.0
0,20170102.0,월,창경궁로(서울여자대학교),A-06,유출,원남동사거리->성균관대입구,11333.0,37.5831,127.0009,12시,790.0
0,20170102.0,월,창경궁로(서울여자대학교),A-06,유출,원남동사거리->성균관대입구,11333.0,37.5831,127.0009,13시,817.0
0,20170102.0,월,창경궁로(서울여자대학교),A-06,유출,원남동사거리->성균관대입구,11333.0,37.5831,127.0009,14시,894.0
0,20170102.0,월,창경궁로(서울여자대학교),A-06,유출,원남동사거리->성균관대입구,11333.0,37.5831,127.0009,15시,914.0
0,20170102.0,월,창경궁로(서울여자대학교),A-06,유출,원남동사거리->성균관대입구,11333.0,37.5831,127.0009,16시,931.0
0,20170102.0,월,창경궁로(서울여자대학교),A-06,유출,원남동사거리->성균관대입구,11333.0,37.5831,127.0009,17시,1008.0
0,20170102.0,월,창경궁로(서울여자대학교),A-06,유출,원남동사거리->성균관대입구,11333.0,37.5831,127.0009,18시,1153.0
0,20170102.0,월,창경궁로(서울여자대학교),A-06,유출,원남동사거리->성균관대입구,11333.0,37.5831,127.0009,19시,1103.0
0,20170102.0,월,창경궁로(서울여자대학교),A-06,유출,원남동사거리->성균관대입구,11333.0,37.5831,127.0009,20시,929.0
0,20170103.0,화,창경궁로(서울여자대학교),A-06,유출,원남동사거리->성균관대입구,11585.0,37.5831,127.0009,8시,617.0
0,20170103.0,화,창경궁로(서울여자대학교),A-06,유출,원남동사거리->성균관대입구,11585.0,37.5831,127.0009,9시,676.0
0,20170103.0,화,창경궁로(서울여자대학교),A-06,유출,원남동사거리->성균관대입구,11585.0,37.5831,127.0009,10시,699.0
0,20170103.0,화,창경궁로(서울여자대학교),A-06,유출,원남동사거리->성균관대입구,11585.0,37.5831,127.0009,11시,762.0
0,20170103.0,화,창경궁로(서울여자대학교),A-06,유출,원남동사거리->성균관대입구,11585.0,37.5831,127.0009,12시,852.0
0,20170103.0,화,창경궁로(서울여자대학교),A-06,유출,원남동사거리->성균관대입구,11585.0,37.5831,127.0009,13시,799.0
0,20170103.0,화,창경궁로(서울여자대학교),A-06,유출,원남동사거리->성균관대입구,11585.0,37.5831,127.0009,14시,803.0
0,20170103.0,화,창경궁로(서울여자대학교),A-06,유출,원남동사거리->성균관대입구,11585.0,37.5831,127.0009,15시,1006.0
0,20170103.0,화,창경궁로(서울여자대학교),A-06,유출,원남동사거리->성균관대입구,11585.0,37.5831,127.0009,16시,1047.0
0,20170103.0,화,창경궁로(서울여자대학교),A-06,유출,원남동사거리->성균관대입구,11585.0,37.5831,127.0009,17시,1045.0
0,20170103.0,화,창경궁로(서울여자대학교),A-06,유출,원남동사거리->성균관대입구,11585.0,37.5831,127.0009,18시,1126.0
0,20170103.0,화,창경궁로(서울여자대학교),A-06,유출,원남동사거리->성균관대입구,11585.0,37.5831,127.0009,19시,1119.0
0,20170103.0,화,창경궁로(서울여자대학교),A-06,유출,원남동사거리->성균관대입구,11585.0,37.5831,127.0009,20시,1034.0
0,20170104.0,수,창경궁로(서울여자대학교),A-06,유출,원남동사거리->성균관대입구,11696.0,37.5831,127.0009,8시,603.0
0,20170104.0,수,창경궁로(서울여자대학교),A-06,유출,원남동사거리->성균관대입구,11696.0,37.5831,127.0009,9시,681.0
0,20170104.0,수,창경궁로(서울여자대학교),A-06,유출,원남동사거리->성균관대입구,11696.0,37.5831,127.0009,10시,719.0
0,20170104.0,수,창경궁로(서울여자대학교),A-06,유출,원남동사거리->성균관대입구,11696.0,37.5831,127.0009,11시,833.0
0,20170104.0,수,창경궁로(서울여자대학교),A-06,유출,원남동사거리->성균관대입구,11696.0,37.5831,127.0009,12시,833.0
0,20170104.0,수,창경궁로(서울여자대학교),A-06,유출,원남동사거리->성균관대입구,11696.0,37.5831,127.0009,13시,838.0
0,20170104.0,수,창경궁로(서울여자대학교),A-06,유출,원남동사거리->성균관대입구,11696.0,37.5831,127.0009,14시,889.0
0,20170104.0,수,창경궁로(서울여자대학교),A-06,유출,원남동사거리->성균관대입구,11696.0,37.5831,127.0009,15시,947.0
0,20170104.0,수,창경궁로(서울여자대학교),A-06,유출,원남동사거리->성균관대입구,11696.0,37.5831,127.0009,16시,1036.0
0,20170104.0,수,창경궁로(서울여자대학교),A-06,유출,원남동사거리->성균관대입구,11696.0,37.5831,127.0009,17시,1024.0
0,20170104.0,수,창경궁로(서울여자대학교),A-06,유출,원남동사거리->성균관대입구,11696.0,37.5831,127.0009,18시,1135.0
0,20170104.0,수,창경궁로(서울여자대학교),A-06,유출,원남동사거리->성균관대입구,11696.0,37.5831,127.0009,19시,1165.0
0,20170104.0,수,창경궁로(서울여자대학교),A-06,유출,원남동사거리->성균관대입구,11696.0,37.5831,127.0009,20시,993.0
0,20170105.0,목,창경궁로(서울여자대학교),A-06,유출,원남동사거리->성균관대입구,11740.0,37.5831,127.0009,8시,627.0
0,20170105.0,목,창경궁로(서울여자대학교),A-06,유출,원남동사거리->성균관대입구,11740.0,37.5831,127.0009,9시,680.0
0,20170105.0,목,창경궁로(서울여자대학교),A-06,유출,원남동사거리->성균관대입구,11740.0,37.5831,127.0009,10시,691.0
0,20170105.0,목,창경궁로(서울여자대학교),A-06,유출,원남동사거리->성균관대입구,11740.0,37.5831,127.0009,11시,862.0
0,20170105.0,목,창경궁로(서울여자대학교),A-06,유출,원남동사거리->성균관대입구,11740.0,37.5831,127.0009,12시,854.0
0,20170105.0,목,창경궁로(서울여자대학교),A-06,유출,원남동사거리->성균관대입구,11740.0,37.5831,127.0009,13시,797.0
0,20170105.0,목,창경궁로(서울여자대학교),A-06,유출,원남동사거리->성균관대입구,11740.0,37.5831,127.0009,14시,868.0
0,20170105.0,목,창경궁로(서울여자대학교),A-06,유출,원남동사거리->성균관대입구,11740.0,37.5831,127.0009,15시,958.0
0,20170105.0,목,창경궁로(서울여자대학교),A-06,유출,원남동사거리->성균관대입구,11740.0,37.5831,127.0009,16시,1044.0
0,20170105.0,목,창경궁로(서울여자대학교),A-06,유출,원남동사거리->성균관대입구,11740.0,37.5831,127.0009,17시,1059.0
0,20170105.0,목,창경궁로(서울여자대학교),A-06,유출,원남동사거리->성균관대입구,11740.0,37.5831,127.0009,18시,1126.0
0,20170105.0,목,창경궁로(서울여자대학교),A-06,유출,원남동사거리->성균관대입구,11740.0,37.5831,127.0009,19시,1160.0
0,20170105.0,목,창경궁로(서울여자대학교),A-06,유출,원남동사거리->성균관대입구,11740.0,37.5831,127.0009,20시,1014.0
0,20170106.0,금,창경궁로(서울여자대학교),A-06,유출,원남동사거리->성균관대입구,11690.0,37.5831,127.0009,8시,648.0
0,20170106.0,금,창경궁로(서울여자대학교),A-06,유출,원남동사거리->성균관대입구,11690.0,37.5831,127.0009,9시,674.0
0,20170106.0,금,창경궁로(서울여자대학교),A-06,유출,원남동사거리->성균관대입구,11690.0,37.5831,127.0009,10시,717.0
0,20170106.0,금,창경궁로(서울여자대학교),A-06,유출,원남동사거리->성균관대입구,11690.0,37.5831,127.0009,11시,893.0
0,20170106.0,금,창경궁로(서울여자대학교),A-06,유출,원남동사거리->성균관대입구,11690.0,37.5831,127.0009,12시,824.0
0,20170106.0,금,창경궁로(서울여자대학교),A-06,유출,원남동사거리->성균관대입구,11690.0,37.5831,127.0009,13시,836.0
0,20170106.0,금,창경궁로(서울여자대학교),A-06,유출,원남동사거리->성균관대입구,11690.0,37.5831,127.0009,14시,888.0
0,20170106.0,금,창경궁로(서울여자대학교),A-06,유출,원남동사거리->성균관대입구,11690.0,37.5831,127.0009,15시,957.0
0,20170106.0,금,창경궁로(서울여자대학교),A-06,유출,원남동사거리->성균관대입구,11690.0,37.5831,127.0009,16시,1033.0
0,20170106.0,금,창경궁로(서울여자대학교),A-06,유출,원남동사거리->성균관대입구,11690.0,37.5831,127.0009,17시,1029.0
0,20170106.0,금,창경궁로(서울여자대학교),A-06,유출,원남동사거리->성균관대입구,11690.0,37.5831,127.0009,18시,1009.0
0,20170106.0,금,창경궁로(서울여자대학교),A-06,유출,원남동사거리->성균관대입구,11690.0,37.5831,127.0009,19시,1110.0
0,20170106.0,금,창경궁로(서울여자대학교),A-06,유출,원남동사거리->성균관대입구,11690.0,37.5831,127.0009,20시,1072.0
0,20170107.0,토,창경궁로(서울여자대학교),A-06,유출,원남동사거리->성균관대입구,9319.0,37.5831,127.0009,8시,556.0
0,20170107.0,토,창경궁로(서울여자대학교),A-06,유출,원남동사거리->성균관대입구,9319.0,37.5831,127.0009,9시,618.0
0,20170107.0,토,창경궁로(서울여자대학교),A-06,유출,원남동사거리->성균관대입구,9319.0,37.5831,127.0009,10시,705.0
0,20170107.0,토,창경궁로(서울여자대학교),A-06,유출,원남동사거리->성균관대입구,9319.0,37.5831,127.0009,11시,731.0
0,20170107.0,토,창경궁로(서울여자대학교),A-06,유출,원남동사거리->성균관대입구,9319.0,37.5831,127.0009,12시,752.0
0,20170107.0,토,창경궁로(서울여자대학교),A-06,유출,원남동사거리->성균관대입구,9319.0,37.5831,127.0009,13시,522.0
0,20170107.0,토,창경궁로(서울여자대학교),A-06,유출,원남동사거리->성균관대입구,9319.0,37.5831,127.0009,14시,678.0
0,20170107.0,토,창경궁로(서울여자대학교),A-06,유출,원남동사거리->성균관대입구,9319.0,37.5831,127.0009,15시,1003.0
0,20170107.0,토,창경궁로(서울여자대학교),A-06,유출,원남동사거리->성균관대입구,9319.0,37.5831,127.0009,16시,861.0
0,20170107.0,토,창경궁로(서울여자대학교),A-06,유출,원남동사거리->성균관대입구,9319.0,37.5831,127.0009,17시,821.0
0,20170107.0,토,창경궁로(서울여자대학교),A-06,유출,원남동사거리->성균관대입구,9319.0,37.5831,127.0009,18시,797.0
0,20170107.0,토,창경궁로(서울여자대학교),A-06,유출,원남동사거리->성균관대입구,9319.0,37.5831,127.0009,19시,788.0
0,20170107.0,토,창경궁로(서울여자대학교),A-06,유출,원남동사거리->성균관대입구,9319.0,37.5831,127.0009,20시,487.0
0,20170108.0,일,창경궁로(서울여자대학교),A-06,유출,원남동사거리->성균관대입구,9740.0,37.5831,127.0009,8시,397.0
0,20170108.0,일,창경궁로(서울여자대학교),A-06,유출,원남동사거리->성균관대입구,9740.0,37.5831,127.0009,9시,503.0
0,20170108.0,일,창경궁로(서울여자대학교),A-06,유출,원남동사거리->성균관대입구,9740.0,37.5831,127.0009,10시,569.0
0,20170108.0,일,창경궁로(서울여자대학교),A-06,유출,원남동사거리->성균관대입구,9740.0,37.5831,127.0009,11시,587.0
0,20170108.0,일,창경궁로(서울여자대학교),A-06,유출,원남동사거리->성균관대입구,9740.0,37.5831,127.0009,12시,697.0
0,20170108.0,일,창경궁로(서울여자대학교),A-06,유출,원남동사거리->성균관대입구,9740.0,37.5831,127.0009,13시,820.0
0,20170108.0,일,창경궁로(서울여자대학교),A-06,유출,원남동사거리->성균관대입구,9740.0,37.5831,127.0009,14시,935.0
0,20170108.0,일,창경궁로(서울여자대학교),A-06,유출,원남동사거리->성균관대입구,9740.0,37.5831,127.0009,15시,971.0
0,20170108.0,일,창경궁로(서울여자대학교),A-06,유출,원남동사거리->성균관대입구,9740.0,37.5831,127.0009,16시,996.0
0,20170108.0,일,창경궁로(서울여자대학교),A-06,유출,원남동사거리->성균관대입구,9740.0,37.5831,127.0009,17시,1008.0
0,20170108.0,일,창경궁로(서울여자대학교),A-06,유출,원남동사거리->성균관대입구,9740.0,37.5831,127.0009,18시,949.0
0,20170108.0,일,창경궁로(서울여자대학교),A-06,유출,원남동사거리->성균관대입구,9740.0,37.5831,127.0009,19시,796.0
0,20170108.0,일,창경궁로(서울여자대학교),A-06,유출,원남동사거리->성균관대입구,9740.0,37.5831,127.0009,20시,512.0
0,20170109.0,월,창경궁로(서울여자대학교),A-06,유출,원남동사거리->성균관대입구,11606.0,37.5831,127.0009,8시,641.0
0,20170109.0,월,창경궁로(서울여자대학교),A-06,유출,원남동사거리->성균관대입구,11606.0,37.5831,127.0009,9시,698.0
0,20170109.0,월,창경궁로(서울여자대학교),A-06,유출,원남동사거리->성균관대입구,11606.0,37.5831,127.0009,10시,734.0
0,20170109.0,월,창경궁로(서울여자대학교),A-06,유출,원남동사거리->성균관대입구,11606.0,37.5831,127.0009,11시,841.0
0,20170109.0,월,창경궁로(서울여자대학교),A-06,유출,원남동사거리->성균관대입구,11606.0,37.5831,127.0009,12시,838.0
0,20170109.0,월,창경궁로(서울여자대학교),A-06,유출,원남동사거리->성균관대입구,11606.0,37.5831,127.0009,13시,812.0
0,20170109.0,월,창경궁로(서울여자대학교),A-06,유출,원남동사거리->성균관대입구,11606.0,37.5831,127.0009,14시,882.0
0,20170109.0,월,창경궁로(서울여자대학교),A-06,유출,원남동사거리->성균관대입구,11606.0,37.5831,127.0009,15시,961.0
0,20170109.0,월,창경궁로(서울여자대학교),A-06,유출,원남동사거리->성균관대입구,11606.0,37.5831,127.0009,16시,1011.0
0,20170109.0,월,창경궁로(서울여자대학교),A-06,유출,원남동사거리->성균관대입구,11606.0,37.5831,127.0009,17시,997.0
0,20170109.0,월,창경궁로(서울여자대학교),A-06,유출,원남동사거리->성균관대입구,11606.0,37.5831,127.0009,18시,1074.0
0,20170109.0,월,창경궁로(서울여자대학교),A-06,유출,원남동사거리->성균관대입구,11606.0,37.5831,127.0009,19시,1140.0
0,20170109.0,월,창경궁로(서울여자대학교),A-06,유출,원남동사거리->성균관대입구,11606.0,37.5831,127.0009,20시,977.0
0,20170110.0,화,창경궁로(서울여자대학교),A-06,유출,원남동사거리->성균관대입구,11654.0,37.5831,127.0009,8시,654.0
0,20170110.0,화,창경궁로(서울여자대학교),A-06,유출,원남동사거리->성균관대입구,11654.0,37.5831,127.0009,9시,616.0
0,20170110.0,화,창경궁로(서울여자대학교),A-06,유출,원남동사거리->성균관대입구,11654.0,37.5831,127.0009,10시,699.0
0,20170110.0,화,창경궁로(서울여자대학교),A-06,유출,원남동사거리->성균관대입구,11654.0,37.5831,127.0009,11시,783.0
0,20170110.0,화,창경궁로(서울여자대학교),A-06,유출,원남동사거리->성균관대입구,11654.0,37.5831,127.0009,12시,844.0
0,20170110.0,화,창경궁로(서울여자대학교),A-06,유출,원남동사거리->성균관대입구,11654.0,37.5831,127.0009,13시,799.0
0,20170110.0,화,창경궁로(서울여자대학교),A-06,유출,원남동사거리->성균관대입구,11654.0,37.5831,127.0009,14시,848.0
0,20170110.0,화,창경궁로(서울여자대학교),A-06,유출,원남동사거리->성균관대입구,11654.0,37.5831,127.0009,15시,961.0
0,20170110.0,화,창경궁로(서울여자대학교),A-06,유출,원남동사거리->성균관대입구,11654.0,37.5831,127.0009,16시,948.0
0,20170110.0,화,창경궁로(서울여자대학교),A-06,유출,원남동사거리->성균관대입구,11654.0,37.5831,127.0009,17시,1109.0
0,20170110.0,화,창경궁로(서울여자대학교),A-06,유출,원남동사거리->성균관대입구,11654.0,37.5831,127.0009,18시,1167.0
0,20170110.0,화,창경궁로(서울여자대학교),A-06,유출,원남동사거리->성균관대입구,11654.0,37.5831,127.0009,19시,1158.0
0,20170110.0,화,창경궁로(서울여자대학교),A-06,유출,원남동사거리->성균관대입구,11654.0,37.5831,127.0009,20시,1068.0
0,20170111.0,수,창경궁로(서울여자대학교),A-06,유출,원남동사거리->성균관대입구,11634.0,37.5831,127.0009,8시,629.0
0,20170111.0,수,창경궁로(서울여자대학교),A-06,유출,원남동사거리->성균관대입구,11634.0,37.5831,127.0009,9시,670.0
0,20170111.0,수,창경궁로(서울여자대학교),A-06,유출,원남동사거리->성균관대입구,11634.0,37.5831,127.0009,10시,670.0
0,20170111.0,수,창경궁로(서울여자대학교),A-06,유출,원남동사거리->성균관대입구,11634.0,37.5831,127.0009,11시,810.0
0,20170111.0,수,창경궁로(서울여자대학교),A-06,유출,원남동사거리->성균관대입구,11634.0,37.5831,127.0009,12시,809.0
0,20170111.0,수,창경궁로(서울여자대학교),A-06,유출,원남동사거리->성균관대입구,11634.0,37.5831,127.0009,13시,850.0
0,20170111.0,수,창경궁로(서울여자대학교),A-06,유출,원남동사거리->성균관대입구,11634.0,37.5831,127.0009,14시,875.0
0,20170111.0,수,창경궁로(서울여자대학교),A-06,유출,원남동사거리->성균관대입구,11634.0,37.5831,127.0009,15시,977.0
0,20170111.0,수,창경궁로(서울여자대학교),A-06,유출,원남동사거리->성균관대입구,11634.0,37.5831,127.0009,16시,1012.0
0,20170111.0,수,창경궁로(서울여자대학교),A-06,유출,원남동사거리->성균관대입구,11634.0,37.5831,127.0009,17시,1060.0
0,20170111.0,수,창경궁로(서울여자대학교),A-06,유출,원남동사거리->성균관대입구,11634.0,37.5831,127.0009,18시,1122.0
0,20170111.0,수,창경궁로(서울여자대학교),A-06,유출,원남동사거리->성균관대입구,11634.0,37.5831,127.0009,19시,1149.0
0,20170111.0,수,창경궁로(서울여자대학교),A-06,유출,원남동사거리->성균관대입구,11634.0,37.5831,127.0009,20시,1001.0
0,20170112.0,목,창경궁로(서울여자대학교),A-06,유출,원남동사거리->성균관대입구,11585.0,37.5831,127.0009,8시,634.0
0,20170112.0,목,창경궁로(서울여자대학교),A-06,유출,원남동사거리->성균관대입구,11585.0,37.5831,127.0009,9시,667.0
0,20170112.0,목,창경궁로(서울여자대학교),A-06,유출,원남동사거리->성균관대입구,11585.0,37.5831,127.0009,10시,640.0
0,20170112.0,목,창경궁로(서울여자대학교),A-06,유출,원남동사거리->성균관대입구,11585.0,37.5831,127.0009,11시,800.0
0,20170112.0,목,창경궁로(서울여자대학교),A-06,유출,원남동사거리->성균관대입구,11585.0,37.5831,127.0009,12시,866.0
0,20170112.0,목,창경궁로(서울여자대학교),A-06,유출,원남동사거리->성균관대입구,11585.0,37.5831,127.0009,13시,829.0
0,20170112.0,목,창경궁로(서울여자대학교),A-06,유출,원남동사거리->성균관대입구,11585.0,37.5831,127.0009,14시,895.0
0,20170112.0,목,창경궁로(서울여자대학교),A-06,유출,원남동사거리->성균관대입구,11585.0,37.5831,127.0009,15시,973.0
0,20170112.0,목,창경궁로(서울여자대학교),A-06,유출,원남동사거리->성균관대입구,11585.0,37.5831,127.0009,16시,990.0
0,20170112.0,목,창경궁로(서울여자대학교),A-06,유출,원남동사거리->성균관대입구,11585.0,37.5831,127.0009,17시,998.0
0,20170112.0,목,창경궁로(서울여자대학교),A-06,유출,원남동사거리->성균관대입구,11585.0,37.5831,127.0009,18시,1140.0
0,20170112.0,목,창경궁로(서울여자대학교),A-06,유출,원남동사거리->성균관대입구,11585.0,37.5831,127.0009,19시,1128.0
0,20170112.0,목,창경궁로(서울여자대학교),A-06,유출,원남동사거리->성균관대입구,11585.0,37.5831,127.0009,20시,1025.0
0,20170113.0,금,창경궁로(서울여자대학교),A-06,유출,원남동사거리->성균관대입구,11631.0,37.5831,127.0009,8시,636.0
0,20170113.0,금,창경궁로(서울여자대학교),A-06,유출,원남동사거리->성균관대입구,11631.0,37.5831,127.0009,9시,700.0
0,20170113.0,금,창경궁로(서울여자대학교),A-06,유출,원남동사거리->성균관대입구,11631.0,37.5831,127.0009,10시,679.0
0,20170113.0,금,창경궁로(서울여자대학교),A-06,유출,원남동사거리->성균관대입구,11631.0,37.5831,127.0009,11시,845.0
0,20170113.0,금,창경궁로(서울여자대학교),A-06,유출,원남동사거리->성균관대입구,11631.0,37.5831,127.0009,12시,816.0
0,20170113.0,금,창경궁로(서울여자대학교),A-06,유출,원남동사거리->성균관대입구,11631.0,37.5831,127.0009,13시,820.0
0,20170113.0,금,창경궁로(서울여자대학교),A-06,유출,원남동사거리->성균관대입구,11631.0,37.5831,127.0009,14시,877.0
0,20170113.0,금,창경궁로(서울여자대학교),A-06,유출,원남동사거리->성균관대입구,11631.0,37.5831,127.0009,15시,961.0
0,20170113.0,금,창경궁로(서울여자대학교),A-06,유출,원남동사거리->성균관대입구,11631.0,37.5831,127.0009,16시,1056.0
0,20170113.0,금,창경궁로(서울여자대학교),A-06,유출,원남동사거리->성균관대입구,11631.0,37.5831,127.0009,17시,1010.0
0,20170113.0,금,창경궁로(서울여자대학교),A-06,유출,원남동사거리->성균관대입구,11631.0,37.5831,127.0009,18시,1101.0
0,20170113.0,금,창경궁로(서울여자대학교),A-06,유출,원남동사거리->성균관대입구,11631.0,37.5831,127.0009,19시,1101.0
0,20170113.0,금,창경궁로(서울여자대학교),A-06,유출,원남동사거리->성균관대입구,11631.0,37.5831,127.0009,20시,1029.0
0,20170114.0,토,창경궁로(서울여자대학교),A-06,유출,원남동사거리->성균관대입구,12565.0,37.5831,127.0009,8시,795.0
0,20170114.0,토,창경궁로(서울여자대학교),A-06,유출,원남동사거리->성균관대입구,12565.0,37.5831,127.0009,9시,661.0
0,20170114.0,토,창경궁로(서울여자대학교),A-06,유출,원남동사거리->성균관대입구,12565.0,37.5831,127.0009,10시,901.0
0,20170114.0,토,창경궁로(서울여자대학교),A-06,유출,원남동사거리->성균관대입구,12565.0,37.5831,127.0009,11시,1047.0
0,20170114.0,토,창경궁로(서울여자대학교),A-06,유출,원남동사거리->성균관대입구,12565.0,37.5831,127.0009,12시,1180.0
0,20170114.0,토,창경궁로(서울여자대학교),A-06,유출,원남동사거리->성균관대입구,12565.0,37.5831,127.0009,13시,1235.0
0,20170114.0,토,창경궁로(서울여자대학교),A-06,유출,원남동사거리->성균관대입구,12565.0,37.5831,127.0009,14시,1222.0
0,20170114.0,토,창경궁로(서울여자대학교),A-06,유출,원남동사거리->성균관대입구,12565.0,37.5831,127.0009,15시,1331.0
0,20170114.0,토,창경궁로(서울여자대학교),A-06,유출,원남동사거리->성균관대입구,12565.0,37.5831,127.0009,16시,1141.0
0,20170114.0,토,창경궁로(서울여자대학교),A-06,유출,원남동사거리->성균관대입구,12565.0,37.5831,127.0009,17시,973.0
0,20170114.0,토,창경궁로(서울여자대학교),A-06,유출,원남동사거리->성균관대입구,12565.0,37.5831,127.0009,18시,825.0
0,20170114.0,토,창경궁로(서울여자대학교),A-06,유출,원남동사거리->성균관대입구,12565.0,37.5831,127.0009,19시,621.0
0,20170114.0,토,창경궁로(서울여자대학교),A-06,유출,원남동사거리->성균관대입구,12565.0,37.5831,127.0009,20시,633.0
0,20170115.0,일,창경궁로(서울여자대학교),A-06,유출,원남동사거리->성균관대입구,9954.0,37.5831,127.0009,8시,338.0
0,20170115.0,일,창경궁로(서울여자대학교),A-06,유출,원남동사거리->성균관대입구,9954.0,37.5831,127.0009,9시,409.0
0,20170115.0,일,창경궁로(서울여자대학교),A-06,유출,원남동사거리->성균관대입구,9954.0,37.5831,127.0009,10시,622.0
0,20170115.0,일,창경궁로(서울여자대학교),A-06,유출,원남동사거리->성균관대입구,9954.0,37.5831,127.0009,11시,589.0
0,20170115.0,일,창경궁로(서울여자대학교),A-06,유출,원남동사거리->성균관대입구,9954.0,37.5831,127.0009,12시,792.0
0,20170115.0,일,창경궁로(서울여자대학교),A-06,유출,원남동사거리->성균관대입구,9954.0,37.5831,127.0009,13시,835.0
0,20170115.0,일,창경궁로(서울여자대학교),A-06,유출,원남동사거리->성균관대입구,9954.0,37.5831,127.0009,14시,897.0
0,20170115.0,일,창경궁로(서울여자대학교),A-06,유출,원남동사거리->성균관대입구,9954.0,37.5831,127.0009,15시,959.0
0,20170115.0,일,창경궁로(서울여자대학교),A-06,유출,원남동사거리->성균관대입구,9954.0,37.5831,127.0009,16시,991.0
0,20170115.0,일,창경궁로(서울여자대학교),A-06,유출,원남동사거리->성균관대입구,9954.0,37.5831,127.0009,17시,1012.0
0,20170115.0,일,창경궁로(서울여자대학교),A-06,유출,원남동사거리->성균관대입구,9954.0,37.5831,127.0009,18시,860.0
0,20170115.0,일,창경궁로(서울여자대학교),A-06,유출,원남동사거리->성균관대입구,9954.0,37.5831,127.0009,19시,825.0
0,20170115.0,일,창경궁로(서울여자대학교),A-06,유출,원남동사거리->성균관대입구,9954.0,37.5831,127.0009,20시,825.0
0,20170116.0,월,창경궁로(서울여자대학교),A-06,유출,원남동사거리->성균관대입구,11702.0,37.5831,127.0009,8시,592.0
0,20170116.0,월,창경궁로(서울여자대학교),A-06,유출,원남동사거리->성균관대입구,11702.0,37.5831,127.0009,9시,659.0
0,20170116.0,월,창경궁로(서울여자대학교),A-06,유출,원남동사거리->성균관대입구,11702.0,37.5831,127.0009,10시,738.0
0,20170116.0,월,창경궁로(서울여자대학교),A-06,유출,원남동사거리->성균관대입구,11702.0,37.5831,127.0009,11시,783.0
0,20170116.0,월,창경궁로(서울여자대학교),A-06,유출,원남동사거리->성균관대입구,11702.0,37.5831,127.0009,12시,846.0
0,20170116.0,월,창경궁로(서울여자대학교),A-06,유출,원남동사거리->성균관대입구,11702.0,37.5831,127.0009,13시,851.0
0,20170116.0,월,창경궁로(서울여자대학교),A-06,유출,원남동사거리->성균관대입구,11702.0,37.5831,127.0009,14시,938.0
0,20170116.0,월,창경궁로(서울여자대학교),A-06,유출,원남동사거리->성균관대입구,11702.0,37.5831,127.0009,15시,984.0
0,20170116.0,월,창경궁로(서울여자대학교),A-06,유출,원남동사거리->성균관대입구,11702.0,37.5831,127.0009,16시,1025.0
0,20170116.0,월,창경궁로(서울여자대학교),A-06,유출,원남동사거리->성균관대입구,11702.0,37.5831,127.0009,17시,1046.0
0,20170116.0,월,창경궁로(서울여자대학교),A-06,유출,원남동사거리->성균관대입구,11702.0,37.5831,127.0009,18시,1126.0
0,20170116.0,월,창경궁로(서울여자대학교),A-06,유출,원남동사거리->성균관대입구,11702.0,37.5831,127.0009,19시,1093.0
0,20170116.0,월,창경궁로(서울여자대학교),A-06,유출,원남동사거리->성균관대입구,11702.0,37.5831,127.0009,20시,1021.0
0,20170117.0,화,창경궁로(서울여자대학교),A-06,유출,원남동사거리->성균관대입구,11575.0,37.5831,127.0009,8시,628.0
0,20170117.0,화,창경궁로(서울여자대학교),A-06,유출,원남동사거리->성균관대입구,11575.0,37.5831,127.0009,9시,670.0
0,20170117.0,화,창경궁로(서울여자대학교),A-06,유출,원남동사거리->성균관대입구,11575.0,37.5831,127.0009,10시,636.0
0,20170117.0,화,창경궁로(서울여자대학교),A-06,유출,원남동사거리->성균관대입구,11575.0,37.5831,127.0009,11시,863.0
0,20170117.0,화,창경궁로(서울여자대학교),A-06,유출,원남동사거리->성균관대입구,11575.0,37.5831,127.0009,12시,864.0
0,20170117.0,화,창경궁로(서울여자대학교),A-06,유출,원남동사거리->성균관대입구,11575.0,37.5831,127.0009,13시,822.0
0,20170117.0,화,창경궁로(서울여자대학교),A-06,유출,원남동사거리->성균관대입구,11575.0,37.5831,127.0009,14시,865.0
0,20170117.0,화,창경궁로(서울여자대학교),A-06,유출,원남동사거리->성균관대입구,11575.0,37.5831,127.0009,15시,949.0
0,20170117.0,화,창경궁로(서울여자대학교),A-06,유출,원남동사거리->성균관대입구,11575.0,37.5831,127.0009,16시,1026.0
0,20170117.0,화,창경궁로(서울여자대학교),A-06,유출,원남동사거리->성균관대입구,11575.0,37.5831,127.0009,17시,1044.0
0,20170117.0,화,창경궁로(서울여자대학교),A-06,유출,원남동사거리->성균관대입구,11575.0,37.5831,127.0009,18시,1028.0
0,20170117.0,화,창경궁로(서울여자대학교),A-06,유출,원남동사거리->성균관대입구,11575.0,37.5831,127.0009,19시,1142.0
0,20170117.0,화,창경궁로(서울여자대학교),A-06,유출,원남동사거리->성균관대입구,11575.0,37.5831,127.0009,20시,1038.0
0,20170118.0,수,창경궁로(서울여자대학교),A-06,유출,원남동사거리->성균관대입구,11448.0,37.5831,127.0009,8시,584.0
0,20170118.0,수,창경궁로(서울여자대학교),A-06,유출,원남동사거리->성균관대입구,11448.0,37.5831,127.0009,9시,595.0
0,20170118.0,수,창경궁로(서울여자대학교),A-06,유출,원남동사거리->성균관대입구,11448.0,37.5831,127.0009,10시,673.0
0,20170118.0,수,창경궁로(서울여자대학교),A-06,유출,원남동사거리->성균관대입구,11448.0,37.5831,127.0009,11시,781.0
0,20170118.0,수,창경궁로(서울여자대학교),A-06,유출,원남동사거리->성균관대입구,11448.0,37.5831,127.0009,12시,886.0
0,20170118.0,수,창경궁로(서울여자대학교),A-06,유출,원남동사거리->성균관대입구,11448.0,37.5831,127.0009,13시,793.0
0,20170118.0,수,창경궁로(서울여자대학교),A-06,유출,원남동사거리->성균관대입구,11448.0,37.5831,127.0009,14시,864.0
0,20170118.0,수,창경궁로(서울여자대학교),A-06,유출,원남동사거리->성균관대입구,11448.0,37.5831,127.0009,15시,972.0
0,20170118.0,수,창경궁로(서울여자대학교),A-06,유출,원남동사거리->성균관대입구,11448.0,37.5831,127.0009,16시,1004.0
0,20170118.0,수,창경궁로(서울여자대학교),A-06,유출,원남동사거리->성균관대입구,11448.0,37.5831,127.0009,17시,1029.0
0,20170118.0,수,창경궁로(서울여자대학교),A-06,유출,원남동사거리->성균관대입구,11448.0,37.5831,127.0009,18시,1120.0
0,20170118.0,수,창경궁로(서울여자대학교),A-06,유출,원남동사거리->성균관대입구,11448.0,37.5831,127.0009,19시,1081.0
0,20170118.0,수,창경궁로(서울여자대학교),A-06,유출,원남동사거리->성균관대입구,11448.0,37.5831,127.0009,20시,1066.0
0,20170119.0,목,창경궁로(서울여자대학교),A-06,유출,원남동사거리->성균관대입구,11846.0,37.5831,127.0009,8시,614.0
0,20170119.0,목,창경궁로(서울여자대학교),A-06,유출,원남동사거리->성균관대입구,11846.0,37.5831,127.0009,9시,686.0
0,20170119.0,목,창경궁로(서울여자대학교),A-06,유출,원남동사거리->성균관대입구,11846.0,37.5831,127.0009,10시,733.0
0,20170119.0,목,창경궁로(서울여자대학교),A-06,유출,원남동사거리->성균관대입구,11846.0,37.5831,127.0009,11시,880.0
0,20170119.0,목,창경궁로(서울여자대학교),A-06,유출,원남동사거리->성균관대입구,11846.0,37.5831,127.0009,12시,866.0
0,20170119.0,목,창경궁로(서울여자대학교),A-06,유출,원남동사거리->성균관대입구,11846.0,37.5831,127.0009,13시,833.0
0,20170119.0,목,창경궁로(서울여자대학교),A-06,유출,원남동사거리->성균관대입구,11846.0,37.5831,127.0009,14시,896.0
0,20170119.0,목,창경궁로(서울여자대학교),A-06,유출,원남동사거리->성균관대입구,11846.0,37.5831,127.0009,15시,993.0
0,20170119.0,목,창경궁로(서울여자대학교),A-06,유출,원남동사거리->성균관대입구,11846.0,37.5831,127.0009,16시,967.0
0,20170119.0,목,창경궁로(서울여자대학교),A-06,유출,원남동사거리->성균관대입구,11846.0,37.5831,127.0009,17시,1034.0
0,20170119.0,목,창경궁로(서울여자대학교),A-06,유출,원남동사거리->성균관대입구,11846.0,37.5831,127.0009,18시,1097.0
0,20170119.0,목,창경궁로(서울여자대학교),A-06,유출,원남동사거리->성균관대입구,11846.0,37.5831,127.0009,19시,1134.0
0,20170119.0,목,창경궁로(서울여자대학교),A-06,유출,원남동사거리->성균관대입구,11846.0,37.5831,127.0009,20시,1113.0
0,20170120.0,금,창경궁로(서울여자대학교),A-06,유출,원남동사거리->성균관대입구,10720.0,37.5831,127.0009,8시,508.0
0,20170120.0,금,창경궁로(서울여자대학교),A-06,유출,원남동사거리->성균관대입구,10720.0,37.5831,127.0009,9시,652.0
0,20170120.0,금,창경궁로(서울여자대학교),A-06,유출,원남동사거리->성균관대입구,10720.0,37.5831,127.0009,10시,688.0
0,20170120.0,금,창경궁로(서울여자대학교),A-06,유출,원남동사거리->성균관대입구,10720.0,37.5831,127.0009,11시,788.0
0,20170120.0,금,창경궁로(서울여자대학교),A-06,유출,원남동사거리->성균관대입구,10720.0,37.5831,127.0009,12시,736.0
0,20170120.0,금,창경궁로(서울여자대학교),A-06,유출,원남동사거리->성균관대입구,10720.0,37.5831,127.0009,13시,776.0
0,20170120.0,금,창경궁로(서울여자대학교),A-06,유출,원남동사거리->성균관대입구,10720.0,37.5831,127.0009,14시,809.0
0,20170120.0,금,창경궁로(서울여자대학교),A-06,유출,원남동사거리->성균관대입구,10720.0,37.5831,127.0009,15시,926.0
0,20170120.0,금,창경궁로(서울여자대학교),A-06,유출,원남동사거리->성균관대입구,10720.0,37.5831,127.0009,16시,968.0
0,20170120.0,금,창경궁로(서울여자대학교),A-06,유출,원남동사거리->성균관대입구,10720.0,37.5831,127.0009,17시,988.0
0,20170120.0,금,창경궁로(서울여자대학교),A-06,유출,원남동사거리->성균관대입구,10720.0,37.5831,127.0009,18시,1107.0
0,20170120.0,금,창경궁로(서울여자대학교),A-06,유출,원남동사거리->성균관대입구,10720.0,37.5831,127.0009,19시,959.0
0,20170120.0,금,창경궁로(서울여자대학교),A-06,유출,원남동사거리->성균관대입구,10720.0,37.5831,127.0009,20시,815.0
0,20170121.0,토,창경궁로(서울여자대학교),A-06,유출,원남동사거리->성균관대입구,8915.0,37.5831,127.0009,8시,551.0
0,20170121.0,토,창경궁로(서울여자대학교),A-06,유출,원남동사거리->성균관대입구,8915.0,37.5831,127.0009,9시,627.0
0,20170121.0,토,창경궁로(서울여자대학교),A-06,유출,원남동사거리->성균관대입구,8915.0,37.5831,127.0009,10시,618.0
0,20170121.0,토,창경궁로(서울여자대학교),A-06,유출,원남동사거리->성균관대입구,8915.0,37.5831,127.0009,11시,730.0
0,20170121.0,토,창경궁로(서울여자대학교),A-06,유출,원남동사거리->성균관대입구,8915.0,37.5831,127.0009,12시,807.0
0,20170121.0,토,창경궁로(서울여자대학교),A-06,유출,원남동사거리->성균관대입구,8915.0,37.5831,127.0009,13시,770.0
0,20170121.0,토,창경궁로(서울여자대학교),A-06,유출,원남동사거리->성균관대입구,8915.0,37.5831,127.0009,14시,799.0
0,20170121.0,토,창경궁로(서울여자대학교),A-06,유출,원남동사거리->성균관대입구,8915.0,37.5831,127.0009,15시,814.0
0,20170121.0,토,창경궁로(서울여자대학교),A-06,유출,원남동사거리->성균관대입구,8915.0,37.5831,127.0009,16시,778.0
0,20170121.0,토,창경궁로(서울여자대학교),A-06,유출,원남동사거리->성균관대입구,8915.0,37.5831,127.0009,17시,778.0
0,20170121.0,토,창경궁로(서울여자대학교),A-06,유출,원남동사거리->성균관대입구,8915.0,37.5831,127.0009,18시,642.0
0,20170121.0,토,창경궁로(서울여자대학교),A-06,유출,원남동사거리->성균관대입구,8915.0,37.5831,127.0009,19시,631.0
0,20170121.0,토,창경궁로(서울여자대학교),A-06,유출,원남동사거리->성균관대입구,8915.0,37.5831,127.0009,20시,370.0
0,20170122.0,일,창경궁로(서울여자대학교),A-06,유출,원남동사거리->성균관대입구,9803.0,37.5831,127.0009,8시,393.0
0,20170122.0,일,창경궁로(서울여자대학교),A-06,유출,원남동사거리->성균관대입구,9803.0,37.5831,127.0009,9시,444.0
0,20170122.0,일,창경궁로(서울여자대학교),A-06,유출,원남동사거리->성균관대입구,9803.0,37.5831,127.0009,10시,547.0
0,20170122.0,일,창경궁로(서울여자대학교),A-06,유출,원남동사거리->성균관대입구,9803.0,37.5831,127.0009,11시,593.0
0,20170122.0,일,창경궁로(서울여자대학교),A-06,유출,원남동사거리->성균관대입구,9803.0,37.5831,127.0009,12시,729.0
0,20170122.0,일,창경궁로(서울여자대학교),A-06,유출,원남동사거리->성균관대입구,9803.0,37.5831,127.0009,13시,799.0
0,20170122.0,일,창경궁로(서울여자대학교),A-06,유출,원남동사거리->성균관대입구,9803.0,37.5831,127.0009,14시,923.0
0,20170122.0,일,창경궁로(서울여자대학교),A-06,유출,원남동사거리->성균관대입구,9803.0,37.5831,127.0009,15시,918.0
0,20170122.0,일,창경궁로(서울여자대학교),A-06,유출,원남동사거리->성균관대입구,9803.0,37.5831,127.0009,16시,971.0
0,20170122.0,일,창경궁로(서울여자대학교),A-06,유출,원남동사거리->성균관대입구,9803.0,37.5831,127.0009,17시,980.0
0,20170122.0,일,창경궁로(서울여자대학교),A-06,유출,원남동사거리->성균관대입구,9803.0,37.5831,127.0009,18시,931.0
0,20170122.0,일,창경궁로(서울여자대학교),A-06,유출,원남동사거리->성균관대입구,9803.0,37.5831,127.0009,19시,803.0
0,20170122.0,일,창경궁로(서울여자대학교),A-06,유출,원남동사거리->성균관대입구,9803.0,37.5831,127.0009,20시,772.0
0,20170123.0,월,창경궁로(서울여자대학교),A-06,유출,원남동사거리->성균관대입구,11371.0,37.5831,127.0009,8시,606.0
0,20170123.0,월,창경궁로(서울여자대학교),A-06,유출,원남동사거리->성균관대입구,11371.0,37.5831,127.0009,9시,641.0
0,20170123.0,월,창경궁로(서울여자대학교),A-06,유출,원남동사거리->성균관대입구,11371.0,37.5831,127.0009,10시,714.0
0,20170123.0,월,창경궁로(서울여자대학교),A-06,유출,원남동사거리->성균관대입구,11371.0,37.5831,127.0009,11시,831.0
0,20170123.0,월,창경궁로(서울여자대학교),A-06,유출,원남동사거리->성균관대입구,11371.0,37.5831,127.0009,12시,827.0
0,20170123.0,월,창경궁로(서울여자대학교),A-06,유출,원남동사거리->성균관대입구,11371.0,37.5831,127.0009,13시,824.0
0,20170123.0,월,창경궁로(서울여자대학교),A-06,유출,원남동사거리->성균관대입구,11371.0,37.5831,127.0009,14시,862.0
0,20170123.0,월,창경궁로(서울여자대학교),A-06,유출,원남동사거리->성균관대입구,11371.0,37.5831,127.0009,15시,983.0
0,20170123.0,월,창경궁로(서울여자대학교),A-06,유출,원남동사거리->성균관대입구,11371.0,37.5831,127.0009,16시,1036.0
0,20170123.0,월,창경궁로(서울여자대학교),A-06,유출,원남동사거리->성균관대입구,11371.0,37.5831,127.0009,17시,1000.0
0,20170123.0,월,창경궁로(서울여자대학교),A-06,유출,원남동사거리->성균관대입구,11371.0,37.5831,127.0009,18시,1059.0
0,20170123.0,월,창경궁로(서울여자대학교),A-06,유출,원남동사거리->성균관대입구,11371.0,37.5831,127.0009,19시,955.0
0,20170123.0,월,창경궁로(서울여자대학교),A-06,유출,원남동사거리->성균관대입구,11371.0,37.5831,127.0009,20시,1033.0
0,20170124.0,화,창경궁로(서울여자대학교),A-06,유출,원남동사거리->성균관대입구,11344.0,37.5831,127.0009,8시,592.0
0,20170124.0,화,창경궁로(서울여자대학교),A-06,유출,원남동사거리->성균관대입구,11344.0,37.5831,127.0009,9시,674.0
0,20170124.0,화,창경궁로(서울여자대학교),A-06,유출,원남동사거리->성균관대입구,11344.0,37.5831,127.0009,10시,728.0
0,20170124.0,화,창경궁로(서울여자대학교),A-06,유출,원남동사거리->성균관대입구,11344.0,37.5831,127.0009,11시,763.0
0,20170124.0,화,창경궁로(서울여자대학교),A-06,유출,원남동사거리->성균관대입구,11344.0,37.5831,127.0009,12시,840.0
0,20170124.0,화,창경궁로(서울여자대학교),A-06,유출,원남동사거리->성균관대입구,11344.0,37.5831,127.0009,13시,833.0
0,20170124.0,화,창경궁로(서울여자대학교),A-06,유출,원남동사거리->성균관대입구,11344.0,37.5831,127.0009,14시,825.0
0,20170124.0,화,창경궁로(서울여자대학교),A-06,유출,원남동사거리->성균관대입구,11344.0,37.5831,127.0009,15시,969.0
0,20170124.0,화,창경궁로(서울여자대학교),A-06,유출,원남동사거리->성균관대입구,11344.0,37.5831,127.0009,16시,1022.0
0,20170124.0,화,창경궁로(서울여자대학교),A-06,유출,원남동사거리->성균관대입구,11344.0,37.5831,127.0009,17시,970.0
0,20170124.0,화,창경궁로(서울여자대학교),A-06,유출,원남동사거리->성균관대입구,11344.0,37.5831,127.0009,18시,899.0
0,20170124.0,화,창경궁로(서울여자대학교),A-06,유출,원남동사거리->성균관대입구,11344.0,37.5831,127.0009,19시,1101.0
0,20170124.0,화,창경궁로(서울여자대학교),A-06,유출,원남동사거리->성균관대입구,11344.0,37.5831,127.0009,20시,1128.0
0,20170125.0,수,창경궁로(서울여자대학교),A-06,유출,원남동사거리->성균관대입구,11132.0,37.5831,127.0009,8시,580.0
0,20170125.0,수,창경궁로(서울여자대학교),A-06,유출,원남동사거리->성균관대입구,11132.0,37.5831,127.0009,9시,652.0
0,20170125.0,수,창경궁로(서울여자대학교),A-06,유출,원남동사거리->성균관대입구,11132.0,37.5831,127.0009,10시,737.0
0,20170125.0,수,창경궁로(서울여자대학교),A-06,유출,원남동사거리->성균관대입구,11132.0,37.5831,127.0009,11시,837.0
0,20170125.0,수,창경궁로(서울여자대학교),A-06,유출,원남동사거리->성균관대입구,11132.0,37.5831,127.0009,12시,841.0
0,20170125.0,수,창경궁로(서울여자대학교),A-06,유출,원남동사거리->성균관대입구,11132.0,37.5831,127.0009,13시,796.0
0,20170125.0,수,창경궁로(서울여자대학교),A-06,유출,원남동사거리->성균관대입구,11132.0,37.5831,127.0009,14시,940.0
0,20170125.0,수,창경궁로(서울여자대학교),A-06,유출,원남동사거리->성균관대입구,11132.0,37.5831,127.0009,15시,977.0
0,20170125.0,수,창경궁로(서울여자대학교),A-06,유출,원남동사거리->성균관대입구,11132.0,37.5831,127.0009,16시,972.0
0,20170125.0,수,창경궁로(서울여자대학교),A-06,유출,원남동사거리->성균관대입구,11132.0,37.5831,127.0009,17시,1003.0
0,20170125.0,수,창경궁로(서울여자대학교),A-06,유출,원남동사거리->성균관대입구,11132.0,37.5831,127.0009,18시,702.0
0,20170125.0,수,창경궁로(서울여자대학교),A-06,유출,원남동사거리->성균관대입구,11132.0,37.5831,127.0009,19시,971.0
0,20170125.0,수,창경궁로(서울여자대학교),A-06,유출,원남동사거리->성균관대입구,11132.0,37.5831,127.0009,20시,1124.0
0,20170126.0,목,창경궁로(서울여자대학교),A-06,유출,원남동사거리->성균관대입구,11438.0,37.5831,127.0009,8시,631.0
0,20170126.0,목,창경궁로(서울여자대학교),A-06,유출,원남동사거리->성균관대입구,11438.0,37.5831,127.0009,9시,688.0
0,20170126.0,목,창경궁로(서울여자대학교),A-06,유출,원남동사거리->성균관대입구,11438.0,37.5831,127.0009,10시,737.0
0,20170126.0,목,창경궁로(서울여자대학교),A-06,유출,원남동사거리->성균관대입구,11438.0,37.5831,127.0009,11시,880.0
0,20170126.0,목,창경궁로(서울여자대학교),A-06,유출,원남동사거리->성균관대입구,11438.0,37.5831,127.0009,12시,868.0
0,20170126.0,목,창경궁로(서울여자대학교),A-06,유출,원남동사거리->성균관대입구,11438.0,37.5831,127.0009,13시,884.0
0,20170126.0,목,창경궁로(서울여자대학교),A-06,유출,원남동사거리->성균관대입구,11438.0,37.5831,127.0009,14시,933.0
0,20170126.0,목,창경궁로(서울여자대학교),A-06,유출,원남동사거리->성균관대입구,11438.0,37.5831,127.0009,15시,1036.0
0,20170126.0,목,창경궁로(서울여자대학교),A-06,유출,원남동사거리->성균관대입구,11438.0,37.5831,127.0009,16시,900.0
0,20170126.0,목,창경궁로(서울여자대학교),A-06,유출,원남동사거리->성균관대입구,11438.0,37.5831,127.0009,17시,884.0
0,20170126.0,목,창경궁로(서울여자대학교),A-06,유출,원남동사거리->성균관대입구,11438.0,37.5831,127.0009,18시,889.0
0,20170126.0,목,창경궁로(서울여자대학교),A-06,유출,원남동사거리->성균관대입구,11438.0,37.5831,127.0009,19시,1117.0
0,20170126.0,목,창경궁로(서울여자대학교),A-06,유출,원남동사거리->성균관대입구,11438.0,37.5831,127.0009,20시,991.0
0,20170127.0,금,창경궁로(서울여자대학교),A-06,유출,원남동사거리->성균관대입구,9198.0,37.5831,127.0009,8시,302.0
0,20170127.0,금,창경궁로(서울여자대학교),A-06,유출,원남동사거리->성균관대입구,9198.0,37.5831,127.0009,9시,422.0
0,20170127.0,금,창경궁로(서울여자대학교),A-06,유출,원남동사거리->성균관대입구,9198.0,37.5831,127.0009,10시,523.0
0,20170127.0,금,창경궁로(서울여자대학교),A-06,유출,원남동사거리->성균관대입구,9198.0,37.5831,127.0009,11시,825.0
0,20170127.0,금,창경궁로(서울여자대학교),A-06,유출,원남동사거리->성균관대입구,9198.0,37.5831,127.0009,12시,906.0
0,20170127.0,금,창경궁로(서울여자대학교),A-06,유출,원남동사거리->성균관대입구,9198.0,37.5831,127.0009,13시,848.0
0,20170127.0,금,창경궁로(서울여자대학교),A-06,유출,원남동사거리->성균관대입구,9198.0,37.5831,127.0009,14시,895.0
0,20170127.0,금,창경궁로(서울여자대학교),A-06,유출,원남동사거리->성균관대입구,9198.0,37.5831,127.0009,15시,807.0
0,20170127.0,금,창경궁로(서울여자대학교),A-06,유출,원남동사거리->성균관대입구,9198.0,37.5831,127.0009,16시,853.0
0,20170127.0,금,창경궁로(서울여자대학교),A-06,유출,원남동사거리->성균관대입구,9198.0,37.5831,127.0009,17시,882.0
0,20170127.0,금,창경궁로(서울여자대학교),A-06,유출,원남동사거리->성균관대입구,9198.0,37.5831,127.0009,18시,763.0
0,20170127.0,금,창경궁로(서울여자대학교),A-06,유출,원남동사거리->성균관대입구,9198.0,37.5831,127.0009,19시,558.0
0,20170127.0,금,창경궁로(서울여자대학교),A-06,유출,원남동사거리->성균관대입구,9198.0,37.5831,127.0009,20시,614.0
0,20170128.0,토,창경궁로(서울여자대학교),A-06,유출,원남동사거리->성균관대입구,11005.0,37.5831,127.0009,8시,1025.0
0,20170128.0,토,창경궁로(서울여자대학교),A-06,유출,원남동사거리->성균관대입구,11005.0,37.5831,127.0009,9시,561.0
0,20170128.0,토,창경궁로(서울여자대학교),A-06,유출,원남동사거리->성균관대입구,11005.0,37.5831,127.0009,10시,579.0
0,20170128.0,토,창경궁로(서울여자대학교),A-06,유출,원남동사거리->성균관대입구,11005.0,37.5831,127.0009,11시,717.0
0,20170128.0,토,창경궁로(서울여자대학교),A-06,유출,원남동사거리->성균관대입구,11005.0,37.5831,127.0009,12시,887.0
0,20170128.0,토,창경궁로(서울여자대학교),A-06,유출,원남동사거리->성균관대입구,11005.0,37.5831,127.0009,13시,957.0
0,20170128.0,토,창경궁로(서울여자대학교),A-06,유출,원남동사거리->성균관대입구,11005.0,37.5831,127.0009,14시,1061.0
0,20170128.0,토,창경궁로(서울여자대학교),A-06,유출,원남동사거리->성균관대입구,11005.0,37.5831,127.0009,15시,1002.0
0,20170128.0,토,창경궁로(서울여자대학교),A-06,유출,원남동사거리->성균관대입구,11005.0,37.5831,127.0009,16시,1035.0
0,20170128.0,토,창경궁로(서울여자대학교),A-06,유출,원남동사거리->성균관대입구,11005.0,37.5831,127.0009,17시,877.0
0,20170128.0,토,창경궁로(서울여자대학교),A-06,유출,원남동사거리->성균관대입구,11005.0,37.5831,127.0009,18시,963.0
0,20170128.0,토,창경궁로(서울여자대학교),A-06,유출,원남동사거리->성균관대입구,11005.0,37.5831,127.0009,19시,712.0
0,20170128.0,토,창경궁로(서울여자대학교),A-06,유출,원남동사거리->성균관대입구,11005.0,37.5831,127.0009,20시,629.0
0,20170129.0,일,창경궁로(서울여자대학교),A-06,유출,원남동사거리->성균관대입구,8392.0,37.5831,127.0009,8시,267.0
0,20170129.0,일,창경궁로(서울여자대학교),A-06,유출,원남동사거리->성균관대입구,8392.0,37.5831,127.0009,9시,391.0
0,20170129.0,일,창경궁로(서울여자대학교),A-06,유출,원남동사거리->성균관대입구,8392.0,37.5831,127.0009,10시,522.0
0,20170129.0,일,창경궁로(서울여자대학교),A-06,유출,원남동사거리->성균관대입구,8392.0,37.5831,127.0009,11시,562.0
0,20170129.0,일,창경궁로(서울여자대학교),A-06,유출,원남동사거리->성균관대입구,8392.0,37.5831,127.0009,12시,749.0
0,20170129.0,일,창경궁로(서울여자대학교),A-06,유출,원남동사거리->성균관대입구,8392.0,37.5831,127.0009,13시,839.0
0,20170129.0,일,창경궁로(서울여자대학교),A-06,유출,원남동사거리->성균관대입구,8392.0,37.5831,127.0009,14시,777.0
0,20170129.0,일,창경궁로(서울여자대학교),A-06,유출,원남동사거리->성균관대입구,8392.0,37.5831,127.0009,15시,749.0
0,20170129.0,일,창경궁로(서울여자대학교),A-06,유출,원남동사거리->성균관대입구,8392.0,37.5831,127.0009,16시,891.0
0,20170129.0,일,창경궁로(서울여자대학교),A-06,유출,원남동사거리->성균관대입구,8392.0,37.5831,127.0009,17시,695.0
0,20170129.0,일,창경궁로(서울여자대학교),A-06,유출,원남동사거리->성균관대입구,8392.0,37.5831,127.0009,18시,746.0
0,20170129.0,일,창경궁로(서울여자대학교),A-06,유출,원남동사거리->성균관대입구,8392.0,37.5831,127.0009,19시,600.0
0,20170129.0,일,창경궁로(서울여자대학교),A-06,유출,원남동사거리->성균관대입구,8392.0,37.5831,127.0009,20시,604.0
0,20170130.0,월,창경궁로(서울여자대학교),A-06,유출,원남동사거리->성균관대입구,8868.0,37.5831,127.0009,8시,354.0
0,20170130.0,월,창경궁로(서울여자대학교),A-06,유출,원남동사거리->성균관대입구,8868.0,37.5831,127.0009,9시,370.0
0,20170130.0,월,창경궁로(서울여자대학교),A-06,유출,원남동사거리->성균관대입구,8868.0,37.5831,127.0009,10시,477.0
0,20170130.0,월,창경궁로(서울여자대학교),A-06,유출,원남동사거리->성균관대입구,8868.0,37.5831,127.0009,11시,525.0
0,20170130.0,월,창경궁로(서울여자대학교),A-06,유출,원남동사거리->성균관대입구,8868.0,37.5831,127.0009,12시,630.0
0,20170130.0,월,창경궁로(서울여자대학교),A-06,유출,원남동사거리->성균관대입구,8868.0,37.5831,127.0009,13시,700.0
0,20170130.0,월,창경궁로(서울여자대학교),A-06,유출,원남동사거리->성균관대입구,8868.0,37.5831,127.0009,14시,851.0
0,20170130.0,월,창경궁로(서울여자대학교),A-06,유출,원남동사거리->성균관대입구,8868.0,37.5831,127.0009,15시,838.0
0,20170130.0,월,창경궁로(서울여자대학교),A-06,유출,원남동사거리->성균관대입구,8868.0,37.5831,127.0009,16시,894.0
0,20170130.0,월,창경궁로(서울여자대학교),A-06,유출,원남동사거리->성균관대입구,8868.0,37.5831,127.0009,17시,890.0
0,20170130.0,월,창경궁로(서울여자대학교),A-06,유출,원남동사거리->성균관대입구,8868.0,37.5831,127.0009,18시,861.0
0,20170130.0,월,창경궁로(서울여자대학교),A-06,유출,원남동사거리->성균관대입구,8868.0,37.5831,127.0009,19시,784.0
0,20170130.0,월,창경궁로(서울여자대학교),A-06,유출,원남동사거리->성균관대입구,8868.0,37.5831,127.0009,20시,694.0
0,20170131.0,화,창경궁로(서울여자대학교),A-06,유출,원남동사거리->성균관대입구,11185.0,37.5831,127.0009,8시,610.0
0,20170131.0,화,창경궁로(서울여자대학교),A-06,유출,원남동사거리->성균관대입구,11185.0,37.5831,127.0009,9시,598.0
0,20170131.0,화,창경궁로(서울여자대학교),A-06,유출,원남동사거리->성균관대입구,11185.0,37.5831,127.0009,10시,640.0
0,20170131.0,화,창경궁로(서울여자대학교),A-06,유출,원남동사거리->성균관대입구,11185.0,37.5831,127.0009,11시,843.0
0,20170131.0,화,창경궁로(서울여자대학교),A-06,유출,원남동사거리->성균관대입구,11185.0,37.5831,127.0009,12시,855.0
0,20170131.0,화,창경궁로(서울여자대학교),A-06,유출,원남동사거리->성균관대입구,11185.0,37.5831,127.0009,13시,762.0
0,20170131.0,화,창경궁로(서울여자대학교),A-06,유출,원남동사거리->성균관대입구,11185.0,37.5831,127.0009,14시,840.0
0,20170131.0,화,창경궁로(서울여자대학교),A-06,유출,원남동사거리->성균관대입구,11185.0,37.5831,127.0009,15시,930.0
0,20170131.0,화,창경궁로(서울여자대학교),A-06,유출,원남동사거리->성균관대입구,11185.0,37.5831,127.0009,16시,1023.0
0,20170131.0,화,창경궁로(서울여자대학교),A-06,유출,원남동사거리->성균관대입구,11185.0,37.5831,127.0009,17시,961.0
0,20170131.0,화,창경궁로(서울여자대학교),A-06,유출,원남동사거리->성균관대입구,11185.0,37.5831,127.0009,18시,1069.0
0,20170131.0,화,창경궁로(서울여자대학교),A-06,유출,원남동사거리->성균관대입구,11185.0,37.5831,127.0009,19시,1081.0
0,20170131.0,화,창경궁로(서울여자대학교),A-06,유출,원남동사거리->성균관대입구,11185.0,37.5831,127.0009,20시,973.0
0,20170201.0,수,창경궁로(서울여자대학교),A-06,유입,성균관대입구->원남동사거리,17426.0,37.5831,127.0009,8시,2306.0
0,20170201.0,수,창경궁로(서울여자대학교),A-06,유입,성균관대입구->원남동사거리,17426.0,37.5831,127.0009,9시,1953.0
0,20170201.0,수,창경궁로(서울여자대학교),A-06,유입,성균관대입구->원남동사거리,17426.0,37.5831,127.0009,10시,1536.0
0,20170201.0,수,창경궁로(서울여자대학교),A-06,유입,성균관대입구->원남동사거리,17426.0,37.5831,127.0009,11시,1381.0
0,20170201.0,수,창경궁로(서울여자대학교),A-06,유입,성균관대입구->원남동사거리,17426.0,37.5831,127.0009,12시,1244.0
0,20170201.0,수,창경궁로(서울여자대학교),A-06,유입,성균관대입구->원남동사거리,17426.0,37.5831,127.0009,13시,1395.0
0,20170201.0,수,창경궁로(서울여자대학교),A-06,유입,성균관대입구->원남동사거리,17426.0,37.5831,127.0009,14시,1313.0
0,20170201.0,수,창경궁로(서울여자대학교),A-06,유입,성균관대입구->원남동사거리,17426.0,37.5831,127.0009,15시,1263.0
0,20170201.0,수,창경궁로(서울여자대학교),A-06,유입,성균관대입구->원남동사거리,17426.0,37.5831,127.0009,16시,1095.0
0,20170201.0,수,창경궁로(서울여자대학교),A-06,유입,성균관대입구->원남동사거리,17426.0,37.5831,127.0009,17시,1092.0
0,20170201.0,수,창경궁로(서울여자대학교),A-06,유입,성균관대입구->원남동사거리,17426.0,37.5831,127.0009,18시,1008.0
0,20170201.0,수,창경궁로(서울여자대학교),A-06,유입,성균관대입구->원남동사거리,17426.0,37.5831,127.0009,19시,892.0
0,20170201.0,수,창경궁로(서울여자대학교),A-06,유입,성균관대입구->원남동사거리,17426.0,37.5831,127.0009,20시,948.0
0,20170202.0,목,창경궁로(서울여자대학교),A-06,유입,성균관대입구->원남동사거리,17807.0,37.5831,127.0009,8시,2290.0
0,20170202.0,목,창경궁로(서울여자대학교),A-06,유입,성균관대입구->원남동사거리,17807.0,37.5831,127.0009,9시,1971.0
0,20170202.0,목,창경궁로(서울여자대학교),A-06,유입,성균관대입구->원남동사거리,17807.0,37.5831,127.0009,10시,1656.0
0,20170202.0,목,창경궁로(서울여자대학교),A-06,유입,성균관대입구->원남동사거리,17807.0,37.5831,127.0009,11시,1470.0
0,20170202.0,목,창경궁로(서울여자대학교),A-06,유입,성균관대입구->원남동사거리,17807.0,37.5831,127.0009,12시,1351.0
0,20170202.0,목,창경궁로(서울여자대학교),A-06,유입,성균관대입구->원남동사거리,17807.0,37.5831,127.0009,13시,1346.0
0,20170202.0,목,창경궁로(서울여자대학교),A-06,유입,성균관대입구->원남동사거리,17807.0,37.5831,127.0009,14시,1326.0
0,20170202.0,목,창경궁로(서울여자대학교),A-06,유입,성균관대입구->원남동사거리,17807.0,37.5831,127.0009,15시,1156.0
0,20170202.0,목,창경궁로(서울여자대학교),A-06,유입,성균관대입구->원남동사거리,17807.0,37.5831,127.0009,16시,1234.0
0,20170202.0,목,창경궁로(서울여자대학교),A-06,유입,성균관대입구->원남동사거리,17807.0,37.5831,127.0009,17시,1124.0
0,20170202.0,목,창경궁로(서울여자대학교),A-06,유입,성균관대입구->원남동사거리,17807.0,37.5831,127.0009,18시,1064.0
0,20170202.0,목,창경궁로(서울여자대학교),A-06,유입,성균관대입구->원남동사거리,17807.0,37.5831,127.0009,19시,914.0
0,20170202.0,목,창경궁로(서울여자대학교),A-06,유입,성균관대입구->원남동사거리,17807.0,37.5831,127.0009,20시,905.0
0,20170203.0,금,창경궁로(서울여자대학교),A-06,유입,성균관대입구->원남동사거리,18147.0,37.5831,127.0009,8시,2336.0
0,20170203.0,금,창경궁로(서울여자대학교),A-06,유입,성균관대입구->원남동사거리,18147.0,37.5831,127.0009,9시,2007.0
0,20170203.0,금,창경궁로(서울여자대학교),A-06,유입,성균관대입구->원남동사거리,18147.0,37.5831,127.0009,10시,1613.0
0,20170203.0,금,창경궁로(서울여자대학교),A-06,유입,성균관대입구->원남동사거리,18147.0,37.5831,127.0009,11시,1389.0
0,20170203.0,금,창경궁로(서울여자대학교),A-06,유입,성균관대입구->원남동사거리,18147.0,37.5831,127.0009,12시,1301.0
0,20170203.0,금,창경궁로(서울여자대학교),A-06,유입,성균관대입구->원남동사거리,18147.0,37.5831,127.0009,13시,1340.0
0,20170203.0,금,창경궁로(서울여자대학교),A-06,유입,성균관대입구->원남동사거리,18147.0,37.5831,127.0009,14시,1391.0
0,20170203.0,금,창경궁로(서울여자대학교),A-06,유입,성균관대입구->원남동사거리,18147.0,37.5831,127.0009,15시,1229.0
0,20170203.0,금,창경궁로(서울여자대학교),A-06,유입,성균관대입구->원남동사거리,18147.0,37.5831,127.0009,16시,1259.0
0,20170203.0,금,창경궁로(서울여자대학교),A-06,유입,성균관대입구->원남동사거리,18147.0,37.5831,127.0009,17시,1182.0
0,20170203.0,금,창경궁로(서울여자대학교),A-06,유입,성균관대입구->원남동사거리,18147.0,37.5831,127.0009,18시,1099.0
0,20170203.0,금,창경궁로(서울여자대학교),A-06,유입,성균관대입구->원남동사거리,18147.0,37.5831,127.0009,19시,1013.0
0,20170203.0,금,창경궁로(서울여자대학교),A-06,유입,성균관대입구->원남동사거리,18147.0,37.5831,127.0009,20시,988.0
0,20170206.0,월,창경궁로(서울여자대학교),A-06,유입,성균관대입구->원남동사거리,17911.0,37.5831,127.0009,8시,2378.0
0,20170206.0,월,창경궁로(서울여자대학교),A-06,유입,성균관대입구->원남동사거리,17911.0,37.5831,127.0009,9시,1953.0
0,20170206.0,월,창경궁로(서울여자대학교),A-06,유입,성균관대입구->원남동사거리,17911.0,37.5831,127.0009,10시,1671.0
0,20170206.0,월,창경궁로(서울여자대학교),A-06,유입,성균관대입구->원남동사거리,17911.0,37.5831,127.0009,11시,1439.0
0,20170206.0,월,창경궁로(서울여자대학교),A-06,유입,성균관대입구->원남동사거리,17911.0,37.5831,127.0009,12시,1285.0
0,20170206.0,월,창경궁로(서울여자대학교),A-06,유입,성균관대입구->원남동사거리,17911.0,37.5831,127.0009,13시,1307.0
0,20170206.0,월,창경궁로(서울여자대학교),A-06,유입,성균관대입구->원남동사거리,17911.0,37.5831,127.0009,14시,1347.0
0,20170206.0,월,창경궁로(서울여자대학교),A-06,유입,성균관대입구->원남동사거리,17911.0,37.5831,127.0009,15시,1260.0
0,20170206.0,월,창경궁로(서울여자대학교),A-06,유입,성균관대입구->원남동사거리,17911.0,37.5831,127.0009,16시,1206.0
0,20170206.0,월,창경궁로(서울여자대학교),A-06,유입,성균관대입구->원남동사거리,17911.0,37.5831,127.0009,17시,1187.0
0,20170206.0,월,창경궁로(서울여자대학교),A-06,유입,성균관대입구->원남동사거리,17911.0,37.5831,127.0009,18시,1075.0
0,20170206.0,월,창경궁로(서울여자대학교),A-06,유입,성균관대입구->원남동사거리,17911.0,37.5831,127.0009,19시,854.0
0,20170206.0,월,창경궁로(서울여자대학교),A-06,유입,성균관대입구->원남동사거리,17911.0,37.5831,127.0009,20시,949.0
0,20170207.0,화,창경궁로(서울여자대학교),A-06,유입,성균관대입구->원남동사거리,17777.0,37.5831,127.0009,8시,2426.0
0,20170207.0,화,창경궁로(서울여자대학교),A-06,유입,성균관대입구->원남동사거리,17777.0,37.5831,127.0009,9시,1889.0
0,20170207.0,화,창경궁로(서울여자대학교),A-06,유입,성균관대입구->원남동사거리,17777.0,37.5831,127.0009,10시,1718.0
0,20170207.0,화,창경궁로(서울여자대학교),A-06,유입,성균관대입구->원남동사거리,17777.0,37.5831,127.0009,11시,1300.0
0,20170207.0,화,창경궁로(서울여자대학교),A-06,유입,성균관대입구->원남동사거리,17777.0,37.5831,127.0009,12시,1297.0
0,20170207.0,화,창경궁로(서울여자대학교),A-06,유입,성균관대입구->원남동사거리,17777.0,37.5831,127.0009,13시,1434.0
0,20170207.0,화,창경궁로(서울여자대학교),A-06,유입,성균관대입구->원남동사거리,17777.0,37.5831,127.0009,14시,1295.0
0,20170207.0,화,창경궁로(서울여자대학교),A-06,유입,성균관대입구->원남동사거리,17777.0,37.5831,127.0009,15시,1221.0
0,20170207.0,화,창경궁로(서울여자대학교),A-06,유입,성균관대입구->원남동사거리,17777.0,37.5831,127.0009,16시,1189.0
0,20170207.0,화,창경궁로(서울여자대학교),A-06,유입,성균관대입구->원남동사거리,17777.0,37.5831,127.0009,17시,1161.0
0,20170207.0,화,창경궁로(서울여자대학교),A-06,유입,성균관대입구->원남동사거리,17777.0,37.5831,127.0009,18시,978.0
0,20170207.0,화,창경궁로(서울여자대학교),A-06,유입,성균관대입구->원남동사거리,17777.0,37.5831,127.0009,19시,941.0
0,20170207.0,화,창경궁로(서울여자대학교),A-06,유입,성균관대입구->원남동사거리,17777.0,37.5831,127.0009,20시,928.0
0,20170208.0,수,창경궁로(서울여자대학교),A-06,유입,성균관대입구->원남동사거리,17810.0,37.5831,127.0009,8시,2454.0
0,20170208.0,수,창경궁로(서울여자대학교),A-06,유입,성균관대입구->원남동사거리,17810.0,37.5831,127.0009,9시,1897.0
0,20170208.0,수,창경궁로(서울여자대학교),A-06,유입,성균관대입구->원남동사거리,17810.0,37.5831,127.0009,10시,1571.0
0,20170208.0,수,창경궁로(서울여자대학교),A-06,유입,성균관대입구->원남동사거리,17810.0,37.5831,127.0009,11시,1464.0
0,20170208.0,수,창경궁로(서울여자대학교),A-06,유입,성균관대입구->원남동사거리,17810.0,37.5831,127.0009,12시,1308.0
0,20170208.0,수,창경궁로(서울여자대학교),A-06,유입,성균관대입구->원남동사거리,17810.0,37.5831,127.0009,13시,1431.0
0,20170208.0,수,창경궁로(서울여자대학교),A-06,유입,성균관대입구->원남동사거리,17810.0,37.5831,127.0009,14시,1268.0
0,20170208.0,수,창경궁로(서울여자대학교),A-06,유입,성균관대입구->원남동사거리,17810.0,37.5831,127.0009,15시,1201.0
0,20170208.0,수,창경궁로(서울여자대학교),A-06,유입,성균관대입구->원남동사거리,17810.0,37.5831,127.0009,16시,1189.0
0,20170208.0,수,창경궁로(서울여자대학교),A-06,유입,성균관대입구->원남동사거리,17810.0,37.5831,127.0009,17시,1163.0
0,20170208.0,수,창경궁로(서울여자대학교),A-06,유입,성균관대입구->원남동사거리,17810.0,37.5831,127.0009,18시,1028.0
0,20170208.0,수,창경궁로(서울여자대학교),A-06,유입,성균관대입구->원남동사거리,17810.0,37.5831,127.0009,19시,897.0
0,20170208.0,수,창경궁로(서울여자대학교),A-06,유입,성균관대입구->원남동사거리,17810.0,37.5831,127.0009,20시,939.0
0,20170209.0,목,창경궁로(서울여자대학교),A-06,유입,성균관대입구->원남동사거리,18049.0,37.5831,127.0009,8시,2455.0
0,20170209.0,목,창경궁로(서울여자대학교),A-06,유입,성균관대입구->원남동사거리,18049.0,37.5831,127.0009,9시,1962.0
0,20170209.0,목,창경궁로(서울여자대학교),A-06,유입,성균관대입구->원남동사거리,18049.0,37.5831,127.0009,10시,1600.0
0,20170209.0,목,창경궁로(서울여자대학교),A-06,유입,성균관대입구->원남동사거리,18049.0,37.5831,127.0009,11시,1410.0
0,20170209.0,목,창경궁로(서울여자대학교),A-06,유입,성균관대입구->원남동사거리,18049.0,37.5831,127.0009,12시,1308.0
0,20170209.0,목,창경궁로(서울여자대학교),A-06,유입,성균관대입구->원남동사거리,18049.0,37.5831,127.0009,13시,1367.0
0,20170209.0,목,창경궁로(서울여자대학교),A-06,유입,성균관대입구->원남동사거리,18049.0,37.5831,127.0009,14시,1313.0
0,20170209.0,목,창경궁로(서울여자대학교),A-06,유입,성균관대입구->원남동사거리,18049.0,37.5831,127.0009,15시,1254.0
0,20170209.0,목,창경궁로(서울여자대학교),A-06,유입,성균관대입구->원남동사거리,18049.0,37.5831,127.0009,16시,1211.0
0,20170209.0,목,창경궁로(서울여자대학교),A-06,유입,성균관대입구->원남동사거리,18049.0,37.5831,127.0009,17시,1144.0
0,20170209.0,목,창경궁로(서울여자대학교),A-06,유입,성균관대입구->원남동사거리,18049.0,37.5831,127.0009,18시,1116.0
0,20170209.0,목,창경궁로(서울여자대학교),A-06,유입,성균관대입구->원남동사거리,18049.0,37.5831,127.0009,19시,942.0
0,20170209.0,목,창경궁로(서울여자대학교),A-06,유입,성균관대입구->원남동사거리,18049.0,37.5831,127.0009,20시,967.0
0,20170210.0,금,창경궁로(서울여자대학교),A-06,유입,성균관대입구->원남동사거리,18462.0,37.5831,127.0009,8시,2439.0
0,20170210.0,금,창경궁로(서울여자대학교),A-06,유입,성균관대입구->원남동사거리,18462.0,37.5831,127.0009,9시,1905.0
0,20170210.0,금,창경궁로(서울여자대학교),A-06,유입,성균관대입구->원남동사거리,18462.0,37.5831,127.0009,10시,1682.0
0,20170210.0,금,창경궁로(서울여자대학교),A-06,유입,성균관대입구->원남동사거리,18462.0,37.5831,127.0009,11시,1402.0
0,20170210.0,금,창경궁로(서울여자대학교),A-06,유입,성균관대입구->원남동사거리,18462.0,37.5831,127.0009,12시,1388.0
0,20170210.0,금,창경궁로(서울여자대학교),A-06,유입,성균관대입구->원남동사거리,18462.0,37.5831,127.0009,13시,1494.0
0,20170210.0,금,창경궁로(서울여자대학교),A-06,유입,성균관대입구->원남동사거리,18462.0,37.5831,127.0009,14시,1332.0
0,20170210.0,금,창경궁로(서울여자대학교),A-06,유입,성균관대입구->원남동사거리,18462.0,37.5831,127.0009,15시,1294.0
0,20170210.0,금,창경궁로(서울여자대학교),A-06,유입,성균관대입구->원남동사거리,18462.0,37.5831,127.0009,16시,1235.0
0,20170210.0,금,창경궁로(서울여자대학교),A-06,유입,성균관대입구->원남동사거리,18462.0,37.5831,127.0009,17시,1206.0
0,20170210.0,금,창경궁로(서울여자대학교),A-06,유입,성균관대입구->원남동사거리,18462.0,37.5831,127.0009,18시,1099.0
0,20170210.0,금,창경궁로(서울여자대학교),A-06,유입,성균관대입구->원남동사거리,18462.0,37.5831,127.0009,19시,992.0
0,20170210.0,금,창경궁로(서울여자대학교),A-06,유입,성균관대입구->원남동사거리,18462.0,37.5831,127.0009,20시,994.0
0,20170213.0,월,창경궁로(서울여자대학교),A-06,유입,성균관대입구->원남동사거리,17663.0,37.5831,127.0009,8시,2374.0
0,20170213.0,월,창경궁로(서울여자대학교),A-06,유입,성균관대입구->원남동사거리,17663.0,37.5831,127.0009,9시,1948.0
0,20170213.0,월,창경궁로(서울여자대학교),A-06,유입,성균관대입구->원남동사거리,17663.0,37.5831,127.0009,10시,1418.0
0,20170213.0,월,창경궁로(서울여자대학교),A-06,유입,성균관대입구->원남동사거리,17663.0,37.5831,127.0009,11시,1394.0
0,20170213.0,월,창경궁로(서울여자대학교),A-06,유입,성균관대입구->원남동사거리,17663.0,37.5831,127.0009,12시,1364.0
0,20170213.0,월,창경궁로(서울여자대학교),A-06,유입,성균관대입구->원남동사거리,17663.0,37.5831,127.0009,13시,1420.0
0,20170213.0,월,창경궁로(서울여자대학교),A-06,유입,성균관대입구->원남동사거리,17663.0,37.5831,127.0009,14시,1335.0
0,20170213.0,월,창경궁로(서울여자대학교),A-06,유입,성균관대입구->원남동사거리,17663.0,37.5831,127.0009,15시,1232.0
0,20170213.0,월,창경궁로(서울여자대학교),A-06,유입,성균관대입구->원남동사거리,17663.0,37.5831,127.0009,16시,1134.0
0,20170213.0,월,창경궁로(서울여자대학교),A-06,유입,성균관대입구->원남동사거리,17663.0,37.5831,127.0009,17시,1181.0
0,20170213.0,월,창경궁로(서울여자대학교),A-06,유입,성균관대입구->원남동사거리,17663.0,37.5831,127.0009,18시,1060.0
0,20170213.0,월,창경궁로(서울여자대학교),A-06,유입,성균관대입구->원남동사거리,17663.0,37.5831,127.0009,19시,868.0
0,20170213.0,월,창경궁로(서울여자대학교),A-06,유입,성균관대입구->원남동사거리,17663.0,37.5831,127.0009,20시,935.0
0,20170214.0,화,창경궁로(서울여자대학교),A-06,유입,성균관대입구->원남동사거리,16822.0,37.5831,127.0009,8시,2382.0
0,20170214.0,화,창경궁로(서울여자대학교),A-06,유입,성균관대입구->원남동사거리,16822.0,37.5831,127.0009,9시,1948.0
0,20170214.0,화,창경궁로(서울여자대학교),A-06,유입,성균관대입구->원남동사거리,16822.0,37.5831,127.0009,10시,1618.0
0,20170214.0,화,창경궁로(서울여자대학교),A-06,유입,성균관대입구->원남동사거리,16822.0,37.5831,127.0009,11시,1283.0
0,20170214.0,화,창경궁로(서울여자대학교),A-06,유입,성균관대입구->원남동사거리,16822.0,37.5831,127.0009,12시,1359.0
0,20170214.0,화,창경궁로(서울여자대학교),A-06,유입,성균관대입구->원남동사거리,16822.0,37.5831,127.0009,13시,1357.0
0,20170214.0,화,창경궁로(서울여자대학교),A-06,유입,성균관대입구->원남동사거리,16822.0,37.5831,127.0009,14시,866.0
0,20170214.0,화,창경궁로(서울여자대학교),A-06,유입,성균관대입구->원남동사거리,16822.0,37.5831,127.0009,15시,703.0
0,20170214.0,화,창경궁로(서울여자대학교),A-06,유입,성균관대입구->원남동사거리,16822.0,37.5831,127.0009,16시,1149.0
0,20170214.0,화,창경궁로(서울여자대학교),A-06,유입,성균관대입구->원남동사거리,16822.0,37.5831,127.0009,17시,1158.0
0,20170214.0,화,창경궁로(서울여자대학교),A-06,유입,성균관대입구->원남동사거리,16822.0,37.5831,127.0009,18시,1039.0
0,20170214.0,화,창경궁로(서울여자대학교),A-06,유입,성균관대입구->원남동사거리,16822.0,37.5831,127.0009,19시,968.0
0,20170214.0,화,창경궁로(서울여자대학교),A-06,유입,성균관대입구->원남동사거리,16822.0,37.5831,127.0009,20시,992.0
0,20170215.0,수,창경궁로(서울여자대학교),A-06,유입,성균관대입구->원남동사거리,17794.0,37.5831,127.0009,8시,2287.0
0,20170215.0,수,창경궁로(서울여자대학교),A-06,유입,성균관대입구->원남동사거리,17794.0,37.5831,127.0009,9시,1855.0
0,20170215.0,수,창경궁로(서울여자대학교),A-06,유입,성균관대입구->원남동사거리,17794.0,37.5831,127.0009,10시,1556.0
0,20170215.0,수,창경궁로(서울여자대학교),A-06,유입,성균관대입구->원남동사거리,17794.0,37.5831,127.0009,11시,1456.0
0,20170215.0,수,창경궁로(서울여자대학교),A-06,유입,성균관대입구->원남동사거리,17794.0,37.5831,127.0009,12시,1364.0
0,20170215.0,수,창경궁로(서울여자대학교),A-06,유입,성균관대입구->원남동사거리,17794.0,37.5831,127.0009,13시,1408.0
0,20170215.0,수,창경궁로(서울여자대학교),A-06,유입,성균관대입구->원남동사거리,17794.0,37.5831,127.0009,14시,1375.0
0,20170215.0,수,창경궁로(서울여자대학교),A-06,유입,성균관대입구->원남동사거리,17794.0,37.5831,127.0009,15시,1215.0
0,20170215.0,수,창경궁로(서울여자대학교),A-06,유입,성균관대입구->원남동사거리,17794.0,37.5831,127.0009,16시,1211.0
0,20170215.0,수,창경궁로(서울여자대학교),A-06,유입,성균관대입구->원남동사거리,17794.0,37.5831,127.0009,17시,1176.0
0,20170215.0,수,창경궁로(서울여자대학교),A-06,유입,성균관대입구->원남동사거리,17794.0,37.5831,127.0009,18시,1110.0
0,20170215.0,수,창경궁로(서울여자대학교),A-06,유입,성균관대입구->원남동사거리,17794.0,37.5831,127.0009,19시,862.0
0,20170215.0,수,창경궁로(서울여자대학교),A-06,유입,성균관대입구->원남동사거리,17794.0,37.5831,127.0009,20시,919.0
0,20170216.0,목,창경궁로(서울여자대학교),A-06,유입,성균관대입구->원남동사거리,18117.0,37.5831,127.0009,8시,2376.0
0,20170216.0,목,창경궁로(서울여자대학교),A-06,유입,성균관대입구->원남동사거리,18117.0,37.5831,127.0009,9시,1902.0
0,20170216.0,목,창경궁로(서울여자대학교),A-06,유입,성균관대입구->원남동사거리,18117.0,37.5831,127.0009,10시,1554.0
0,20170216.0,목,창경궁로(서울여자대학교),A-06,유입,성균관대입구->원남동사거리,18117.0,37.5831,127.0009,11시,1386.0
0,20170216.0,목,창경궁로(서울여자대학교),A-06,유입,성균관대입구->원남동사거리,18117.0,37.5831,127.0009,12시,1443.0
0,20170216.0,목,창경궁로(서울여자대학교),A-06,유입,성균관대입구->원남동사거리,18117.0,37.5831,127.0009,13시,1393.0
0,20170216.0,목,창경궁로(서울여자대학교),A-06,유입,성균관대입구->원남동사거리,18117.0,37.5831,127.0009,14시,1323.0
0,20170216.0,목,창경궁로(서울여자대학교),A-06,유입,성균관대입구->원남동사거리,18117.0,37.5831,127.0009,15시,1297.0
0,20170216.0,목,창경궁로(서울여자대학교),A-06,유입,성균관대입구->원남동사거리,18117.0,37.5831,127.0009,16시,1317.0
0,20170216.0,목,창경궁로(서울여자대학교),A-06,유입,성균관대입구->원남동사거리,18117.0,37.5831,127.0009,17시,1152.0
0,20170216.0,목,창경궁로(서울여자대학교),A-06,유입,성균관대입구->원남동사거리,18117.0,37.5831,127.0009,18시,1080.0
0,20170216.0,목,창경궁로(서울여자대학교),A-06,유입,성균관대입구->원남동사거리,18117.0,37.5831,127.0009,19시,932.0
0,20170216.0,목,창경궁로(서울여자대학교),A-06,유입,성균관대입구->원남동사거리,18117.0,37.5831,127.0009,20시,962.0
0,20170217.0,금,창경궁로(서울여자대학교),A-06,유입,성균관대입구->원남동사거리,18798.0,37.5831,127.0009,8시,2388.0
0,20170217.0,금,창경궁로(서울여자대학교),A-06,유입,성균관대입구->원남동사거리,18798.0,37.5831,127.0009,9시,1919.0
0,20170217.0,금,창경궁로(서울여자대학교),A-06,유입,성균관대입구->원남동사거리,18798.0,37.5831,127.0009,10시,1567.0
0,20170217.0,금,창경궁로(서울여자대학교),A-06,유입,성균관대입구->원남동사거리,18798.0,37.5831,127.0009,11시,1466.0
0,20170217.0,금,창경궁로(서울여자대학교),A-06,유입,성균관대입구->원남동사거리,18798.0,37.5831,127.0009,12시,1453.0
0,20170217.0,금,창경궁로(서울여자대학교),A-06,유입,성균관대입구->원남동사거리,18798.0,37.5831,127.0009,13시,1487.0
0,20170217.0,금,창경궁로(서울여자대학교),A-06,유입,성균관대입구->원남동사거리,18798.0,37.5831,127.0009,14시,1448.0
0,20170217.0,금,창경궁로(서울여자대학교),A-06,유입,성균관대입구->원남동사거리,18798.0,37.5831,127.0009,15시,1293.0
0,20170217.0,금,창경궁로(서울여자대학교),A-06,유입,성균관대입구->원남동사거리,18798.0,37.5831,127.0009,16시,1244.0
0,20170217.0,금,창경궁로(서울여자대학교),A-06,유입,성균관대입구->원남동사거리,18798.0,37.5831,127.0009,17시,1296.0
0,20170217.0,금,창경궁로(서울여자대학교),A-06,유입,성균관대입구->원남동사거리,18798.0,37.5831,127.0009,18시,1149.0
0,20170217.0,금,창경궁로(서울여자대학교),A-06,유입,성균관대입구->원남동사거리,18798.0,37.5831,127.0009,19시,1014.0
0,20170217.0,금,창경궁로(서울여자대학교),A-06,유입,성균관대입구->원남동사거리,18798.0,37.5831,127.0009,20시,1074.0
0,20170220.0,월,창경궁로(서울여자대학교),A-06,유입,성균관대입구->원남동사거리,16654.0,37.5831,127.0009,8시,2411.0
0,20170220.0,월,창경궁로(서울여자대학교),A-06,유입,성균관대입구->원남동사거리,16654.0,37.5831,127.0009,9시,1963.0
0,20170220.0,월,창경궁로(서울여자대학교),A-06,유입,성균관대입구->원남동사거리,16654.0,37.5831,127.0009,10시,1559.0
0,20170220.0,월,창경궁로(서울여자대학교),A-06,유입,성균관대입구->원남동사거리,16654.0,37.5831,127.0009,11시,1431.0
0,20170220.0,월,창경궁로(서울여자대학교),A-06,유입,성균관대입구->원남동사거리,16654.0,37.5831,127.0009,12시,1265.0
0,20170220.0,월,창경궁로(서울여자대학교),A-06,유입,성균관대입구->원남동사거리,16654.0,37.5831,127.0009,13시,1458.0
0,20170220.0,월,창경궁로(서울여자대학교),A-06,유입,성균관대입구->원남동사거리,16654.0,37.5831,127.0009,14시,1365.0
0,20170220.0,월,창경궁로(서울여자대학교),A-06,유입,성균관대입구->원남동사거리,16654.0,37.5831,127.0009,15시,1259.0
0,20170220.0,월,창경궁로(서울여자대학교),A-06,유입,성균관대입구->원남동사거리,16654.0,37.5831,127.0009,16시,1163.0
0,20170220.0,월,창경궁로(서울여자대학교),A-06,유입,성균관대입구->원남동사거리,16654.0,37.5831,127.0009,17시,76.0
0,20170220.0,월,창경궁로(서울여자대학교),A-06,유입,성균관대입구->원남동사거리,16654.0,37.5831,127.0009,18시,772.0
0,20170220.0,월,창경궁로(서울여자대학교),A-06,유입,성균관대입구->원남동사거리,16654.0,37.5831,127.0009,19시,933.0
0,20170220.0,월,창경궁로(서울여자대학교),A-06,유입,성균관대입구->원남동사거리,16654.0,37.5831,127.0009,20시,999.0
0,20170221.0,화,창경궁로(서울여자대학교),A-06,유입,성균관대입구->원남동사거리,17299.0,37.5831,127.0009,8시,2305.0
0,20170221.0,화,창경궁로(서울여자대학교),A-06,유입,성균관대입구->원남동사거리,17299.0,37.5831,127.0009,9시,2014.0
0,20170221.0,화,창경궁로(서울여자대학교),A-06,유입,성균관대입구->원남동사거리,17299.0,37.5831,127.0009,10시,1661.0
0,20170221.0,화,창경궁로(서울여자대학교),A-06,유입,성균관대입구->원남동사거리,17299.0,37.5831,127.0009,11시,1427.0
0,20170221.0,화,창경궁로(서울여자대학교),A-06,유입,성균관대입구->원남동사거리,17299.0,37.5831,127.0009,12시,1374.0
0,20170221.0,화,창경궁로(서울여자대학교),A-06,유입,성균관대입구->원남동사거리,17299.0,37.5831,127.0009,13시,1349.0
0,20170221.0,화,창경궁로(서울여자대학교),A-06,유입,성균관대입구->원남동사거리,17299.0,37.5831,127.0009,14시,1288.0
0,20170221.0,화,창경궁로(서울여자대학교),A-06,유입,성균관대입구->원남동사거리,17299.0,37.5831,127.0009,15시,1056.0
0,20170221.0,화,창경궁로(서울여자대학교),A-06,유입,성균관대입구->원남동사거리,17299.0,37.5831,127.0009,16시,1047.0
0,20170221.0,화,창경궁로(서울여자대학교),A-06,유입,성균관대입구->원남동사거리,17299.0,37.5831,127.0009,17시,966.0
0,20170221.0,화,창경궁로(서울여자대학교),A-06,유입,성균관대입구->원남동사거리,17299.0,37.5831,127.0009,18시,912.0
0,20170221.0,화,창경궁로(서울여자대학교),A-06,유입,성균관대입구->원남동사거리,17299.0,37.5831,127.0009,19시,929.0
0,20170221.0,화,창경궁로(서울여자대학교),A-06,유입,성균관대입구->원남동사거리,17299.0,37.5831,127.0009,20시,971.0
0,20170222.0,수,창경궁로(서울여자대학교),A-06,유입,성균관대입구->원남동사거리,16902.0,37.5831,127.0009,8시,2271.0
0,20170222.0,수,창경궁로(서울여자대학교),A-06,유입,성균관대입구->원남동사거리,16902.0,37.5831,127.0009,9시,1855.0
0,20170222.0,수,창경궁로(서울여자대학교),A-06,유입,성균관대입구->원남동사거리,16902.0,37.5831,127.0009,10시,1524.0
0,20170222.0,수,창경궁로(서울여자대학교),A-06,유입,성균관대입구->원남동사거리,16902.0,37.5831,127.0009,11시,1255.0
0,20170222.0,수,창경궁로(서울여자대학교),A-06,유입,성균관대입구->원남동사거리,16902.0,37.5831,127.0009,12시,1321.0
0,20170222.0,수,창경궁로(서울여자대학교),A-06,유입,성균관대입구->원남동사거리,16902.0,37.5831,127.0009,13시,1345.0
0,20170222.0,수,창경궁로(서울여자대학교),A-06,유입,성균관대입구->원남동사거리,16902.0,37.5831,127.0009,14시,1191.0
0,20170222.0,수,창경궁로(서울여자대학교),A-06,유입,성균관대입구->원남동사거리,16902.0,37.5831,127.0009,15시,1230.0
0,20170222.0,수,창경궁로(서울여자대학교),A-06,유입,성균관대입구->원남동사거리,16902.0,37.5831,127.0009,16시,1087.0
0,20170222.0,수,창경궁로(서울여자대학교),A-06,유입,성균관대입구->원남동사거리,16902.0,37.5831,127.0009,17시,1007.0
0,20170222.0,수,창경궁로(서울여자대학교),A-06,유입,성균관대입구->원남동사거리,16902.0,37.5831,127.0009,18시,1035.0
0,20170222.0,수,창경궁로(서울여자대학교),A-06,유입,성균관대입구->원남동사거리,16902.0,37.5831,127.0009,19시,874.0
0,20170222.0,수,창경궁로(서울여자대학교),A-06,유입,성균관대입구->원남동사거리,16902.0,37.5831,127.0009,20시,907.0
0,20170223.0,목,창경궁로(서울여자대학교),A-06,유입,성균관대입구->원남동사거리,17549.0,37.5831,127.0009,8시,2337.0
0,20170223.0,목,창경궁로(서울여자대학교),A-06,유입,성균관대입구->원남동사거리,17549.0,37.5831,127.0009,9시,1896.0
0,20170223.0,목,창경궁로(서울여자대학교),A-06,유입,성균관대입구->원남동사거리,17549.0,37.5831,127.0009,10시,1577.0
0,20170223.0,목,창경궁로(서울여자대학교),A-06,유입,성균관대입구->원남동사거리,17549.0,37.5831,127.0009,11시,1441.0
0,20170223.0,목,창경궁로(서울여자대학교),A-06,유입,성균관대입구->원남동사거리,17549.0,37.5831,127.0009,12시,1351.0
0,20170223.0,목,창경궁로(서울여자대학교),A-06,유입,성균관대입구->원남동사거리,17549.0,37.5831,127.0009,13시,1364.0
0,20170223.0,목,창경궁로(서울여자대학교),A-06,유입,성균관대입구->원남동사거리,17549.0,37.5831,127.0009,14시,1320.0
0,20170223.0,목,창경궁로(서울여자대학교),A-06,유입,성균관대입구->원남동사거리,17549.0,37.5831,127.0009,15시,1111.0
0,20170223.0,목,창경궁로(서울여자대학교),A-06,유입,성균관대입구->원남동사거리,17549.0,37.5831,127.0009,16시,1170.0
0,20170223.0,목,창경궁로(서울여자대학교),A-06,유입,성균관대입구->원남동사거리,17549.0,37.5831,127.0009,17시,1036.0
0,20170223.0,목,창경궁로(서울여자대학교),A-06,유입,성균관대입구->원남동사거리,17549.0,37.5831,127.0009,18시,994.0
0,20170223.0,목,창경궁로(서울여자대학교),A-06,유입,성균관대입구->원남동사거리,17549.0,37.5831,127.0009,19시,948.0
0,20170223.0,목,창경궁로(서울여자대학교),A-06,유입,성균관대입구->원남동사거리,17549.0,37.5831,127.0009,20시,1004.0
0,20170224.0,금,창경궁로(서울여자대학교),A-06,유입,성균관대입구->원남동사거리,18611.0,37.5831,127.0009,8시,2377.0
0,20170224.0,금,창경궁로(서울여자대학교),A-06,유입,성균관대입구->원남동사거리,18611.0,37.5831,127.0009,9시,1925.0
0,20170224.0,금,창경궁로(서울여자대학교),A-06,유입,성균관대입구->원남동사거리,18611.0,37.5831,127.0009,10시,1635.0
0,20170224.0,금,창경궁로(서울여자대학교),A-06,유입,성균관대입구->원남동사거리,18611.0,37.5831,127.0009,11시,1680.0
0,20170224.0,금,창경궁로(서울여자대학교),A-06,유입,성균관대입구->원남동사거리,18611.0,37.5831,127.0009,12시,1605.0
0,20170224.0,금,창경궁로(서울여자대학교),A-06,유입,성균관대입구->원남동사거리,18611.0,37.5831,127.0009,13시,1528.0
0,20170224.0,금,창경궁로(서울여자대학교),A-06,유입,성균관대입구->원남동사거리,18611.0,37.5831,127.0009,14시,1345.0
0,20170224.0,금,창경궁로(서울여자대학교),A-06,유입,성균관대입구->원남동사거리,18611.0,37.5831,127.0009,15시,1189.0
0,20170224.0,금,창경궁로(서울여자대학교),A-06,유입,성균관대입구->원남동사거리,18611.0,37.5831,127.0009,16시,1155.0
0,20170224.0,금,창경궁로(서울여자대학교),A-06,유입,성균관대입구->원남동사거리,18611.0,37.5831,127.0009,17시,1044.0
0,20170224.0,금,창경궁로(서울여자대학교),A-06,유입,성균관대입구->원남동사거리,18611.0,37.5831,127.0009,18시,1075.0
0,20170224.0,금,창경궁로(서울여자대학교),A-06,유입,성균관대입구->원남동사거리,18611.0,37.5831,127.0009,19시,987.0
0,20170224.0,금,창경궁로(서울여자대학교),A-06,유입,성균관대입구->원남동사거리,18611.0,37.5831,127.0009,20시,1066.0
0,20170227.0,월,창경궁로(서울여자대학교),A-06,유입,성균관대입구->원남동사거리,16943.0,37.5831,127.0009,8시,2184.0
0,20170227.0,월,창경궁로(서울여자대학교),A-06,유입,성균관대입구->원남동사거리,16943.0,37.5831,127.0009,9시,1870.0
0,20170227.0,월,창경궁로(서울여자대학교),A-06,유입,성균관대입구->원남동사거리,16943.0,37.5831,127.0009,10시,1370.0
0,20170227.0,월,창경궁로(서울여자대학교),A-06,유입,성균관대입구->원남동사거리,16943.0,37.5831,127.0009,11시,1300.0
0,20170227.0,월,창경궁로(서울여자대학교),A-06,유입,성균관대입구->원남동사거리,16943.0,37.5831,127.0009,12시,1323.0
0,20170227.0,월,창경궁로(서울여자대학교),A-06,유입,성균관대입구->원남동사거리,16943.0,37.5831,127.0009,13시,1353.0
0,20170227.0,월,창경궁로(서울여자대학교),A-06,유입,성균관대입구->원남동사거리,16943.0,37.5831,127.0009,14시,1310.0
0,20170227.0,월,창경궁로(서울여자대학교),A-06,유입,성균관대입구->원남동사거리,16943.0,37.5831,127.0009,15시,1231.0
0,20170227.0,월,창경궁로(서울여자대학교),A-06,유입,성균관대입구->원남동사거리,16943.0,37.5831,127.0009,16시,1153.0
0,20170227.0,월,창경궁로(서울여자대학교),A-06,유입,성균관대입구->원남동사거리,16943.0,37.5831,127.0009,17시,1053.0
0,20170227.0,월,창경궁로(서울여자대학교),A-06,유입,성균관대입구->원남동사거리,16943.0,37.5831,127.0009,18시,963.0
0,20170227.0,월,창경궁로(서울여자대학교),A-06,유입,성균관대입구->원남동사거리,16943.0,37.5831,127.0009,19시,884.0
0,20170227.0,월,창경궁로(서울여자대학교),A-06,유입,성균관대입구->원남동사거리,16943.0,37.5831,127.0009,20시,949.0
0,20170228.0,화,창경궁로(서울여자대학교),A-06,유입,성균관대입구->원남동사거리,17531.0,37.5831,127.0009,8시,2295.0
0,20170228.0,화,창경궁로(서울여자대학교),A-06,유입,성균관대입구->원남동사거리,17531.0,37.5831,127.0009,9시,1733.0
0,20170228.0,화,창경궁로(서울여자대학교),A-06,유입,성균관대입구->원남동사거리,17531.0,37.5831,127.0009,10시,1477.0
0,20170228.0,화,창경궁로(서울여자대학교),A-06,유입,성균관대입구->원남동사거리,17531.0,37.5831,127.0009,11시,1301.0
0,20170228.0,화,창경궁로(서울여자대학교),A-06,유입,성균관대입구->원남동사거리,17531.0,37.5831,127.0009,12시,1423.0
0,20170228.0,화,창경궁로(서울여자대학교),A-06,유입,성균관대입구->원남동사거리,17531.0,37.5831,127.0009,13시,1443.0
0,20170228.0,화,창경궁로(서울여자대학교),A-06,유입,성균관대입구->원남동사거리,17531.0,37.5831,127.0009,14시,1244.0
0,20170228.0,화,창경궁로(서울여자대학교),A-06,유입,성균관대입구->원남동사거리,17531.0,37.5831,127.0009,15시,1182.0
0,20170228.0,화,창경궁로(서울여자대학교),A-06,유입,성균관대입구->원남동사거리,17531.0,37.5831,127.0009,16시,1203.0
0,20170228.0,화,창경궁로(서울여자대학교),A-06,유입,성균관대입구->원남동사거리,17531.0,37.5831,127.0009,17시,1077.0
0,20170228.0,화,창경궁로(서울여자대학교),A-06,유입,성균관대입구->원남동사거리,17531.0,37.5831,127.0009,18시,1043.0
0,20170228.0,화,창경궁로(서울여자대학교),A-06,유입,성균관대입구->원남동사거리,17531.0,37.5831,127.0009,19시,1064.0
0,20170228.0,화,창경궁로(서울여자대학교),A-06,유입,성균관대입구->원남동사거리,17531.0,37.5831,127.0009,20시,1046.0
0,20170201.0,수,창경궁로(서울여자대학교),A-06,유출,원남동사거리->성균관대입구,11381.0,37.5831,127.0009,8시,632.0
0,20170201.0,수,창경궁로(서울여자대학교),A-06,유출,원남동사거리->성균관대입구,11381.0,37.5831,127.0009,9시,644.0
0,20170201.0,수,창경궁로(서울여자대학교),A-06,유출,원남동사거리->성균관대입구,11381.0,37.5831,127.0009,10시,630.0
0,20170201.0,수,창경궁로(서울여자대학교),A-06,유출,원남동사거리->성균관대입구,11381.0,37.5831,127.0009,11시,815.0
0,20170201.0,수,창경궁로(서울여자대학교),A-06,유출,원남동사거리->성균관대입구,11381.0,37.5831,127.0009,12시,876.0
0,20170201.0,수,창경궁로(서울여자대학교),A-06,유출,원남동사거리->성균관대입구,11381.0,37.5831,127.0009,13시,768.0
0,20170201.0,수,창경궁로(서울여자대학교),A-06,유출,원남동사거리->성균관대입구,11381.0,37.5831,127.0009,14시,860.0
0,20170201.0,수,창경궁로(서울여자대학교),A-06,유출,원남동사거리->성균관대입구,11381.0,37.5831,127.0009,15시,954.0
0,20170201.0,수,창경궁로(서울여자대학교),A-06,유출,원남동사거리->성균관대입구,11381.0,37.5831,127.0009,16시,972.0
0,20170201.0,수,창경궁로(서울여자대학교),A-06,유출,원남동사거리->성균관대입구,11381.0,37.5831,127.0009,17시,983.0
0,20170201.0,수,창경궁로(서울여자대학교),A-06,유출,원남동사거리->성균관대입구,11381.0,37.5831,127.0009,18시,1086.0
0,20170201.0,수,창경궁로(서울여자대학교),A-06,유출,원남동사거리->성균관대입구,11381.0,37.5831,127.0009,19시,1094.0
0,20170201.0,수,창경궁로(서울여자대학교),A-06,유출,원남동사거리->성균관대입구,11381.0,37.5831,127.0009,20시,1067.0
0,20170202.0,목,창경궁로(서울여자대학교),A-06,유출,원남동사거리->성균관대입구,11537.0,37.5831,127.0009,8시,618.0
0,20170202.0,목,창경궁로(서울여자대학교),A-06,유출,원남동사거리->성균관대입구,11537.0,37.5831,127.0009,9시,647.0
0,20170202.0,목,창경궁로(서울여자대학교),A-06,유출,원남동사거리->성균관대입구,11537.0,37.5831,127.0009,10시,725.0
0,20170202.0,목,창경궁로(서울여자대학교),A-06,유출,원남동사거리->성균관대입구,11537.0,37.5831,127.0009,11시,812.0
0,20170202.0,목,창경궁로(서울여자대학교),A-06,유출,원남동사거리->성균관대입구,11537.0,37.5831,127.0009,12시,820.0
0,20170202.0,목,창경궁로(서울여자대학교),A-06,유출,원남동사거리->성균관대입구,11537.0,37.5831,127.0009,13시,748.0
0,20170202.0,목,창경궁로(서울여자대학교),A-06,유출,원남동사거리->성균관대입구,11537.0,37.5831,127.0009,14시,913.0
0,20170202.0,목,창경궁로(서울여자대학교),A-06,유출,원남동사거리->성균관대입구,11537.0,37.5831,127.0009,15시,941.0
0,20170202.0,목,창경궁로(서울여자대학교),A-06,유출,원남동사거리->성균관대입구,11537.0,37.5831,127.0009,16시,1030.0
0,20170202.0,목,창경궁로(서울여자대학교),A-06,유출,원남동사거리->성균관대입구,11537.0,37.5831,127.0009,17시,1024.0
0,20170202.0,목,창경궁로(서울여자대학교),A-06,유출,원남동사거리->성균관대입구,11537.0,37.5831,127.0009,18시,1131.0
0,20170202.0,목,창경궁로(서울여자대학교),A-06,유출,원남동사거리->성균관대입구,11537.0,37.5831,127.0009,19시,1136.0
0,20170202.0,목,창경궁로(서울여자대학교),A-06,유출,원남동사거리->성균관대입구,11537.0,37.5831,127.0009,20시,992.0
0,20170203.0,금,창경궁로(서울여자대학교),A-06,유출,원남동사거리->성균관대입구,11665.0,37.5831,127.0009,8시,618.0
0,20170203.0,금,창경궁로(서울여자대학교),A-06,유출,원남동사거리->성균관대입구,11665.0,37.5831,127.0009,9시,614.0
0,20170203.0,금,창경궁로(서울여자대학교),A-06,유출,원남동사거리->성균관대입구,11665.0,37.5831,127.0009,10시,674.0
0,20170203.0,금,창경궁로(서울여자대학교),A-06,유출,원남동사거리->성균관대입구,11665.0,37.5831,127.0009,11시,830.0
0,20170203.0,금,창경궁로(서울여자대학교),A-06,유출,원남동사거리->성균관대입구,11665.0,37.5831,127.0009,12시,871.0
0,20170203.0,금,창경궁로(서울여자대학교),A-06,유출,원남동사거리->성균관대입구,11665.0,37.5831,127.0009,13시,820.0
0,20170203.0,금,창경궁로(서울여자대학교),A-06,유출,원남동사거리->성균관대입구,11665.0,37.5831,127.0009,14시,874.0
0,20170203.0,금,창경궁로(서울여자대학교),A-06,유출,원남동사거리->성균관대입구,11665.0,37.5831,127.0009,15시,961.0
0,20170203.0,금,창경궁로(서울여자대학교),A-06,유출,원남동사거리->성균관대입구,11665.0,37.5831,127.0009,16시,1006.0
0,20170203.0,금,창경궁로(서울여자대학교),A-06,유출,원남동사거리->성균관대입구,11665.0,37.5831,127.0009,17시,1039.0
0,20170203.0,금,창경궁로(서울여자대학교),A-06,유출,원남동사거리->성균관대입구,11665.0,37.5831,127.0009,18시,1125.0
0,20170203.0,금,창경궁로(서울여자대학교),A-06,유출,원남동사거리->성균관대입구,11665.0,37.5831,127.0009,19시,1185.0
0,20170203.0,금,창경궁로(서울여자대학교),A-06,유출,원남동사거리->성균관대입구,11665.0,37.5831,127.0009,20시,1048.0
0,20170204.0,토,창경궁로(서울여자대학교),A-06,유출,원남동사거리->성균관대입구,9550.0,37.5831,127.0009,8시,560.0
0,20170204.0,토,창경궁로(서울여자대학교),A-06,유출,원남동사거리->성균관대입구,9550.0,37.5831,127.0009,9시,697.0
0,20170204.0,토,창경궁로(서울여자대학교),A-06,유출,원남동사거리->성균관대입구,9550.0,37.5831,127.0009,10시,657.0
0,20170204.0,토,창경궁로(서울여자대학교),A-06,유출,원남동사거리->성균관대입구,9550.0,37.5831,127.0009,11시,656.0
0,20170204.0,토,창경궁로(서울여자대학교),A-06,유출,원남동사거리->성균관대입구,9550.0,37.5831,127.0009,12시,826.0
0,20170204.0,토,창경궁로(서울여자대학교),A-06,유출,원남동사거리->성균관대입구,9550.0,37.5831,127.0009,13시,816.0
0,20170204.0,토,창경궁로(서울여자대학교),A-06,유출,원남동사거리->성균관대입구,9550.0,37.5831,127.0009,14시,809.0
0,20170204.0,토,창경궁로(서울여자대학교),A-06,유출,원남동사거리->성균관대입구,9550.0,37.5831,127.0009,15시,770.0
0,20170204.0,토,창경궁로(서울여자대학교),A-06,유출,원남동사거리->성균관대입구,9550.0,37.5831,127.0009,16시,891.0
0,20170204.0,토,창경궁로(서울여자대학교),A-06,유출,원남동사거리->성균관대입구,9550.0,37.5831,127.0009,17시,841.0
0,20170204.0,토,창경궁로(서울여자대학교),A-06,유출,원남동사거리->성균관대입구,9550.0,37.5831,127.0009,18시,777.0
0,20170204.0,토,창경궁로(서울여자대학교),A-06,유출,원남동사거리->성균관대입구,9550.0,37.5831,127.0009,19시,717.0
0,20170204.0,토,창경궁로(서울여자대학교),A-06,유출,원남동사거리->성균관대입구,9550.0,37.5831,127.0009,20시,533.0
0,20170205.0,일,창경궁로(서울여자대학교),A-06,유출,원남동사거리->성균관대입구,9586.0,37.5831,127.0009,8시,398.0
0,20170205.0,일,창경궁로(서울여자대학교),A-06,유출,원남동사거리->성균관대입구,9586.0,37.5831,127.0009,9시,514.0
0,20170205.0,일,창경궁로(서울여자대학교),A-06,유출,원남동사거리->성균관대입구,9586.0,37.5831,127.0009,10시,597.0
0,20170205.0,일,창경궁로(서울여자대학교),A-06,유출,원남동사거리->성균관대입구,9586.0,37.5831,127.0009,11시,613.0
0,20170205.0,일,창경궁로(서울여자대학교),A-06,유출,원남동사거리->성균관대입구,9586.0,37.5831,127.0009,12시,716.0
0,20170205.0,일,창경궁로(서울여자대학교),A-06,유출,원남동사거리->성균관대입구,9586.0,37.5831,127.0009,13시,810.0
0,20170205.0,일,창경궁로(서울여자대학교),A-06,유출,원남동사거리->성균관대입구,9586.0,37.5831,127.0009,14시,839.0
0,20170205.0,일,창경궁로(서울여자대학교),A-06,유출,원남동사거리->성균관대입구,9586.0,37.5831,127.0009,15시,745.0
0,20170205.0,일,창경궁로(서울여자대학교),A-06,유출,원남동사거리->성균관대입구,9586.0,37.5831,127.0009,16시,933.0
0,20170205.0,일,창경궁로(서울여자대학교),A-06,유출,원남동사거리->성균관대입구,9586.0,37.5831,127.0009,17시,987.0
0,20170205.0,일,창경궁로(서울여자대학교),A-06,유출,원남동사거리->성균관대입구,9586.0,37.5831,127.0009,18시,899.0
0,20170205.0,일,창경궁로(서울여자대학교),A-06,유출,원남동사거리->성균관대입구,9586.0,37.5831,127.0009,19시,769.0
0,20170205.0,일,창경궁로(서울여자대학교),A-06,유출,원남동사거리->성균관대입구,9586.0,37.5831,127.0009,20시,766.0
0,20170206.0,월,창경궁로(서울여자대학교),A-06,유출,원남동사거리->성균관대입구,11792.0,37.5831,127.0009,8시,639.0
0,20170206.0,월,창경궁로(서울여자대학교),A-06,유출,원남동사거리->성균관대입구,11792.0,37.5831,127.0009,9시,609.0
0,20170206.0,월,창경궁로(서울여자대학교),A-06,유출,원남동사거리->성균관대입구,11792.0,37.5831,127.0009,10시,741.0
0,20170206.0,월,창경궁로(서울여자대학교),A-06,유출,원남동사거리->성균관대입구,11792.0,37.5831,127.0009,11시,804.0
0,20170206.0,월,창경궁로(서울여자대학교),A-06,유출,원남동사거리->성균관대입구,11792.0,37.5831,127.0009,12시,881.0
0,20170206.0,월,창경궁로(서울여자대학교),A-06,유출,원남동사거리->성균관대입구,11792.0,37.5831,127.0009,13시,857.0
0,20170206.0,월,창경궁로(서울여자대학교),A-06,유출,원남동사거리->성균관대입구,11792.0,37.5831,127.0009,14시,910.0
0,20170206.0,월,창경궁로(서울여자대학교),A-06,유출,원남동사거리->성균관대입구,11792.0,37.5831,127.0009,15시,963.0
0,20170206.0,월,창경궁로(서울여자대학교),A-06,유출,원남동사거리->성균관대입구,11792.0,37.5831,127.0009,16시,994.0
0,20170206.0,월,창경궁로(서울여자대학교),A-06,유출,원남동사거리->성균관대입구,11792.0,37.5831,127.0009,17시,1070.0
0,20170206.0,월,창경궁로(서울여자대학교),A-06,유출,원남동사거리->성균관대입구,11792.0,37.5831,127.0009,18시,1126.0
0,20170206.0,월,창경궁로(서울여자대학교),A-06,유출,원남동사거리->성균관대입구,11792.0,37.5831,127.0009,19시,1159.0
0,20170206.0,월,창경궁로(서울여자대학교),A-06,유출,원남동사거리->성균관대입구,11792.0,37.5831,127.0009,20시,1039.0
0,20170207.0,화,창경궁로(서울여자대학교),A-06,유출,원남동사거리->성균관대입구,11342.0,37.5831,127.0009,8시,576.0
0,20170207.0,화,창경궁로(서울여자대학교),A-06,유출,원남동사거리->성균관대입구,11342.0,37.5831,127.0009,9시,585.0
0,20170207.0,화,창경궁로(서울여자대학교),A-06,유출,원남동사거리->성균관대입구,11342.0,37.5831,127.0009,10시,640.0
0,20170207.0,화,창경궁로(서울여자대학교),A-06,유출,원남동사거리->성균관대입구,11342.0,37.5831,127.0009,11시,739.0
0,20170207.0,화,창경궁로(서울여자대학교),A-06,유출,원남동사거리->성균관대입구,11342.0,37.5831,127.0009,12시,834.0
0,20170207.0,화,창경궁로(서울여자대학교),A-06,유출,원남동사거리->성균관대입구,11342.0,37.5831,127.0009,13시,862.0
0,20170207.0,화,창경궁로(서울여자대학교),A-06,유출,원남동사거리->성균관대입구,11342.0,37.5831,127.0009,14시,855.0
0,20170207.0,화,창경궁로(서울여자대학교),A-06,유출,원남동사거리->성균관대입구,11342.0,37.5831,127.0009,15시,951.0
0,20170207.0,화,창경궁로(서울여자대학교),A-06,유출,원남동사거리->성균관대입구,11342.0,37.5831,127.0009,16시,1014.0
0,20170207.0,화,창경궁로(서울여자대학교),A-06,유출,원남동사거리->성균관대입구,11342.0,37.5831,127.0009,17시,1083.0
0,20170207.0,화,창경궁로(서울여자대학교),A-06,유출,원남동사거리->성균관대입구,11342.0,37.5831,127.0009,18시,1101.0
0,20170207.0,화,창경궁로(서울여자대학교),A-06,유출,원남동사거리->성균관대입구,11342.0,37.5831,127.0009,19시,1137.0
0,20170207.0,화,창경궁로(서울여자대학교),A-06,유출,원남동사거리->성균관대입구,11342.0,37.5831,127.0009,20시,965.0
0,20170208.0,수,창경궁로(서울여자대학교),A-06,유출,원남동사거리->성균관대입구,11689.0,37.5831,127.0009,8시,598.0
0,20170208.0,수,창경궁로(서울여자대학교),A-06,유출,원남동사거리->성균관대입구,11689.0,37.5831,127.0009,9시,645.0
0,20170208.0,수,창경궁로(서울여자대학교),A-06,유출,원남동사거리->성균관대입구,11689.0,37.5831,127.0009,10시,783.0
0,20170208.0,수,창경궁로(서울여자대학교),A-06,유출,원남동사거리->성균관대입구,11689.0,37.5831,127.0009,11시,828.0
0,20170208.0,수,창경궁로(서울여자대학교),A-06,유출,원남동사거리->성균관대입구,11689.0,37.5831,127.0009,12시,868.0
0,20170208.0,수,창경궁로(서울여자대학교),A-06,유출,원남동사거리->성균관대입구,11689.0,37.5831,127.0009,13시,794.0
0,20170208.0,수,창경궁로(서울여자대학교),A-06,유출,원남동사거리->성균관대입구,11689.0,37.5831,127.0009,14시,884.0
0,20170208.0,수,창경궁로(서울여자대학교),A-06,유출,원남동사거리->성균관대입구,11689.0,37.5831,127.0009,15시,992.0
0,20170208.0,수,창경궁로(서울여자대학교),A-06,유출,원남동사거리->성균관대입구,11689.0,37.5831,127.0009,16시,1003.0
0,20170208.0,수,창경궁로(서울여자대학교),A-06,유출,원남동사거리->성균관대입구,11689.0,37.5831,127.0009,17시,1057.0
0,20170208.0,수,창경궁로(서울여자대학교),A-06,유출,원남동사거리->성균관대입구,11689.0,37.5831,127.0009,18시,1097.0
0,20170208.0,수,창경궁로(서울여자대학교),A-06,유출,원남동사거리->성균관대입구,11689.0,37.5831,127.0009,19시,1093.0
0,20170208.0,수,창경궁로(서울여자대학교),A-06,유출,원남동사거리->성균관대입구,11689.0,37.5831,127.0009,20시,1047.0
0,20170209.0,목,창경궁로(서울여자대학교),A-06,유출,원남동사거리->성균관대입구,11912.0,37.5831,127.0009,8시,635.0
0,20170209.0,목,창경궁로(서울여자대학교),A-06,유출,원남동사거리->성균관대입구,11912.0,37.5831,127.0009,9시,716.0
0,20170209.0,목,창경궁로(서울여자대학교),A-06,유출,원남동사거리->성균관대입구,11912.0,37.5831,127.0009,10시,743.0
0,20170209.0,목,창경궁로(서울여자대학교),A-06,유출,원남동사거리->성균관대입구,11912.0,37.5831,127.0009,11시,866.0
0,20170209.0,목,창경궁로(서울여자대학교),A-06,유출,원남동사거리->성균관대입구,11912.0,37.5831,127.0009,12시,847.0
0,20170209.0,목,창경궁로(서울여자대학교),A-06,유출,원남동사거리->성균관대입구,11912.0,37.5831,127.0009,13시,823.0
0,20170209.0,목,창경궁로(서울여자대학교),A-06,유출,원남동사거리->성균관대입구,11912.0,37.5831,127.0009,14시,873.0
0,20170209.0,목,창경궁로(서울여자대학교),A-06,유출,원남동사거리->성균관대입구,11912.0,37.5831,127.0009,15시,955.0
0,20170209.0,목,창경궁로(서울여자대학교),A-06,유출,원남동사거리->성균관대입구,11912.0,37.5831,127.0009,16시,1032.0
0,20170209.0,목,창경궁로(서울여자대학교),A-06,유출,원남동사거리->성균관대입구,11912.0,37.5831,127.0009,17시,1057.0
0,20170209.0,목,창경궁로(서울여자대학교),A-06,유출,원남동사거리->성균관대입구,11912.0,37.5831,127.0009,18시,1177.0
0,20170209.0,목,창경궁로(서울여자대학교),A-06,유출,원남동사거리->성균관대입구,11912.0,37.5831,127.0009,19시,1153.0
0,20170209.0,목,창경궁로(서울여자대학교),A-06,유출,원남동사거리->성균관대입구,11912.0,37.5831,127.0009,20시,1035.0
0,20170210.0,금,창경궁로(서울여자대학교),A-06,유출,원남동사거리->성균관대입구,11647.0,37.5831,127.0009,8시,636.0
0,20170210.0,금,창경궁로(서울여자대학교),A-06,유출,원남동사거리->성균관대입구,11647.0,37.5831,127.0009,9시,693.0
0,20170210.0,금,창경궁로(서울여자대학교),A-06,유출,원남동사거리->성균관대입구,11647.0,37.5831,127.0009,10시,703.0
0,20170210.0,금,창경궁로(서울여자대학교),A-06,유출,원남동사거리->성균관대입구,11647.0,37.5831,127.0009,11시,836.0
0,20170210.0,금,창경궁로(서울여자대학교),A-06,유출,원남동사거리->성균관대입구,11647.0,37.5831,127.0009,12시,857.0
0,20170210.0,금,창경궁로(서울여자대학교),A-06,유출,원남동사거리->성균관대입구,11647.0,37.5831,127.0009,13시,852.0
0,20170210.0,금,창경궁로(서울여자대학교),A-06,유출,원남동사거리->성균관대입구,11647.0,37.5831,127.0009,14시,929.0
0,20170210.0,금,창경궁로(서울여자대학교),A-06,유출,원남동사거리->성균관대입구,11647.0,37.5831,127.0009,15시,979.0
0,20170210.0,금,창경궁로(서울여자대학교),A-06,유출,원남동사거리->성균관대입구,11647.0,37.5831,127.0009,16시,1007.0
0,20170210.0,금,창경궁로(서울여자대학교),A-06,유출,원남동사거리->성균관대입구,11647.0,37.5831,127.0009,17시,1011.0
0,20170210.0,금,창경궁로(서울여자대학교),A-06,유출,원남동사거리->성균관대입구,11647.0,37.5831,127.0009,18시,1087.0
0,20170210.0,금,창경궁로(서울여자대학교),A-06,유출,원남동사거리->성균관대입구,11647.0,37.5831,127.0009,19시,1086.0
0,20170210.0,금,창경궁로(서울여자대학교),A-06,유출,원남동사거리->성균관대입구,11647.0,37.5831,127.0009,20시,971.0
0,20170211.0,토,창경궁로(서울여자대학교),A-06,유출,원남동사거리->성균관대입구,9019.0,37.5831,127.0009,8시,557.0
0,20170211.0,토,창경궁로(서울여자대학교),A-06,유출,원남동사거리->성균관대입구,9019.0,37.5831,127.0009,9시,639.0
0,20170211.0,토,창경궁로(서울여자대학교),A-06,유출,원남동사거리->성균관대입구,9019.0,37.5831,127.0009,10시,699.0
0,20170211.0,토,창경궁로(서울여자대학교),A-06,유출,원남동사거리->성균관대입구,9019.0,37.5831,127.0009,11시,705.0
0,20170211.0,토,창경궁로(서울여자대학교),A-06,유출,원남동사거리->성균관대입구,9019.0,37.5831,127.0009,12시,811.0
0,20170211.0,토,창경궁로(서울여자대학교),A-06,유출,원남동사거리->성균관대입구,9019.0,37.5831,127.0009,13시,831.0
0,20170211.0,토,창경궁로(서울여자대학교),A-06,유출,원남동사거리->성균관대입구,9019.0,37.5831,127.0009,14시,771.0
0,20170211.0,토,창경궁로(서울여자대학교),A-06,유출,원남동사거리->성균관대입구,9019.0,37.5831,127.0009,15시,682.0
0,20170211.0,토,창경궁로(서울여자대학교),A-06,유출,원남동사거리->성균관대입구,9019.0,37.5831,127.0009,16시,617.0
0,20170211.0,토,창경궁로(서울여자대학교),A-06,유출,원남동사거리->성균관대입구,9019.0,37.5831,127.0009,17시,706.0
0,20170211.0,토,창경궁로(서울여자대학교),A-06,유출,원남동사거리->성균관대입구,9019.0,37.5831,127.0009,18시,799.0
0,20170211.0,토,창경궁로(서울여자대학교),A-06,유출,원남동사거리->성균관대입구,9019.0,37.5831,127.0009,19시,696.0
0,20170211.0,토,창경궁로(서울여자대학교),A-06,유출,원남동사거리->성균관대입구,9019.0,37.5831,127.0009,20시,506.0
0,20170212.0,일,창경궁로(서울여자대학교),A-06,유출,원남동사거리->성균관대입구,10544.0,37.5831,127.0009,8시,432.0
0,20170212.0,일,창경궁로(서울여자대학교),A-06,유출,원남동사거리->성균관대입구,10544.0,37.5831,127.0009,9시,496.0
0,20170212.0,일,창경궁로(서울여자대학교),A-06,유출,원남동사거리->성균관대입구,10544.0,37.5831,127.0009,10시,620.0
0,20170212.0,일,창경궁로(서울여자대학교),A-06,유출,원남동사거리->성균관대입구,10544.0,37.5831,127.0009,11시,593.0
0,20170212.0,일,창경궁로(서울여자대학교),A-06,유출,원남동사거리->성균관대입구,10544.0,37.5831,127.0009,12시,789.0
0,20170212.0,일,창경궁로(서울여자대학교),A-06,유출,원남동사거리->성균관대입구,10544.0,37.5831,127.0009,13시,900.0
0,20170212.0,일,창경궁로(서울여자대학교),A-06,유출,원남동사거리->성균관대입구,10544.0,37.5831,127.0009,14시,945.0
0,20170212.0,일,창경궁로(서울여자대학교),A-06,유출,원남동사거리->성균관대입구,10544.0,37.5831,127.0009,15시,947.0
0,20170212.0,일,창경궁로(서울여자대학교),A-06,유출,원남동사거리->성균관대입구,10544.0,37.5831,127.0009,16시,1077.0
0,20170212.0,일,창경궁로(서울여자대학교),A-06,유출,원남동사거리->성균관대입구,10544.0,37.5831,127.0009,17시,1036.0
0,20170212.0,일,창경궁로(서울여자대학교),A-06,유출,원남동사거리->성균관대입구,10544.0,37.5831,127.0009,18시,1030.0
0,20170212.0,일,창경궁로(서울여자대학교),A-06,유출,원남동사거리->성균관대입구,10544.0,37.5831,127.0009,19시,853.0
0,20170212.0,일,창경궁로(서울여자대학교),A-06,유출,원남동사거리->성균관대입구,10544.0,37.5831,127.0009,20시,826.0
0,20170213.0,월,창경궁로(서울여자대학교),A-06,유출,원남동사거리->성균관대입구,11623.0,37.5831,127.0009,8시,592.0
0,20170213.0,월,창경궁로(서울여자대학교),A-06,유출,원남동사거리->성균관대입구,11623.0,37.5831,127.0009,9시,674.0
0,20170213.0,월,창경궁로(서울여자대학교),A-06,유출,원남동사거리->성균관대입구,11623.0,37.5831,127.0009,10시,638.0
0,20170213.0,월,창경궁로(서울여자대학교),A-06,유출,원남동사거리->성균관대입구,11623.0,37.5831,127.0009,11시,818.0
0,20170213.0,월,창경궁로(서울여자대학교),A-06,유출,원남동사거리->성균관대입구,11623.0,37.5831,127.0009,12시,864.0
0,20170213.0,월,창경궁로(서울여자대학교),A-06,유출,원남동사거리->성균관대입구,11623.0,37.5831,127.0009,13시,845.0
0,20170213.0,월,창경궁로(서울여자대학교),A-06,유출,원남동사거리->성균관대입구,11623.0,37.5831,127.0009,14시,872.0
0,20170213.0,월,창경궁로(서울여자대학교),A-06,유출,원남동사거리->성균관대입구,11623.0,37.5831,127.0009,15시,945.0
0,20170213.0,월,창경궁로(서울여자대학교),A-06,유출,원남동사거리->성균관대입구,11623.0,37.5831,127.0009,16시,1039.0
0,20170213.0,월,창경궁로(서울여자대학교),A-06,유출,원남동사거리->성균관대입구,11623.0,37.5831,127.0009,17시,1083.0
0,20170213.0,월,창경궁로(서울여자대학교),A-06,유출,원남동사거리->성균관대입구,11623.0,37.5831,127.0009,18시,1099.0
0,20170213.0,월,창경궁로(서울여자대학교),A-06,유출,원남동사거리->성균관대입구,11623.0,37.5831,127.0009,19시,1130.0
0,20170213.0,월,창경궁로(서울여자대학교),A-06,유출,원남동사거리->성균관대입구,11623.0,37.5831,127.0009,20시,1024.0
0,20170214.0,화,창경궁로(서울여자대학교),A-06,유출,원남동사거리->성균관대입구,10973.0,37.5831,127.0009,8시,622.0
0,20170214.0,화,창경궁로(서울여자대학교),A-06,유출,원남동사거리->성균관대입구,10973.0,37.5831,127.0009,9시,610.0
0,20170214.0,화,창경궁로(서울여자대학교),A-06,유출,원남동사거리->성균관대입구,10973.0,37.5831,127.0009,10시,614.0
0,20170214.0,화,창경궁로(서울여자대학교),A-06,유출,원남동사거리->성균관대입구,10973.0,37.5831,127.0009,11시,831.0
0,20170214.0,화,창경궁로(서울여자대학교),A-06,유출,원남동사거리->성균관대입구,10973.0,37.5831,127.0009,12시,859.0
0,20170214.0,화,창경궁로(서울여자대학교),A-06,유출,원남동사거리->성균관대입구,10973.0,37.5831,127.0009,13시,852.0
0,20170214.0,화,창경궁로(서울여자대학교),A-06,유출,원남동사거리->성균관대입구,10973.0,37.5831,127.0009,14시,653.0
0,20170214.0,화,창경궁로(서울여자대학교),A-06,유출,원남동사거리->성균관대입구,10973.0,37.5831,127.0009,15시,591.0
0,20170214.0,화,창경궁로(서울여자대학교),A-06,유출,원남동사거리->성균관대입구,10973.0,37.5831,127.0009,16시,968.0
0,20170214.0,화,창경궁로(서울여자대학교),A-06,유출,원남동사거리->성균관대입구,10973.0,37.5831,127.0009,17시,1066.0
0,20170214.0,화,창경궁로(서울여자대학교),A-06,유출,원남동사거리->성균관대입구,10973.0,37.5831,127.0009,18시,1158.0
0,20170214.0,화,창경궁로(서울여자대학교),A-06,유출,원남동사거리->성균관대입구,10973.0,37.5831,127.0009,19시,1113.0
0,20170214.0,화,창경궁로(서울여자대학교),A-06,유출,원남동사거리->성균관대입구,10973.0,37.5831,127.0009,20시,1036.0
0,20170215.0,수,창경궁로(서울여자대학교),A-06,유출,원남동사거리->성균관대입구,11667.0,37.5831,127.0009,8시,612.0
0,20170215.0,수,창경궁로(서울여자대학교),A-06,유출,원남동사거리->성균관대입구,11667.0,37.5831,127.0009,9시,654.0
0,20170215.0,수,창경궁로(서울여자대학교),A-06,유출,원남동사거리->성균관대입구,11667.0,37.5831,127.0009,10시,744.0
0,20170215.0,수,창경궁로(서울여자대학교),A-06,유출,원남동사거리->성균관대입구,11667.0,37.5831,127.0009,11시,831.0
0,20170215.0,수,창경궁로(서울여자대학교),A-06,유출,원남동사거리->성균관대입구,11667.0,37.5831,127.0009,12시,871.0
0,20170215.0,수,창경궁로(서울여자대학교),A-06,유출,원남동사거리->성균관대입구,11667.0,37.5831,127.0009,13시,809.0
0,20170215.0,수,창경궁로(서울여자대학교),A-06,유출,원남동사거리->성균관대입구,11667.0,37.5831,127.0009,14시,886.0
0,20170215.0,수,창경궁로(서울여자대학교),A-06,유출,원남동사거리->성균관대입구,11667.0,37.5831,127.0009,15시,949.0
0,20170215.0,수,창경궁로(서울여자대학교),A-06,유출,원남동사거리->성균관대입구,11667.0,37.5831,127.0009,16시,1038.0
0,20170215.0,수,창경궁로(서울여자대학교),A-06,유출,원남동사거리->성균관대입구,11667.0,37.5831,127.0009,17시,1040.0
0,20170215.0,수,창경궁로(서울여자대학교),A-06,유출,원남동사거리->성균관대입구,11667.0,37.5831,127.0009,18시,1104.0
0,20170215.0,수,창경궁로(서울여자대학교),A-06,유출,원남동사거리->성균관대입구,11667.0,37.5831,127.0009,19시,1089.0
0,20170215.0,수,창경궁로(서울여자대학교),A-06,유출,원남동사거리->성균관대입구,11667.0,37.5831,127.0009,20시,1040.0
0,20170216.0,목,창경궁로(서울여자대학교),A-06,유출,원남동사거리->성균관대입구,11677.0,37.5831,127.0009,8시,639.0
0,20170216.0,목,창경궁로(서울여자대학교),A-06,유출,원남동사거리->성균관대입구,11677.0,37.5831,127.0009,9시,683.0
0,20170216.0,목,창경궁로(서울여자대학교),A-06,유출,원남동사거리->성균관대입구,11677.0,37.5831,127.0009,10시,760.0
0,20170216.0,목,창경궁로(서울여자대학교),A-06,유출,원남동사거리->성균관대입구,11677.0,37.5831,127.0009,11시,836.0
0,20170216.0,목,창경궁로(서울여자대학교),A-06,유출,원남동사거리->성균관대입구,11677.0,37.5831,127.0009,12시,780.0
0,20170216.0,목,창경궁로(서울여자대학교),A-06,유출,원남동사거리->성균관대입구,11677.0,37.5831,127.0009,13시,781.0
0,20170216.0,목,창경궁로(서울여자대학교),A-06,유출,원남동사거리->성균관대입구,11677.0,37.5831,127.0009,14시,903.0
0,20170216.0,목,창경궁로(서울여자대학교),A-06,유출,원남동사거리->성균관대입구,11677.0,37.5831,127.0009,15시,964.0
0,20170216.0,목,창경궁로(서울여자대학교),A-06,유출,원남동사거리->성균관대입구,11677.0,37.5831,127.0009,16시,1070.0
0,20170216.0,목,창경궁로(서울여자대학교),A-06,유출,원남동사거리->성균관대입구,11677.0,37.5831,127.0009,17시,1002.0
0,20170216.0,목,창경궁로(서울여자대학교),A-06,유출,원남동사거리->성균관대입구,11677.0,37.5831,127.0009,18시,1084.0
0,20170216.0,목,창경궁로(서울여자대학교),A-06,유출,원남동사거리->성균관대입구,11677.0,37.5831,127.0009,19시,1152.0
0,20170216.0,목,창경궁로(서울여자대학교),A-06,유출,원남동사거리->성균관대입구,11677.0,37.5831,127.0009,20시,1023.0
0,20170217.0,금,창경궁로(서울여자대학교),A-06,유출,원남동사거리->성균관대입구,11963.0,37.5831,127.0009,8시,641.0
0,20170217.0,금,창경궁로(서울여자대학교),A-06,유출,원남동사거리->성균관대입구,11963.0,37.5831,127.0009,9시,662.0
0,20170217.0,금,창경궁로(서울여자대학교),A-06,유출,원남동사거리->성균관대입구,11963.0,37.5831,127.0009,10시,860.0
0,20170217.0,금,창경궁로(서울여자대학교),A-06,유출,원남동사거리->성균관대입구,11963.0,37.5831,127.0009,11시,850.0
0,20170217.0,금,창경궁로(서울여자대학교),A-06,유출,원남동사거리->성균관대입구,11963.0,37.5831,127.0009,12시,939.0
0,20170217.0,금,창경궁로(서울여자대학교),A-06,유출,원남동사거리->성균관대입구,11963.0,37.5831,127.0009,13시,836.0
0,20170217.0,금,창경궁로(서울여자대학교),A-06,유출,원남동사거리->성균관대입구,11963.0,37.5831,127.0009,14시,918.0
0,20170217.0,금,창경궁로(서울여자대학교),A-06,유출,원남동사거리->성균관대입구,11963.0,37.5831,127.0009,15시,1025.0
0,20170217.0,금,창경궁로(서울여자대학교),A-06,유출,원남동사거리->성균관대입구,11963.0,37.5831,127.0009,16시,991.0
0,20170217.0,금,창경궁로(서울여자대학교),A-06,유출,원남동사거리->성균관대입구,11963.0,37.5831,127.0009,17시,1031.0
0,20170217.0,금,창경궁로(서울여자대학교),A-06,유출,원남동사거리->성균관대입구,11963.0,37.5831,127.0009,18시,1109.0
0,20170217.0,금,창경궁로(서울여자대학교),A-06,유출,원남동사거리->성균관대입구,11963.0,37.5831,127.0009,19시,1053.0
0,20170217.0,금,창경궁로(서울여자대학교),A-06,유출,원남동사거리->성균관대입구,11963.0,37.5831,127.0009,20시,1048.0
0,20170218.0,토,창경궁로(서울여자대학교),A-06,유출,원남동사거리->성균관대입구,9842.0,37.5831,127.0009,8시,550.0
0,20170218.0,토,창경궁로(서울여자대학교),A-06,유출,원남동사거리->성균관대입구,9842.0,37.5831,127.0009,9시,700.0
0,20170218.0,토,창경궁로(서울여자대학교),A-06,유출,원남동사거리->성균관대입구,9842.0,37.5831,127.0009,10시,729.0
0,20170218.0,토,창경궁로(서울여자대학교),A-06,유출,원남동사거리->성균관대입구,9842.0,37.5831,127.0009,11시,726.0
0,20170218.0,토,창경궁로(서울여자대학교),A-06,유출,원남동사거리->성균관대입구,9842.0,37.5831,127.0009,12시,794.0
0,20170218.0,토,창경궁로(서울여자대학교),A-06,유출,원남동사거리->성균관대입구,9842.0,37.5831,127.0009,13시,798.0
0,20170218.0,토,창경궁로(서울여자대학교),A-06,유출,원남동사거리->성균관대입구,9842.0,37.5831,127.0009,14시,781.0
0,20170218.0,토,창경궁로(서울여자대학교),A-06,유출,원남동사거리->성균관대입구,9842.0,37.5831,127.0009,15시,837.0
0,20170218.0,토,창경궁로(서울여자대학교),A-06,유출,원남동사거리->성균관대입구,9842.0,37.5831,127.0009,16시,781.0
0,20170218.0,토,창경궁로(서울여자대학교),A-06,유출,원남동사거리->성균관대입구,9842.0,37.5831,127.0009,17시,825.0
0,20170218.0,토,창경궁로(서울여자대학교),A-06,유출,원남동사거리->성균관대입구,9842.0,37.5831,127.0009,18시,918.0
0,20170218.0,토,창경궁로(서울여자대학교),A-06,유출,원남동사거리->성균관대입구,9842.0,37.5831,127.0009,19시,834.0
0,20170218.0,토,창경궁로(서울여자대학교),A-06,유출,원남동사거리->성균관대입구,9842.0,37.5831,127.0009,20시,569.0
0,20170219.0,일,창경궁로(서울여자대학교),A-06,유출,원남동사거리->성균관대입구,10210.0,37.5831,127.0009,8시,413.0
0,20170219.0,일,창경궁로(서울여자대학교),A-06,유출,원남동사거리->성균관대입구,10210.0,37.5831,127.0009,9시,535.0
0,20170219.0,일,창경궁로(서울여자대학교),A-06,유출,원남동사거리->성균관대입구,10210.0,37.5831,127.0009,10시,601.0
0,20170219.0,일,창경궁로(서울여자대학교),A-06,유출,원남동사거리->성균관대입구,10210.0,37.5831,127.0009,11시,598.0
0,20170219.0,일,창경궁로(서울여자대학교),A-06,유출,원남동사거리->성균관대입구,10210.0,37.5831,127.0009,12시,755.0
0,20170219.0,일,창경궁로(서울여자대학교),A-06,유출,원남동사거리->성균관대입구,10210.0,37.5831,127.0009,13시,845.0
0,20170219.0,일,창경궁로(서울여자대학교),A-06,유출,원남동사거리->성균관대입구,10210.0,37.5831,127.0009,14시,945.0
0,20170219.0,일,창경궁로(서울여자대학교),A-06,유출,원남동사거리->성균관대입구,10210.0,37.5831,127.0009,15시,957.0
0,20170219.0,일,창경궁로(서울여자대학교),A-06,유출,원남동사거리->성균관대입구,10210.0,37.5831,127.0009,16시,986.0
0,20170219.0,일,창경궁로(서울여자대학교),A-06,유출,원남동사거리->성균관대입구,10210.0,37.5831,127.0009,17시,998.0
0,20170219.0,일,창경궁로(서울여자대학교),A-06,유출,원남동사거리->성균관대입구,10210.0,37.5831,127.0009,18시,1053.0
0,20170219.0,일,창경궁로(서울여자대학교),A-06,유출,원남동사거리->성균관대입구,10210.0,37.5831,127.0009,19시,766.0
0,20170219.0,일,창경궁로(서울여자대학교),A-06,유출,원남동사거리->성균관대입구,10210.0,37.5831,127.0009,20시,758.0
0,20170220.0,월,창경궁로(서울여자대학교),A-06,유출,원남동사거리->성균관대입구,10477.0,37.5831,127.0009,8시,593.0
0,20170220.0,월,창경궁로(서울여자대학교),A-06,유출,원남동사거리->성균관대입구,10477.0,37.5831,127.0009,9시,681.0
0,20170220.0,월,창경궁로(서울여자대학교),A-06,유출,원남동사거리->성균관대입구,10477.0,37.5831,127.0009,10시,727.0
0,20170220.0,월,창경궁로(서울여자대학교),A-06,유출,원남동사거리->성균관대입구,10477.0,37.5831,127.0009,11시,860.0
0,20170220.0,월,창경궁로(서울여자대학교),A-06,유출,원남동사거리->성균관대입구,10477.0,37.5831,127.0009,12시,882.0
0,20170220.0,월,창경궁로(서울여자대학교),A-06,유출,원남동사거리->성균관대입구,10477.0,37.5831,127.0009,13시,852.0
0,20170220.0,월,창경궁로(서울여자대학교),A-06,유출,원남동사거리->성균관대입구,10477.0,37.5831,127.0009,14시,865.0
0,20170220.0,월,창경궁로(서울여자대학교),A-06,유출,원남동사거리->성균관대입구,10477.0,37.5831,127.0009,15시,1014.0
0,20170220.0,월,창경궁로(서울여자대학교),A-06,유출,원남동사거리->성균관대입구,10477.0,37.5831,127.0009,16시,926.0
0,20170220.0,월,창경궁로(서울여자대학교),A-06,유출,원남동사거리->성균관대입구,10477.0,37.5831,127.0009,17시,87.0
0,20170220.0,월,창경궁로(서울여자대학교),A-06,유출,원남동사거리->성균관대입구,10477.0,37.5831,127.0009,18시,844.0
0,20170220.0,월,창경궁로(서울여자대학교),A-06,유출,원남동사거리->성균관대입구,10477.0,37.5831,127.0009,19시,1084.0
0,20170220.0,월,창경궁로(서울여자대학교),A-06,유출,원남동사거리->성균관대입구,10477.0,37.5831,127.0009,20시,1062.0
0,20170221.0,화,창경궁로(서울여자대학교),A-06,유출,원남동사거리->성균관대입구,11473.0,37.5831,127.0009,8시,601.0
0,20170221.0,화,창경궁로(서울여자대학교),A-06,유출,원남동사거리->성균관대입구,11473.0,37.5831,127.0009,9시,647.0
0,20170221.0,화,창경궁로(서울여자대학교),A-06,유출,원남동사거리->성균관대입구,11473.0,37.5831,127.0009,10시,704.0
0,20170221.0,화,창경궁로(서울여자대학교),A-06,유출,원남동사거리->성균관대입구,11473.0,37.5831,127.0009,11시,817.0
0,20170221.0,화,창경궁로(서울여자대학교),A-06,유출,원남동사거리->성균관대입구,11473.0,37.5831,127.0009,12시,833.0
0,20170221.0,화,창경궁로(서울여자대학교),A-06,유출,원남동사거리->성균관대입구,11473.0,37.5831,127.0009,13시,795.0
0,20170221.0,화,창경궁로(서울여자대학교),A-06,유출,원남동사거리->성균관대입구,11473.0,37.5831,127.0009,14시,864.0
0,20170221.0,화,창경궁로(서울여자대학교),A-06,유출,원남동사거리->성균관대입구,11473.0,37.5831,127.0009,15시,977.0
0,20170221.0,화,창경궁로(서울여자대학교),A-06,유출,원남동사거리->성균관대입구,11473.0,37.5831,127.0009,16시,967.0
0,20170221.0,화,창경궁로(서울여자대학교),A-06,유출,원남동사거리->성균관대입구,11473.0,37.5831,127.0009,17시,1050.0
0,20170221.0,화,창경궁로(서울여자대학교),A-06,유출,원남동사거리->성균관대입구,11473.0,37.5831,127.0009,18시,1113.0
0,20170221.0,화,창경궁로(서울여자대학교),A-06,유출,원남동사거리->성균관대입구,11473.0,37.5831,127.0009,19시,1076.0
0,20170221.0,화,창경궁로(서울여자대학교),A-06,유출,원남동사거리->성균관대입구,11473.0,37.5831,127.0009,20시,1029.0
0,20170222.0,수,창경궁로(서울여자대학교),A-06,유출,원남동사거리->성균관대입구,11211.0,37.5831,127.0009,8시,593.0
0,20170222.0,수,창경궁로(서울여자대학교),A-06,유출,원남동사거리->성균관대입구,11211.0,37.5831,127.0009,9시,671.0
0,20170222.0,수,창경궁로(서울여자대학교),A-06,유출,원남동사거리->성균관대입구,11211.0,37.5831,127.0009,10시,683.0
0,20170222.0,수,창경궁로(서울여자대학교),A-06,유출,원남동사거리->성균관대입구,11211.0,37.5831,127.0009,11시,798.0
0,20170222.0,수,창경궁로(서울여자대학교),A-06,유출,원남동사거리->성균관대입구,11211.0,37.5831,127.0009,12시,829.0
0,20170222.0,수,창경궁로(서울여자대학교),A-06,유출,원남동사거리->성균관대입구,11211.0,37.5831,127.0009,13시,775.0
0,20170222.0,수,창경궁로(서울여자대학교),A-06,유출,원남동사거리->성균관대입구,11211.0,37.5831,127.0009,14시,827.0
0,20170222.0,수,창경궁로(서울여자대학교),A-06,유출,원남동사거리->성균관대입구,11211.0,37.5831,127.0009,15시,904.0
0,20170222.0,수,창경궁로(서울여자대학교),A-06,유출,원남동사거리->성균관대입구,11211.0,37.5831,127.0009,16시,978.0
0,20170222.0,수,창경궁로(서울여자대학교),A-06,유출,원남동사거리->성균관대입구,11211.0,37.5831,127.0009,17시,1004.0
0,20170222.0,수,창경궁로(서울여자대학교),A-06,유출,원남동사거리->성균관대입구,11211.0,37.5831,127.0009,18시,1051.0
0,20170222.0,수,창경궁로(서울여자대학교),A-06,유출,원남동사거리->성균관대입구,11211.0,37.5831,127.0009,19시,1037.0
0,20170222.0,수,창경궁로(서울여자대학교),A-06,유출,원남동사거리->성균관대입구,11211.0,37.5831,127.0009,20시,1061.0
0,20170223.0,목,창경궁로(서울여자대학교),A-06,유출,원남동사거리->성균관대입구,11921.0,37.5831,127.0009,8시,638.0
0,20170223.0,목,창경궁로(서울여자대학교),A-06,유출,원남동사거리->성균관대입구,11921.0,37.5831,127.0009,9시,703.0
0,20170223.0,목,창경궁로(서울여자대학교),A-06,유출,원남동사거리->성균관대입구,11921.0,37.5831,127.0009,10시,751.0
0,20170223.0,목,창경궁로(서울여자대학교),A-06,유출,원남동사거리->성균관대입구,11921.0,37.5831,127.0009,11시,855.0
0,20170223.0,목,창경궁로(서울여자대학교),A-06,유출,원남동사거리->성균관대입구,11921.0,37.5831,127.0009,12시,837.0
0,20170223.0,목,창경궁로(서울여자대학교),A-06,유출,원남동사거리->성균관대입구,11921.0,37.5831,127.0009,13시,850.0
0,20170223.0,목,창경궁로(서울여자대학교),A-06,유출,원남동사거리->성균관대입구,11921.0,37.5831,127.0009,14시,900.0
0,20170223.0,목,창경궁로(서울여자대학교),A-06,유출,원남동사거리->성균관대입구,11921.0,37.5831,127.0009,15시,944.0
0,20170223.0,목,창경궁로(서울여자대학교),A-06,유출,원남동사거리->성균관대입구,11921.0,37.5831,127.0009,16시,982.0
0,20170223.0,목,창경궁로(서울여자대학교),A-06,유출,원남동사거리->성균관대입구,11921.0,37.5831,127.0009,17시,1059.0
0,20170223.0,목,창경궁로(서울여자대학교),A-06,유출,원남동사거리->성균관대입구,11921.0,37.5831,127.0009,18시,1145.0
0,20170223.0,목,창경궁로(서울여자대학교),A-06,유출,원남동사거리->성균관대입구,11921.0,37.5831,127.0009,19시,1150.0
0,20170223.0,목,창경궁로(서울여자대학교),A-06,유출,원남동사거리->성균관대입구,11921.0,37.5831,127.0009,20시,1107.0
0,20170224.0,금,창경궁로(서울여자대학교),A-06,유출,원남동사거리->성균관대입구,12360.0,37.5831,127.0009,8시,615.0
0,20170224.0,금,창경궁로(서울여자대학교),A-06,유출,원남동사거리->성균관대입구,12360.0,37.5831,127.0009,9시,775.0
0,20170224.0,금,창경궁로(서울여자대학교),A-06,유출,원남동사거리->성균관대입구,12360.0,37.5831,127.0009,10시,854.0
0,20170224.0,금,창경궁로(서울여자대학교),A-06,유출,원남동사거리->성균관대입구,12360.0,37.5831,127.0009,11시,958.0
0,20170224.0,금,창경궁로(서울여자대학교),A-06,유출,원남동사거리->성균관대입구,12360.0,37.5831,127.0009,12시,963.0
0,20170224.0,금,창경궁로(서울여자대학교),A-06,유출,원남동사거리->성균관대입구,12360.0,37.5831,127.0009,13시,908.0
0,20170224.0,금,창경궁로(서울여자대학교),A-06,유출,원남동사거리->성균관대입구,12360.0,37.5831,127.0009,14시,882.0
0,20170224.0,금,창경궁로(서울여자대학교),A-06,유출,원남동사거리->성균관대입구,12360.0,37.5831,127.0009,15시,1048.0
0,20170224.0,금,창경궁로(서울여자대학교),A-06,유출,원남동사거리->성균관대입구,12360.0,37.5831,127.0009,16시,1057.0
0,20170224.0,금,창경궁로(서울여자대학교),A-06,유출,원남동사거리->성균관대입구,12360.0,37.5831,127.0009,17시,1100.0
0,20170224.0,금,창경궁로(서울여자대학교),A-06,유출,원남동사거리->성균관대입구,12360.0,37.5831,127.0009,18시,1070.0
0,20170224.0,금,창경궁로(서울여자대학교),A-06,유출,원남동사거리->성균관대입구,12360.0,37.5831,127.0009,19시,1126.0
0,20170224.0,금,창경궁로(서울여자대학교),A-06,유출,원남동사거리->성균관대입구,12360.0,37.5831,127.0009,20시,1004.0
0,20170225.0,토,창경궁로(서울여자대학교),A-06,유출,원남동사거리->성균관대입구,9375.0,37.5831,127.0009,8시,559.0
0,20170225.0,토,창경궁로(서울여자대학교),A-06,유출,원남동사거리->성균관대입구,9375.0,37.5831,127.0009,9시,708.0
0,20170225.0,토,창경궁로(서울여자대학교),A-06,유출,원남동사거리->성균관대입구,9375.0,37.5831,127.0009,10시,714.0
0,20170225.0,토,창경궁로(서울여자대학교),A-06,유출,원남동사거리->성균관대입구,9375.0,37.5831,127.0009,11시,728.0
0,20170225.0,토,창경궁로(서울여자대학교),A-06,유출,원남동사거리->성균관대입구,9375.0,37.5831,127.0009,12시,939.0
0,20170225.0,토,창경궁로(서울여자대학교),A-06,유출,원남동사거리->성균관대입구,9375.0,37.5831,127.0009,13시,802.0
0,20170225.0,토,창경궁로(서울여자대학교),A-06,유출,원남동사거리->성균관대입구,9375.0,37.5831,127.0009,14시,801.0
0,20170225.0,토,창경궁로(서울여자대학교),A-06,유출,원남동사거리->성균관대입구,9375.0,37.5831,127.0009,15시,769.0
0,20170225.0,토,창경궁로(서울여자대학교),A-06,유출,원남동사거리->성균관대입구,9375.0,37.5831,127.0009,16시,654.0
0,20170225.0,토,창경궁로(서울여자대학교),A-06,유출,원남동사거리->성균관대입구,9375.0,37.5831,127.0009,17시,808.0
0,20170225.0,토,창경궁로(서울여자대학교),A-06,유출,원남동사거리->성균관대입구,9375.0,37.5831,127.0009,18시,620.0
0,20170225.0,토,창경궁로(서울여자대학교),A-06,유출,원남동사거리->성균관대입구,9375.0,37.5831,127.0009,19시,813.0
0,20170225.0,토,창경궁로(서울여자대학교),A-06,유출,원남동사거리->성균관대입구,9375.0,37.5831,127.0009,20시,460.0
0,20170226.0,일,창경궁로(서울여자대학교),A-06,유출,원남동사거리->성균관대입구,10801.0,37.5831,127.0009,8시,435.0
0,20170226.0,일,창경궁로(서울여자대학교),A-06,유출,원남동사거리->성균관대입구,10801.0,37.5831,127.0009,9시,543.0
0,20170226.0,일,창경궁로(서울여자대학교),A-06,유출,원남동사거리->성균관대입구,10801.0,37.5831,127.0009,10시,606.0
0,20170226.0,일,창경궁로(서울여자대학교),A-06,유출,원남동사거리->성균관대입구,10801.0,37.5831,127.0009,11시,667.0
0,20170226.0,일,창경궁로(서울여자대학교),A-06,유출,원남동사거리->성균관대입구,10801.0,37.5831,127.0009,12시,763.0
0,20170226.0,일,창경궁로(서울여자대학교),A-06,유출,원남동사거리->성균관대입구,10801.0,37.5831,127.0009,13시,837.0
0,20170226.0,일,창경궁로(서울여자대학교),A-06,유출,원남동사거리->성균관대입구,10801.0,37.5831,127.0009,14시,975.0
0,20170226.0,일,창경궁로(서울여자대학교),A-06,유출,원남동사거리->성균관대입구,10801.0,37.5831,127.0009,15시,966.0
0,20170226.0,일,창경궁로(서울여자대학교),A-06,유출,원남동사거리->성균관대입구,10801.0,37.5831,127.0009,16시,1038.0
0,20170226.0,일,창경궁로(서울여자대학교),A-06,유출,원남동사거리->성균관대입구,10801.0,37.5831,127.0009,17시,1164.0
0,20170226.0,일,창경궁로(서울여자대학교),A-06,유출,원남동사거리->성균관대입구,10801.0,37.5831,127.0009,18시,1061.0
0,20170226.0,일,창경궁로(서울여자대학교),A-06,유출,원남동사거리->성균관대입구,10801.0,37.5831,127.0009,19시,861.0
0,20170226.0,일,창경궁로(서울여자대학교),A-06,유출,원남동사거리->성균관대입구,10801.0,37.5831,127.0009,20시,885.0
0,20170227.0,월,창경궁로(서울여자대학교),A-06,유출,원남동사거리->성균관대입구,11394.0,37.5831,127.0009,8시,537.0
0,20170227.0,월,창경궁로(서울여자대학교),A-06,유출,원남동사거리->성균관대입구,11394.0,37.5831,127.0009,9시,619.0
0,20170227.0,월,창경궁로(서울여자대학교),A-06,유출,원남동사거리->성균관대입구,11394.0,37.5831,127.0009,10시,754.0
0,20170227.0,월,창경궁로(서울여자대학교),A-06,유출,원남동사거리->성균관대입구,11394.0,37.5831,127.0009,11시,823.0
0,20170227.0,월,창경궁로(서울여자대학교),A-06,유출,원남동사거리->성균관대입구,11394.0,37.5831,127.0009,12시,857.0
0,20170227.0,월,창경궁로(서울여자대학교),A-06,유출,원남동사거리->성균관대입구,11394.0,37.5831,127.0009,13시,790.0
0,20170227.0,월,창경궁로(서울여자대학교),A-06,유출,원남동사거리->성균관대입구,11394.0,37.5831,127.0009,14시,857.0
0,20170227.0,월,창경궁로(서울여자대학교),A-06,유출,원남동사거리->성균관대입구,11394.0,37.5831,127.0009,15시,911.0
0,20170227.0,월,창경궁로(서울여자대학교),A-06,유출,원남동사거리->성균관대입구,11394.0,37.5831,127.0009,16시,999.0
0,20170227.0,월,창경궁로(서울여자대학교),A-06,유출,원남동사거리->성균관대입구,11394.0,37.5831,127.0009,17시,1033.0
0,20170227.0,월,창경궁로(서울여자대학교),A-06,유출,원남동사거리->성균관대입구,11394.0,37.5831,127.0009,18시,1013.0
0,20170227.0,월,창경궁로(서울여자대학교),A-06,유출,원남동사거리->성균관대입구,11394.0,37.5831,127.0009,19시,1163.0
0,20170227.0,월,창경궁로(서울여자대학교),A-06,유출,원남동사거리->성균관대입구,11394.0,37.5831,127.0009,20시,1038.0
0,20170228.0,화,창경궁로(서울여자대학교),A-06,유출,원남동사거리->성균관대입구,11752.0,37.5831,127.0009,8시,637.0
0,20170228.0,화,창경궁로(서울여자대학교),A-06,유출,원남동사거리->성균관대입구,11752.0,37.5831,127.0009,9시,671.0
0,20170228.0,화,창경궁로(서울여자대학교),A-06,유출,원남동사거리->성균관대입구,11752.0,37.5831,127.0009,10시,809.0
0,20170228.0,화,창경궁로(서울여자대학교),A-06,유출,원남동사거리->성균관대입구,11752.0,37.5831,127.0009,11시,876.0
0,20170228.0,화,창경궁로(서울여자대학교),A-06,유출,원남동사거리->성균관대입구,11752.0,37.5831,127.0009,12시,845.0
0,20170228.0,화,창경궁로(서울여자대학교),A-06,유출,원남동사거리->성균관대입구,11752.0,37.5831,127.0009,13시,834.0
0,20170228.0,화,창경궁로(서울여자대학교),A-06,유출,원남동사거리->성균관대입구,11752.0,37.5831,127.0009,14시,829.0
0,20170228.0,화,창경궁로(서울여자대학교),A-06,유출,원남동사거리->성균관대입구,11752.0,37.5831,127.0009,15시,952.0
0,20170228.0,화,창경궁로(서울여자대학교),A-06,유출,원남동사거리->성균관대입구,11752.0,37.5831,127.0009,16시,1047.0
0,20170228.0,화,창경궁로(서울여자대학교),A-06,유출,원남동사거리->성균관대입구,11752.0,37.5831,127.0009,17시,1090.0
0,20170228.0,화,창경궁로(서울여자대학교),A-06,유출,원남동사거리->성균관대입구,11752.0,37.5831,127.0009,18시,1098.0
0,20170228.0,화,창경궁로(서울여자대학교),A-06,유출,원남동사거리->성균관대입구,11752.0,37.5831,127.0009,19시,1067.0
0,20170228.0,화,창경궁로(서울여자대학교),A-06,유출,원남동사거리->성균관대입구,11752.0,37.5831,127.0009,20시,997.0
0,20170301.0,수,창경궁로(서울여자대학교),A-06,유입,성균관대입구->원남동사거리,14076.0,37.5831,127.0009,8시,1208.0
0,20170301.0,수,창경궁로(서울여자대학교),A-06,유입,성균관대입구->원남동사거리,14076.0,37.5831,127.0009,9시,1284.0
0,20170301.0,수,창경궁로(서울여자대학교),A-06,유입,성균관대입구->원남동사거리,14076.0,37.5831,127.0009,10시,1416.0
0,20170301.0,수,창경궁로(서울여자대학교),A-06,유입,성균관대입구->원남동사거리,14076.0,37.5831,127.0009,11시,1383.0
0,20170301.0,수,창경궁로(서울여자대학교),A-06,유입,성균관대입구->원남동사거리,14076.0,37.5831,127.0009,12시,1280.0
0,20170301.0,수,창경궁로(서울여자대학교),A-06,유입,성균관대입구->원남동사거리,14076.0,37.5831,127.0009,13시,1417.0
0,20170301.0,수,창경궁로(서울여자대학교),A-06,유입,성균관대입구->원남동사거리,14076.0,37.5831,127.0009,14시,1181.0
0,20170301.0,수,창경궁로(서울여자대학교),A-06,유입,성균관대입구->원남동사거리,14076.0,37.5831,127.0009,15시,929.0
0,20170301.0,수,창경궁로(서울여자대학교),A-06,유입,성균관대입구->원남동사거리,14076.0,37.5831,127.0009,16시,707.0
0,20170301.0,수,창경궁로(서울여자대학교),A-06,유입,성균관대입구->원남동사거리,14076.0,37.5831,127.0009,17시,758.0
0,20170301.0,수,창경궁로(서울여자대학교),A-06,유입,성균관대입구->원남동사거리,14076.0,37.5831,127.0009,18시,833.0
0,20170301.0,수,창경궁로(서울여자대학교),A-06,유입,성균관대입구->원남동사거리,14076.0,37.5831,127.0009,19시,808.0
0,20170301.0,수,창경궁로(서울여자대학교),A-06,유입,성균관대입구->원남동사거리,14076.0,37.5831,127.0009,20시,872.0
0,20170302.0,목,창경궁로(서울여자대학교),A-06,유입,성균관대입구->원남동사거리,18248.0,37.5831,127.0009,8시,2433.0
0,20170302.0,목,창경궁로(서울여자대학교),A-06,유입,성균관대입구->원남동사거리,18248.0,37.5831,127.0009,9시,1873.0
0,20170302.0,목,창경궁로(서울여자대학교),A-06,유입,성균관대입구->원남동사거리,18248.0,37.5831,127.0009,10시,1542.0
0,20170302.0,목,창경궁로(서울여자대학교),A-06,유입,성균관대입구->원남동사거리,18248.0,37.5831,127.0009,11시,1454.0
0,20170302.0,목,창경궁로(서울여자대학교),A-06,유입,성균관대입구->원남동사거리,18248.0,37.5831,127.0009,12시,1341.0
0,20170302.0,목,창경궁로(서울여자대학교),A-06,유입,성균관대입구->원남동사거리,18248.0,37.5831,127.0009,13시,1457.0
0,20170302.0,목,창경궁로(서울여자대학교),A-06,유입,성균관대입구->원남동사거리,18248.0,37.5831,127.0009,14시,1296.0
0,20170302.0,목,창경궁로(서울여자대학교),A-06,유입,성균관대입구->원남동사거리,18248.0,37.5831,127.0009,15시,1311.0
0,20170302.0,목,창경궁로(서울여자대학교),A-06,유입,성균관대입구->원남동사거리,18248.0,37.5831,127.0009,16시,1302.0
0,20170302.0,목,창경궁로(서울여자대학교),A-06,유입,성균관대입구->원남동사거리,18248.0,37.5831,127.0009,17시,1219.0
0,20170302.0,목,창경궁로(서울여자대학교),A-06,유입,성균관대입구->원남동사거리,18248.0,37.5831,127.0009,18시,1130.0
0,20170302.0,목,창경궁로(서울여자대학교),A-06,유입,성균관대입구->원남동사거리,18248.0,37.5831,127.0009,19시,936.0
0,20170302.0,목,창경궁로(서울여자대학교),A-06,유입,성균관대입구->원남동사거리,18248.0,37.5831,127.0009,20시,954.0
0,20170303.0,금,창경궁로(서울여자대학교),A-06,유입,성균관대입구->원남동사거리,17888.0,37.5831,127.0009,8시,2396.0
0,20170303.0,금,창경궁로(서울여자대학교),A-06,유입,성균관대입구->원남동사거리,17888.0,37.5831,127.0009,9시,1922.0
0,20170303.0,금,창경궁로(서울여자대학교),A-06,유입,성균관대입구->원남동사거리,17888.0,37.5831,127.0009,10시,1518.0
0,20170303.0,금,창경궁로(서울여자대학교),A-06,유입,성균관대입구->원남동사거리,17888.0,37.5831,127.0009,11시,1410.0
0,20170303.0,금,창경궁로(서울여자대학교),A-06,유입,성균관대입구->원남동사거리,17888.0,37.5831,127.0009,12시,1257.0
0,20170303.0,금,창경궁로(서울여자대학교),A-06,유입,성균관대입구->원남동사거리,17888.0,37.5831,127.0009,13시,1422.0
0,20170303.0,금,창경궁로(서울여자대학교),A-06,유입,성균관대입구->원남동사거리,17888.0,37.5831,127.0009,14시,1252.0
0,20170303.0,금,창경궁로(서울여자대학교),A-06,유입,성균관대입구->원남동사거리,17888.0,37.5831,127.0009,15시,1226.0
0,20170303.0,금,창경궁로(서울여자대학교),A-06,유입,성균관대입구->원남동사거리,17888.0,37.5831,127.0009,16시,1285.0
0,20170303.0,금,창경궁로(서울여자대학교),A-06,유입,성균관대입구->원남동사거리,17888.0,37.5831,127.0009,17시,1082.0
0,20170303.0,금,창경궁로(서울여자대학교),A-06,유입,성균관대입구->원남동사거리,17888.0,37.5831,127.0009,18시,1102.0
0,20170303.0,금,창경궁로(서울여자대학교),A-06,유입,성균관대입구->원남동사거리,17888.0,37.5831,127.0009,19시,968.0
0,20170303.0,금,창경궁로(서울여자대학교),A-06,유입,성균관대입구->원남동사거리,17888.0,37.5831,127.0009,20시,1048.0
0,20170304.0,토,창경궁로(서울여자대학교),A-06,유입,성균관대입구->원남동사거리,15880.0,37.5831,127.0009,8시,1533.0
0,20170304.0,토,창경궁로(서울여자대학교),A-06,유입,성균관대입구->원남동사거리,15880.0,37.5831,127.0009,9시,1604.0
0,20170304.0,토,창경궁로(서울여자대학교),A-06,유입,성균관대입구->원남동사거리,15880.0,37.5831,127.0009,10시,1658.0
0,20170304.0,토,창경궁로(서울여자대학교),A-06,유입,성균관대입구->원남동사거리,15880.0,37.5831,127.0009,11시,1504.0
0,20170304.0,토,창경궁로(서울여자대학교),A-06,유입,성균관대입구->원남동사거리,15880.0,37.5831,127.0009,12시,1531.0
0,20170304.0,토,창경궁로(서울여자대학교),A-06,유입,성균관대입구->원남동사거리,15880.0,37.5831,127.0009,13시,1399.0
0,20170304.0,토,창경궁로(서울여자대학교),A-06,유입,성균관대입구->원남동사거리,15880.0,37.5831,127.0009,14시,1279.0
0,20170304.0,토,창경궁로(서울여자대학교),A-06,유입,성균관대입구->원남동사거리,15880.0,37.5831,127.0009,15시,1162.0
0,20170304.0,토,창경궁로(서울여자대학교),A-06,유입,성균관대입구->원남동사거리,15880.0,37.5831,127.0009,16시,949.0
0,20170304.0,토,창경궁로(서울여자대학교),A-06,유입,성균관대입구->원남동사거리,15880.0,37.5831,127.0009,17시,884.0
0,20170304.0,토,창경궁로(서울여자대학교),A-06,유입,성균관대입구->원남동사거리,15880.0,37.5831,127.0009,18시,788.0
0,20170304.0,토,창경궁로(서울여자대학교),A-06,유입,성균관대입구->원남동사거리,15880.0,37.5831,127.0009,19시,765.0
0,20170304.0,토,창경궁로(서울여자대학교),A-06,유입,성균관대입구->원남동사거리,15880.0,37.5831,127.0009,20시,824.0
0,20170305.0,일,창경궁로(서울여자대학교),A-06,유입,성균관대입구->원남동사거리,16641.0,37.5831,127.0009,8시,1149.0
0,20170305.0,일,창경궁로(서울여자대학교),A-06,유입,성균관대입구->원남동사거리,16641.0,37.5831,127.0009,9시,1302.0
0,20170305.0,일,창경궁로(서울여자대학교),A-06,유입,성균관대입구->원남동사거리,16641.0,37.5831,127.0009,10시,1475.0
0,20170305.0,일,창경궁로(서울여자대학교),A-06,유입,성균관대입구->원남동사거리,16641.0,37.5831,127.0009,11시,1407.0
0,20170305.0,일,창경궁로(서울여자대학교),A-06,유입,성균관대입구->원남동사거리,16641.0,37.5831,127.0009,12시,1457.0
0,20170305.0,일,창경궁로(서울여자대학교),A-06,유입,성균관대입구->원남동사거리,16641.0,37.5831,127.0009,13시,1488.0
0,20170305.0,일,창경궁로(서울여자대학교),A-06,유입,성균관대입구->원남동사거리,16641.0,37.5831,127.0009,14시,1386.0
0,20170305.0,일,창경궁로(서울여자대학교),A-06,유입,성균관대입구->원남동사거리,16641.0,37.5831,127.0009,15시,1391.0
0,20170305.0,일,창경궁로(서울여자대학교),A-06,유입,성균관대입구->원남동사거리,16641.0,37.5831,127.0009,16시,1294.0
0,20170305.0,일,창경궁로(서울여자대학교),A-06,유입,성균관대입구->원남동사거리,16641.0,37.5831,127.0009,17시,1194.0
0,20170305.0,일,창경궁로(서울여자대학교),A-06,유입,성균관대입구->원남동사거리,16641.0,37.5831,127.0009,18시,999.0
0,20170305.0,일,창경궁로(서울여자대학교),A-06,유입,성균관대입구->원남동사거리,16641.0,37.5831,127.0009,19시,993.0
0,20170305.0,일,창경궁로(서울여자대학교),A-06,유입,성균관대입구->원남동사거리,16641.0,37.5831,127.0009,20시,1106.0
0,20170306.0,월,창경궁로(서울여자대학교),A-06,유입,성균관대입구->원남동사거리,17628.0,37.5831,127.0009,8시,2422.0
0,20170306.0,월,창경궁로(서울여자대학교),A-06,유입,성균관대입구->원남동사거리,17628.0,37.5831,127.0009,9시,2053.0
0,20170306.0,월,창경궁로(서울여자대학교),A-06,유입,성균관대입구->원남동사거리,17628.0,37.5831,127.0009,10시,1539.0
0,20170306.0,월,창경궁로(서울여자대학교),A-06,유입,성균관대입구->원남동사거리,17628.0,37.5831,127.0009,11시,1314.0
0,20170306.0,월,창경궁로(서울여자대학교),A-06,유입,성균관대입구->원남동사거리,17628.0,37.5831,127.0009,12시,1320.0
0,20170306.0,월,창경궁로(서울여자대학교),A-06,유입,성균관대입구->원남동사거리,17628.0,37.5831,127.0009,13시,1288.0
0,20170306.0,월,창경궁로(서울여자대학교),A-06,유입,성균관대입구->원남동사거리,17628.0,37.5831,127.0009,14시,1260.0
0,20170306.0,월,창경궁로(서울여자대학교),A-06,유입,성균관대입구->원남동사거리,17628.0,37.5831,127.0009,15시,1208.0
0,20170306.0,월,창경궁로(서울여자대학교),A-06,유입,성균관대입구->원남동사거리,17628.0,37.5831,127.0009,16시,1179.0
0,20170306.0,월,창경궁로(서울여자대학교),A-06,유입,성균관대입구->원남동사거리,17628.0,37.5831,127.0009,17시,1171.0
0,20170306.0,월,창경궁로(서울여자대학교),A-06,유입,성균관대입구->원남동사거리,17628.0,37.5831,127.0009,18시,1026.0
0,20170306.0,월,창경궁로(서울여자대학교),A-06,유입,성균관대입구->원남동사거리,17628.0,37.5831,127.0009,19시,883.0
0,20170306.0,월,창경궁로(서울여자대학교),A-06,유입,성균관대입구->원남동사거리,17628.0,37.5831,127.0009,20시,965.0
0,20170307.0,화,창경궁로(서울여자대학교),A-06,유입,성균관대입구->원남동사거리,17355.0,37.5831,127.0009,8시,2355.0
0,20170307.0,화,창경궁로(서울여자대학교),A-06,유입,성균관대입구->원남동사거리,17355.0,37.5831,127.0009,9시,1903.0
0,20170307.0,화,창경궁로(서울여자대학교),A-06,유입,성균관대입구->원남동사거리,17355.0,37.5831,127.0009,10시,1491.0
0,20170307.0,화,창경궁로(서울여자대학교),A-06,유입,성균관대입구->원남동사거리,17355.0,37.5831,127.0009,11시,1429.0
0,20170307.0,화,창경궁로(서울여자대학교),A-06,유입,성균관대입구->원남동사거리,17355.0,37.5831,127.0009,12시,1254.0
0,20170307.0,화,창경궁로(서울여자대학교),A-06,유입,성균관대입구->원남동사거리,17355.0,37.5831,127.0009,13시,1323.0
0,20170307.0,화,창경궁로(서울여자대학교),A-06,유입,성균관대입구->원남동사거리,17355.0,37.5831,127.0009,14시,1184.0
0,20170307.0,화,창경궁로(서울여자대학교),A-06,유입,성균관대입구->원남동사거리,17355.0,37.5831,127.0009,15시,1192.0
0,20170307.0,화,창경궁로(서울여자대학교),A-06,유입,성균관대입구->원남동사거리,17355.0,37.5831,127.0009,16시,1085.0
0,20170307.0,화,창경궁로(서울여자대학교),A-06,유입,성균관대입구->원남동사거리,17355.0,37.5831,127.0009,17시,1151.0
0,20170307.0,화,창경궁로(서울여자대학교),A-06,유입,성균관대입구->원남동사거리,17355.0,37.5831,127.0009,18시,1037.0
0,20170307.0,화,창경궁로(서울여자대학교),A-06,유입,성균관대입구->원남동사거리,17355.0,37.5831,127.0009,19시,970.0
0,20170307.0,화,창경궁로(서울여자대학교),A-06,유입,성균관대입구->원남동사거리,17355.0,37.5831,127.0009,20시,981.0
0,20170308.0,수,창경궁로(서울여자대학교),A-06,유입,성균관대입구->원남동사거리,14912.0,37.5831,127.0009,8시,295.0
0,20170308.0,수,창경궁로(서울여자대학교),A-06,유입,성균관대입구->원남동사거리,14912.0,37.5831,127.0009,9시,1759.0
0,20170308.0,수,창경궁로(서울여자대학교),A-06,유입,성균관대입구->원남동사거리,14912.0,37.5831,127.0009,10시,1431.0
0,20170308.0,수,창경궁로(서울여자대학교),A-06,유입,성균관대입구->원남동사거리,14912.0,37.5831,127.0009,11시,1374.0
0,20170308.0,수,창경궁로(서울여자대학교),A-06,유입,성균관대입구->원남동사거리,14912.0,37.5831,127.0009,12시,1203.0
0,20170308.0,수,창경궁로(서울여자대학교),A-06,유입,성균관대입구->원남동사거리,14912.0,37.5831,127.0009,13시,1297.0
0,20170308.0,수,창경궁로(서울여자대학교),A-06,유입,성균관대입구->원남동사거리,14912.0,37.5831,127.0009,14시,1275.0
0,20170308.0,수,창경궁로(서울여자대학교),A-06,유입,성균관대입구->원남동사거리,14912.0,37.5831,127.0009,15시,1179.0
0,20170308.0,수,창경궁로(서울여자대학교),A-06,유입,성균관대입구->원남동사거리,14912.0,37.5831,127.0009,16시,1104.0
0,20170308.0,수,창경궁로(서울여자대학교),A-06,유입,성균관대입구->원남동사거리,14912.0,37.5831,127.0009,17시,1064.0
0,20170308.0,수,창경궁로(서울여자대학교),A-06,유입,성균관대입구->원남동사거리,14912.0,37.5831,127.0009,18시,1049.0
0,20170308.0,수,창경궁로(서울여자대학교),A-06,유입,성균관대입구->원남동사거리,14912.0,37.5831,127.0009,19시,891.0
0,20170308.0,수,창경궁로(서울여자대학교),A-06,유입,성균관대입구->원남동사거리,14912.0,37.5831,127.0009,20시,991.0
0,20170309.0,목,창경궁로(서울여자대학교),A-06,유입,성균관대입구->원남동사거리,16738.0,37.5831,127.0009,8시,2468.0
0,20170309.0,목,창경궁로(서울여자대학교),A-06,유입,성균관대입구->원남동사거리,16738.0,37.5831,127.0009,9시,1856.0
0,20170309.0,목,창경궁로(서울여자대학교),A-06,유입,성균관대입구->원남동사거리,16738.0,37.5831,127.0009,10시,1343.0
0,20170309.0,목,창경궁로(서울여자대학교),A-06,유입,성균관대입구->원남동사거리,16738.0,37.5831,127.0009,11시,1244.0
0,20170309.0,목,창경궁로(서울여자대학교),A-06,유입,성균관대입구->원남동사거리,16738.0,37.5831,127.0009,12시,1176.0
0,20170309.0,목,창경궁로(서울여자대학교),A-06,유입,성균관대입구->원남동사거리,16738.0,37.5831,127.0009,13시,1328.0
0,20170309.0,목,창경궁로(서울여자대학교),A-06,유입,성균관대입구->원남동사거리,16738.0,37.5831,127.0009,14시,1126.0
0,20170309.0,목,창경궁로(서울여자대학교),A-06,유입,성균관대입구->원남동사거리,16738.0,37.5831,127.0009,15시,1155.0
0,20170309.0,목,창경궁로(서울여자대학교),A-06,유입,성균관대입구->원남동사거리,16738.0,37.5831,127.0009,16시,1154.0
0,20170309.0,목,창경궁로(서울여자대학교),A-06,유입,성균관대입구->원남동사거리,16738.0,37.5831,127.0009,17시,1073.0
0,20170309.0,목,창경궁로(서울여자대학교),A-06,유입,성균관대입구->원남동사거리,16738.0,37.5831,127.0009,18시,1007.0
0,20170309.0,목,창경궁로(서울여자대학교),A-06,유입,성균관대입구->원남동사거리,16738.0,37.5831,127.0009,19시,894.0
0,20170309.0,목,창경궁로(서울여자대학교),A-06,유입,성균관대입구->원남동사거리,16738.0,37.5831,127.0009,20시,914.0
0,20170310.0,금,창경궁로(서울여자대학교),A-06,유입,성균관대입구->원남동사거리,16938.0,37.5831,127.0009,8시,2429.0
0,20170310.0,금,창경궁로(서울여자대학교),A-06,유입,성균관대입구->원남동사거리,16938.0,37.5831,127.0009,9시,1936.0
0,20170310.0,금,창경궁로(서울여자대학교),A-06,유입,성균관대입구->원남동사거리,16938.0,37.5831,127.0009,10시,1570.0
0,20170310.0,금,창경궁로(서울여자대학교),A-06,유입,성균관대입구->원남동사거리,16938.0,37.5831,127.0009,11시,1461.0
0,20170310.0,금,창경궁로(서울여자대학교),A-06,유입,성균관대입구->원남동사거리,16938.0,37.5831,127.0009,12시,1252.0
0,20170310.0,금,창경궁로(서울여자대학교),A-06,유입,성균관대입구->원남동사거리,16938.0,37.5831,127.0009,13시,1346.0
0,20170310.0,금,창경궁로(서울여자대학교),A-06,유입,성균관대입구->원남동사거리,16938.0,37.5831,127.0009,14시,1096.0
0,20170310.0,금,창경궁로(서울여자대학교),A-06,유입,성균관대입구->원남동사거리,16938.0,37.5831,127.0009,15시,1082.0
0,20170310.0,금,창경궁로(서울여자대학교),A-06,유입,성균관대입구->원남동사거리,16938.0,37.5831,127.0009,16시,1079.0
0,20170310.0,금,창경궁로(서울여자대학교),A-06,유입,성균관대입구->원남동사거리,16938.0,37.5831,127.0009,17시,972.0
0,20170310.0,금,창경궁로(서울여자대학교),A-06,유입,성균관대입구->원남동사거리,16938.0,37.5831,127.0009,18시,944.0
0,20170310.0,금,창경궁로(서울여자대학교),A-06,유입,성균관대입구->원남동사거리,16938.0,37.5831,127.0009,19시,854.0
0,20170310.0,금,창경궁로(서울여자대학교),A-06,유입,성균관대입구->원남동사거리,16938.0,37.5831,127.0009,20시,917.0
0,20170311.0,토,창경궁로(서울여자대학교),A-06,유입,성균관대입구->원남동사거리,16871.0,37.5831,127.0009,8시,1709.0
0,20170311.0,토,창경궁로(서울여자대학교),A-06,유입,성균관대입구->원남동사거리,16871.0,37.5831,127.0009,9시,1616.0
0,20170311.0,토,창경궁로(서울여자대학교),A-06,유입,성균관대입구->원남동사거리,16871.0,37.5831,127.0009,10시,1517.0
0,20170311.0,토,창경궁로(서울여자대학교),A-06,유입,성균관대입구->원남동사거리,16871.0,37.5831,127.0009,11시,1590.0
0,20170311.0,토,창경궁로(서울여자대학교),A-06,유입,성균관대입구->원남동사거리,16871.0,37.5831,127.0009,12시,1600.0
0,20170311.0,토,창경궁로(서울여자대학교),A-06,유입,성균관대입구->원남동사거리,16871.0,37.5831,127.0009,13시,1506.0
0,20170311.0,토,창경궁로(서울여자대학교),A-06,유입,성균관대입구->원남동사거리,16871.0,37.5831,127.0009,14시,1329.0
0,20170311.0,토,창경궁로(서울여자대학교),A-06,유입,성균관대입구->원남동사거리,16871.0,37.5831,127.0009,15시,1258.0
0,20170311.0,토,창경궁로(서울여자대학교),A-06,유입,성균관대입구->원남동사거리,16871.0,37.5831,127.0009,16시,1181.0
0,20170311.0,토,창경궁로(서울여자대학교),A-06,유입,성균관대입구->원남동사거리,16871.0,37.5831,127.0009,17시,1068.0
0,20170311.0,토,창경궁로(서울여자대학교),A-06,유입,성균관대입구->원남동사거리,16871.0,37.5831,127.0009,18시,950.0
0,20170311.0,토,창경궁로(서울여자대학교),A-06,유입,성균관대입구->원남동사거리,16871.0,37.5831,127.0009,19시,757.0
0,20170311.0,토,창경궁로(서울여자대학교),A-06,유입,성균관대입구->원남동사거리,16871.0,37.5831,127.0009,20시,790.0
0,20170312.0,일,창경궁로(서울여자대학교),A-06,유입,성균관대입구->원남동사거리,16444.0,37.5831,127.0009,8시,1171.0
0,20170312.0,일,창경궁로(서울여자대학교),A-06,유입,성균관대입구->원남동사거리,16444.0,37.5831,127.0009,9시,1327.0
0,20170312.0,일,창경궁로(서울여자대학교),A-06,유입,성균관대입구->원남동사거리,16444.0,37.5831,127.0009,10시,1437.0
0,20170312.0,일,창경궁로(서울여자대학교),A-06,유입,성균관대입구->원남동사거리,16444.0,37.5831,127.0009,11시,1364.0
0,20170312.0,일,창경궁로(서울여자대학교),A-06,유입,성균관대입구->원남동사거리,16444.0,37.5831,127.0009,12시,1463.0
0,20170312.0,일,창경궁로(서울여자대학교),A-06,유입,성균관대입구->원남동사거리,16444.0,37.5831,127.0009,13시,1497.0
0,20170312.0,일,창경궁로(서울여자대학교),A-06,유입,성균관대입구->원남동사거리,16444.0,37.5831,127.0009,14시,1432.0
0,20170312.0,일,창경궁로(서울여자대학교),A-06,유입,성균관대입구->원남동사거리,16444.0,37.5831,127.0009,15시,1365.0
0,20170312.0,일,창경궁로(서울여자대학교),A-06,유입,성균관대입구->원남동사거리,16444.0,37.5831,127.0009,16시,1226.0
0,20170312.0,일,창경궁로(서울여자대학교),A-06,유입,성균관대입구->원남동사거리,16444.0,37.5831,127.0009,17시,1261.0
0,20170312.0,일,창경궁로(서울여자대학교),A-06,유입,성균관대입구->원남동사거리,16444.0,37.5831,127.0009,18시,1011.0
0,20170312.0,일,창경궁로(서울여자대학교),A-06,유입,성균관대입구->원남동사거리,16444.0,37.5831,127.0009,19시,916.0
0,20170312.0,일,창경궁로(서울여자대학교),A-06,유입,성균관대입구->원남동사거리,16444.0,37.5831,127.0009,20시,974.0
0,20170313.0,월,창경궁로(서울여자대학교),A-06,유입,성균관대입구->원남동사거리,17566.0,37.5831,127.0009,8시,2398.0
0,20170313.0,월,창경궁로(서울여자대학교),A-06,유입,성균관대입구->원남동사거리,17566.0,37.5831,127.0009,9시,1942.0
0,20170313.0,월,창경궁로(서울여자대학교),A-06,유입,성균관대입구->원남동사거리,17566.0,37.5831,127.0009,10시,1477.0
0,20170313.0,월,창경궁로(서울여자대학교),A-06,유입,성균관대입구->원남동사거리,17566.0,37.5831,127.0009,11시,1449.0
0,20170313.0,월,창경궁로(서울여자대학교),A-06,유입,성균관대입구->원남동사거리,17566.0,37.5831,127.0009,12시,1302.0
0,20170313.0,월,창경궁로(서울여자대학교),A-06,유입,성균관대입구->원남동사거리,17566.0,37.5831,127.0009,13시,1278.0
0,20170313.0,월,창경궁로(서울여자대학교),A-06,유입,성균관대입구->원남동사거리,17566.0,37.5831,127.0009,14시,1279.0
0,20170313.0,월,창경궁로(서울여자대학교),A-06,유입,성균관대입구->원남동사거리,17566.0,37.5831,127.0009,15시,1211.0
0,20170313.0,월,창경궁로(서울여자대학교),A-06,유입,성균관대입구->원남동사거리,17566.0,37.5831,127.0009,16시,1151.0
0,20170313.0,월,창경궁로(서울여자대학교),A-06,유입,성균관대입구->원남동사거리,17566.0,37.5831,127.0009,17시,1120.0
0,20170313.0,월,창경궁로(서울여자대학교),A-06,유입,성균관대입구->원남동사거리,17566.0,37.5831,127.0009,18시,1066.0
0,20170313.0,월,창경궁로(서울여자대학교),A-06,유입,성균관대입구->원남동사거리,17566.0,37.5831,127.0009,19시,865.0
0,20170313.0,월,창경궁로(서울여자대학교),A-06,유입,성균관대입구->원남동사거리,17566.0,37.5831,127.0009,20시,1028.0
0,20170314.0,화,창경궁로(서울여자대학교),A-06,유입,성균관대입구->원남동사거리,18066.0,37.5831,127.0009,8시,2350.0
0,20170314.0,화,창경궁로(서울여자대학교),A-06,유입,성균관대입구->원남동사거리,18066.0,37.5831,127.0009,9시,1903.0
0,20170314.0,화,창경궁로(서울여자대학교),A-06,유입,성균관대입구->원남동사거리,18066.0,37.5831,127.0009,10시,1549.0
0,20170314.0,화,창경궁로(서울여자대학교),A-06,유입,성균관대입구->원남동사거리,18066.0,37.5831,127.0009,11시,1446.0
0,20170314.0,화,창경궁로(서울여자대학교),A-06,유입,성균관대입구->원남동사거리,18066.0,37.5831,127.0009,12시,1376.0
0,20170314.0,화,창경궁로(서울여자대학교),A-06,유입,성균관대입구->원남동사거리,18066.0,37.5831,127.0009,13시,1333.0
0,20170314.0,화,창경궁로(서울여자대학교),A-06,유입,성균관대입구->원남동사거리,18066.0,37.5831,127.0009,14시,1321.0
0,20170314.0,화,창경궁로(서울여자대학교),A-06,유입,성균관대입구->원남동사거리,18066.0,37.5831,127.0009,15시,1261.0
0,20170314.0,화,창경궁로(서울여자대학교),A-06,유입,성균관대입구->원남동사거리,18066.0,37.5831,127.0009,16시,1149.0
0,20170314.0,화,창경궁로(서울여자대학교),A-06,유입,성균관대입구->원남동사거리,18066.0,37.5831,127.0009,17시,1165.0
0,20170314.0,화,창경궁로(서울여자대학교),A-06,유입,성균관대입구->원남동사거리,18066.0,37.5831,127.0009,18시,1160.0
0,20170314.0,화,창경궁로(서울여자대학교),A-06,유입,성균관대입구->원남동사거리,18066.0,37.5831,127.0009,19시,987.0
0,20170314.0,화,창경궁로(서울여자대학교),A-06,유입,성균관대입구->원남동사거리,18066.0,37.5831,127.0009,20시,1066.0
0,20170315.0,수,창경궁로(서울여자대학교),A-06,유입,성균관대입구->원남동사거리,17592.0,37.5831,127.0009,8시,2338.0
0,20170315.0,수,창경궁로(서울여자대학교),A-06,유입,성균관대입구->원남동사거리,17592.0,37.5831,127.0009,9시,1827.0
0,20170315.0,수,창경궁로(서울여자대학교),A-06,유입,성균관대입구->원남동사거리,17592.0,37.5831,127.0009,10시,1569.0
0,20170315.0,수,창경궁로(서울여자대학교),A-06,유입,성균관대입구->원남동사거리,17592.0,37.5831,127.0009,11시,1471.0
0,20170315.0,수,창경궁로(서울여자대학교),A-06,유입,성균관대입구->원남동사거리,17592.0,37.5831,127.0009,12시,1346.0
0,20170315.0,수,창경궁로(서울여자대학교),A-06,유입,성균관대입구->원남동사거리,17592.0,37.5831,127.0009,13시,1343.0
0,20170315.0,수,창경궁로(서울여자대학교),A-06,유입,성균관대입구->원남동사거리,17592.0,37.5831,127.0009,14시,1262.0
0,20170315.0,수,창경궁로(서울여자대학교),A-06,유입,성균관대입구->원남동사거리,17592.0,37.5831,127.0009,15시,1187.0
0,20170315.0,수,창경궁로(서울여자대학교),A-06,유입,성균관대입구->원남동사거리,17592.0,37.5831,127.0009,16시,1186.0
0,20170315.0,수,창경궁로(서울여자대학교),A-06,유입,성균관대입구->원남동사거리,17592.0,37.5831,127.0009,17시,1156.0
0,20170315.0,수,창경궁로(서울여자대학교),A-06,유입,성균관대입구->원남동사거리,17592.0,37.5831,127.0009,18시,1042.0
0,20170315.0,수,창경궁로(서울여자대학교),A-06,유입,성균관대입구->원남동사거리,17592.0,37.5831,127.0009,19시,846.0
0,20170315.0,수,창경궁로(서울여자대학교),A-06,유입,성균관대입구->원남동사거리,17592.0,37.5831,127.0009,20시,1019.0
0,20170316.0,목,창경궁로(서울여자대학교),A-06,유입,성균관대입구->원남동사거리,17736.0,37.5831,127.0009,8시,2390.0
0,20170316.0,목,창경궁로(서울여자대학교),A-06,유입,성균관대입구->원남동사거리,17736.0,37.5831,127.0009,9시,1853.0
0,20170316.0,목,창경궁로(서울여자대학교),A-06,유입,성균관대입구->원남동사거리,17736.0,37.5831,127.0009,10시,1581.0
0,20170316.0,목,창경궁로(서울여자대학교),A-06,유입,성균관대입구->원남동사거리,17736.0,37.5831,127.0009,11시,1403.0
0,20170316.0,목,창경궁로(서울여자대학교),A-06,유입,성균관대입구->원남동사거리,17736.0,37.5831,127.0009,12시,1345.0
0,20170316.0,목,창경궁로(서울여자대학교),A-06,유입,성균관대입구->원남동사거리,17736.0,37.5831,127.0009,13시,1368.0
0,20170316.0,목,창경궁로(서울여자대학교),A-06,유입,성균관대입구->원남동사거리,17736.0,37.5831,127.0009,14시,1225.0
0,20170316.0,목,창경궁로(서울여자대학교),A-06,유입,성균관대입구->원남동사거리,17736.0,37.5831,127.0009,15시,1230.0
0,20170316.0,목,창경궁로(서울여자대학교),A-06,유입,성균관대입구->원남동사거리,17736.0,37.5831,127.0009,16시,1198.0
0,20170316.0,목,창경궁로(서울여자대학교),A-06,유입,성균관대입구->원남동사거리,17736.0,37.5831,127.0009,17시,1153.0
0,20170316.0,목,창경궁로(서울여자대학교),A-06,유입,성균관대입구->원남동사거리,17736.0,37.5831,127.0009,18시,1085.0
0,20170316.0,목,창경궁로(서울여자대학교),A-06,유입,성균관대입구->원남동사거리,17736.0,37.5831,127.0009,19시,922.0
0,20170316.0,목,창경궁로(서울여자대학교),A-06,유입,성균관대입구->원남동사거리,17736.0,37.5831,127.0009,20시,983.0
0,20170317.0,금,창경궁로(서울여자대학교),A-06,유입,성균관대입구->원남동사거리,18442.0,37.5831,127.0009,8시,2373.0
0,20170317.0,금,창경궁로(서울여자대학교),A-06,유입,성균관대입구->원남동사거리,18442.0,37.5831,127.0009,9시,1929.0
0,20170317.0,금,창경궁로(서울여자대학교),A-06,유입,성균관대입구->원남동사거리,18442.0,37.5831,127.0009,10시,1601.0
0,20170317.0,금,창경궁로(서울여자대학교),A-06,유입,성균관대입구->원남동사거리,18442.0,37.5831,127.0009,11시,1482.0
0,20170317.0,금,창경궁로(서울여자대학교),A-06,유입,성균관대입구->원남동사거리,18442.0,37.5831,127.0009,12시,1408.0
0,20170317.0,금,창경궁로(서울여자대학교),A-06,유입,성균관대입구->원남동사거리,18442.0,37.5831,127.0009,13시,1346.0
0,20170317.0,금,창경궁로(서울여자대학교),A-06,유입,성균관대입구->원남동사거리,18442.0,37.5831,127.0009,14시,1308.0
0,20170317.0,금,창경궁로(서울여자대학교),A-06,유입,성균관대입구->원남동사거리,18442.0,37.5831,127.0009,15시,1309.0
0,20170317.0,금,창경궁로(서울여자대학교),A-06,유입,성균관대입구->원남동사거리,18442.0,37.5831,127.0009,16시,1305.0
0,20170317.0,금,창경궁로(서울여자대학교),A-06,유입,성균관대입구->원남동사거리,18442.0,37.5831,127.0009,17시,1274.0
0,20170317.0,금,창경궁로(서울여자대학교),A-06,유입,성균관대입구->원남동사거리,18442.0,37.5831,127.0009,18시,1027.0
0,20170317.0,금,창경궁로(서울여자대학교),A-06,유입,성균관대입구->원남동사거리,18442.0,37.5831,127.0009,19시,1024.0
0,20170317.0,금,창경궁로(서울여자대학교),A-06,유입,성균관대입구->원남동사거리,18442.0,37.5831,127.0009,20시,1056.0
0,20170318.0,토,창경궁로(서울여자대학교),A-06,유입,성균관대입구->원남동사거리,17194.0,37.5831,127.0009,8시,1609.0
0,20170318.0,토,창경궁로(서울여자대학교),A-06,유입,성균관대입구->원남동사거리,17194.0,37.5831,127.0009,9시,1624.0
0,20170318.0,토,창경궁로(서울여자대학교),A-06,유입,성균관대입구->원남동사거리,17194.0,37.5831,127.0009,10시,1568.0
0,20170318.0,토,창경궁로(서울여자대학교),A-06,유입,성균관대입구->원남동사거리,17194.0,37.5831,127.0009,11시,1589.0
0,20170318.0,토,창경궁로(서울여자대학교),A-06,유입,성균관대입구->원남동사거리,17194.0,37.5831,127.0009,12시,1627.0
0,20170318.0,토,창경궁로(서울여자대학교),A-06,유입,성균관대입구->원남동사거리,17194.0,37.5831,127.0009,13시,1424.0
0,20170318.0,토,창경궁로(서울여자대학교),A-06,유입,성균관대입구->원남동사거리,17194.0,37.5831,127.0009,14시,1041.0
0,20170318.0,토,창경궁로(서울여자대학교),A-06,유입,성균관대입구->원남동사거리,17194.0,37.5831,127.0009,15시,1170.0
0,20170318.0,토,창경궁로(서울여자대학교),A-06,유입,성균관대입구->원남동사거리,17194.0,37.5831,127.0009,16시,1170.0
0,20170318.0,토,창경궁로(서울여자대학교),A-06,유입,성균관대입구->원남동사거리,17194.0,37.5831,127.0009,17시,1211.0
0,20170318.0,토,창경궁로(서울여자대학교),A-06,유입,성균관대입구->원남동사거리,17194.0,37.5831,127.0009,18시,1079.0
0,20170318.0,토,창경궁로(서울여자대학교),A-06,유입,성균관대입구->원남동사거리,17194.0,37.5831,127.0009,19시,961.0
0,20170318.0,토,창경궁로(서울여자대학교),A-06,유입,성균관대입구->원남동사거리,17194.0,37.5831,127.0009,20시,1121.0
0,20170319.0,일,창경궁로(서울여자대학교),A-06,유입,성균관대입구->원남동사거리,16736.0,37.5831,127.0009,8시,1054.0
0,20170319.0,일,창경궁로(서울여자대학교),A-06,유입,성균관대입구->원남동사거리,16736.0,37.5831,127.0009,9시,1266.0
0,20170319.0,일,창경궁로(서울여자대학교),A-06,유입,성균관대입구->원남동사거리,16736.0,37.5831,127.0009,10시,1378.0
0,20170319.0,일,창경궁로(서울여자대학교),A-06,유입,성균관대입구->원남동사거리,16736.0,37.5831,127.0009,11시,1564.0
0,20170319.0,일,창경궁로(서울여자대학교),A-06,유입,성균관대입구->원남동사거리,16736.0,37.5831,127.0009,12시,1522.0
0,20170319.0,일,창경궁로(서울여자대학교),A-06,유입,성균관대입구->원남동사거리,16736.0,37.5831,127.0009,13시,1527.0
0,20170319.0,일,창경궁로(서울여자대학교),A-06,유입,성균관대입구->원남동사거리,16736.0,37.5831,127.0009,14시,1438.0
0,20170319.0,일,창경궁로(서울여자대학교),A-06,유입,성균관대입구->원남동사거리,16736.0,37.5831,127.0009,15시,1352.0
0,20170319.0,일,창경궁로(서울여자대학교),A-06,유입,성균관대입구->원남동사거리,16736.0,37.5831,127.0009,16시,1295.0
0,20170319.0,일,창경궁로(서울여자대학교),A-06,유입,성균관대입구->원남동사거리,16736.0,37.5831,127.0009,17시,1207.0
0,20170319.0,일,창경궁로(서울여자대학교),A-06,유입,성균관대입구->원남동사거리,16736.0,37.5831,127.0009,18시,1071.0
0,20170319.0,일,창경궁로(서울여자대학교),A-06,유입,성균관대입구->원남동사거리,16736.0,37.5831,127.0009,19시,1061.0
0,20170319.0,일,창경궁로(서울여자대학교),A-06,유입,성균관대입구->원남동사거리,16736.0,37.5831,127.0009,20시,1001.0
0,20170320.0,월,창경궁로(서울여자대학교),A-06,유입,성균관대입구->원남동사거리,15652.0,37.5831,127.0009,8시,2360.0
0,20170320.0,월,창경궁로(서울여자대학교),A-06,유입,성균관대입구->원남동사거리,15652.0,37.5831,127.0009,9시,1797.0
0,20170320.0,월,창경궁로(서울여자대학교),A-06,유입,성균관대입구->원남동사거리,15652.0,37.5831,127.0009,10시,1581.0
0,20170320.0,월,창경궁로(서울여자대학교),A-06,유입,성균관대입구->원남동사거리,15652.0,37.5831,127.0009,11시,1351.0
0,20170320.0,월,창경궁로(서울여자대학교),A-06,유입,성균관대입구->원남동사거리,15652.0,37.5831,127.0009,12시,1213.0
0,20170320.0,월,창경궁로(서울여자대학교),A-06,유입,성균관대입구->원남동사거리,15652.0,37.5831,127.0009,13시,1258.0
0,20170320.0,월,창경궁로(서울여자대학교),A-06,유입,성균관대입구->원남동사거리,15652.0,37.5831,127.0009,14시,1282.0
0,20170320.0,월,창경궁로(서울여자대학교),A-06,유입,성균관대입구->원남동사거리,15652.0,37.5831,127.0009,15시,1199.0
0,20170320.0,월,창경궁로(서울여자대학교),A-06,유입,성균관대입구->원남동사거리,15652.0,37.5831,127.0009,16시,866.0
0,20170320.0,월,창경궁로(서울여자대학교),A-06,유입,성균관대입구->원남동사거리,15652.0,37.5831,127.0009,17시,937.0
0,20170320.0,월,창경궁로(서울여자대학교),A-06,유입,성균관대입구->원남동사거리,15652.0,37.5831,127.0009,18시,542.0
0,20170320.0,월,창경궁로(서울여자대학교),A-06,유입,성균관대입구->원남동사거리,15652.0,37.5831,127.0009,19시,601.0
0,20170320.0,월,창경궁로(서울여자대학교),A-06,유입,성균관대입구->원남동사거리,15652.0,37.5831,127.0009,20시,665.0
0,20170321.0,화,창경궁로(서울여자대학교),A-06,유입,성균관대입구->원남동사거리,14619.0,37.5831,127.0009,8시,2376.0
0,20170321.0,화,창경궁로(서울여자대학교),A-06,유입,성균관대입구->원남동사거리,14619.0,37.5831,127.0009,9시,1960.0
0,20170321.0,화,창경궁로(서울여자대학교),A-06,유입,성균관대입구->원남동사거리,14619.0,37.5831,127.0009,10시,1639.0
0,20170321.0,화,창경궁로(서울여자대학교),A-06,유입,성균관대입구->원남동사거리,14619.0,37.5831,127.0009,11시,1376.0
0,20170321.0,화,창경궁로(서울여자대학교),A-06,유입,성균관대입구->원남동사거리,14619.0,37.5831,127.0009,12시,898.0
0,20170321.0,화,창경궁로(서울여자대학교),A-06,유입,성균관대입구->원남동사거리,14619.0,37.5831,127.0009,13시,867.0
0,20170321.0,화,창경궁로(서울여자대학교),A-06,유입,성균관대입구->원남동사거리,14619.0,37.5831,127.0009,14시,837.0
0,20170321.0,화,창경궁로(서울여자대학교),A-06,유입,성균관대입구->원남동사거리,14619.0,37.5831,127.0009,15시,720.0
0,20170321.0,화,창경궁로(서울여자대학교),A-06,유입,성균관대입구->원남동사거리,14619.0,37.5831,127.0009,16시,791.0
0,20170321.0,화,창경궁로(서울여자대학교),A-06,유입,성균관대입구->원남동사거리,14619.0,37.5831,127.0009,17시,867.0
0,20170321.0,화,창경궁로(서울여자대학교),A-06,유입,성균관대입구->원남동사거리,14619.0,37.5831,127.0009,18시,732.0
0,20170321.0,화,창경궁로(서울여자대학교),A-06,유입,성균관대입구->원남동사거리,14619.0,37.5831,127.0009,19시,815.0
0,20170321.0,화,창경궁로(서울여자대학교),A-06,유입,성균관대입구->원남동사거리,14619.0,37.5831,127.0009,20시,741.0
0,20170322.0,수,창경궁로(서울여자대학교),A-06,유입,성균관대입구->원남동사거리,17591.0,37.5831,127.0009,8시,2361.0
0,20170322.0,수,창경궁로(서울여자대학교),A-06,유입,성균관대입구->원남동사거리,17591.0,37.5831,127.0009,9시,1973.0
0,20170322.0,수,창경궁로(서울여자대학교),A-06,유입,성균관대입구->원남동사거리,17591.0,37.5831,127.0009,10시,1537.0
0,20170322.0,수,창경궁로(서울여자대학교),A-06,유입,성균관대입구->원남동사거리,17591.0,37.5831,127.0009,11시,1395.0
0,20170322.0,수,창경궁로(서울여자대학교),A-06,유입,성균관대입구->원남동사거리,17591.0,37.5831,127.0009,12시,1264.0
0,20170322.0,수,창경궁로(서울여자대학교),A-06,유입,성균관대입구->원남동사거리,17591.0,37.5831,127.0009,13시,1321.0
0,20170322.0,수,창경궁로(서울여자대학교),A-06,유입,성균관대입구->원남동사거리,17591.0,37.5831,127.0009,14시,1277.0
0,20170322.0,수,창경궁로(서울여자대학교),A-06,유입,성균관대입구->원남동사거리,17591.0,37.5831,127.0009,15시,1200.0
0,20170322.0,수,창경궁로(서울여자대학교),A-06,유입,성균관대입구->원남동사거리,17591.0,37.5831,127.0009,16시,1139.0
0,20170322.0,수,창경궁로(서울여자대학교),A-06,유입,성균관대입구->원남동사거리,17591.0,37.5831,127.0009,17시,1185.0
0,20170322.0,수,창경궁로(서울여자대학교),A-06,유입,성균관대입구->원남동사거리,17591.0,37.5831,127.0009,18시,1037.0
0,20170322.0,수,창경궁로(서울여자대학교),A-06,유입,성균관대입구->원남동사거리,17591.0,37.5831,127.0009,19시,905.0
0,20170322.0,수,창경궁로(서울여자대학교),A-06,유입,성균관대입구->원남동사거리,17591.0,37.5831,127.0009,20시,997.0
0,20170323.0,목,창경궁로(서울여자대학교),A-06,유입,성균관대입구->원남동사거리,17655.0,37.5831,127.0009,8시,2177.0
0,20170323.0,목,창경궁로(서울여자대학교),A-06,유입,성균관대입구->원남동사거리,17655.0,37.5831,127.0009,9시,1909.0
0,20170323.0,목,창경궁로(서울여자대학교),A-06,유입,성균관대입구->원남동사거리,17655.0,37.5831,127.0009,10시,1632.0
0,20170323.0,목,창경궁로(서울여자대학교),A-06,유입,성균관대입구->원남동사거리,17655.0,37.5831,127.0009,11시,1418.0
0,20170323.0,목,창경궁로(서울여자대학교),A-06,유입,성균관대입구->원남동사거리,17655.0,37.5831,127.0009,12시,1330.0
0,20170323.0,목,창경궁로(서울여자대학교),A-06,유입,성균관대입구->원남동사거리,17655.0,37.5831,127.0009,13시,1273.0
0,20170323.0,목,창경궁로(서울여자대학교),A-06,유입,성균관대입구->원남동사거리,17655.0,37.5831,127.0009,14시,1267.0
0,20170323.0,목,창경궁로(서울여자대학교),A-06,유입,성균관대입구->원남동사거리,17655.0,37.5831,127.0009,15시,1190.0
0,20170323.0,목,창경궁로(서울여자대학교),A-06,유입,성균관대입구->원남동사거리,17655.0,37.5831,127.0009,16시,1238.0
0,20170323.0,목,창경궁로(서울여자대학교),A-06,유입,성균관대입구->원남동사거리,17655.0,37.5831,127.0009,17시,1236.0
0,20170323.0,목,창경궁로(서울여자대학교),A-06,유입,성균관대입구->원남동사거리,17655.0,37.5831,127.0009,18시,1091.0
0,20170323.0,목,창경궁로(서울여자대학교),A-06,유입,성균관대입구->원남동사거리,17655.0,37.5831,127.0009,19시,940.0
0,20170323.0,목,창경궁로(서울여자대학교),A-06,유입,성균관대입구->원남동사거리,17655.0,37.5831,127.0009,20시,954.0
0,20170324.0,금,창경궁로(서울여자대학교),A-06,유입,성균관대입구->원남동사거리,17935.0,37.5831,127.0009,8시,2315.0
0,20170324.0,금,창경궁로(서울여자대학교),A-06,유입,성균관대입구->원남동사거리,17935.0,37.5831,127.0009,9시,1797.0
0,20170324.0,금,창경궁로(서울여자대학교),A-06,유입,성균관대입구->원남동사거리,17935.0,37.5831,127.0009,10시,1565.0
0,20170324.0,금,창경궁로(서울여자대학교),A-06,유입,성균관대입구->원남동사거리,17935.0,37.5831,127.0009,11시,1444.0
0,20170324.0,금,창경궁로(서울여자대학교),A-06,유입,성균관대입구->원남동사거리,17935.0,37.5831,127.0009,12시,1318.0
0,20170324.0,금,창경궁로(서울여자대학교),A-06,유입,성균관대입구->원남동사거리,17935.0,37.5831,127.0009,13시,1284.0
0,20170324.0,금,창경궁로(서울여자대학교),A-06,유입,성균관대입구->원남동사거리,17935.0,37.5831,127.0009,14시,1367.0
0,20170324.0,금,창경궁로(서울여자대학교),A-06,유입,성균관대입구->원남동사거리,17935.0,37.5831,127.0009,15시,1270.0
0,20170324.0,금,창경궁로(서울여자대학교),A-06,유입,성균관대입구->원남동사거리,17935.0,37.5831,127.0009,16시,1190.0
0,20170324.0,금,창경궁로(서울여자대학교),A-06,유입,성균관대입구->원남동사거리,17935.0,37.5831,127.0009,17시,1259.0
0,20170324.0,금,창경궁로(서울여자대학교),A-06,유입,성균관대입구->원남동사거리,17935.0,37.5831,127.0009,18시,1104.0
0,20170324.0,금,창경궁로(서울여자대학교),A-06,유입,성균관대입구->원남동사거리,17935.0,37.5831,127.0009,19시,980.0
0,20170324.0,금,창경궁로(서울여자대학교),A-06,유입,성균관대입구->원남동사거리,17935.0,37.5831,127.0009,20시,1042.0
0,20170325.0,토,창경궁로(서울여자대학교),A-06,유입,성균관대입구->원남동사거리,17764.0,37.5831,127.0009,8시,1614.0
0,20170325.0,토,창경궁로(서울여자대학교),A-06,유입,성균관대입구->원남동사거리,17764.0,37.5831,127.0009,9시,1650.0
0,20170325.0,토,창경궁로(서울여자대학교),A-06,유입,성균관대입구->원남동사거리,17764.0,37.5831,127.0009,10시,1688.0
0,20170325.0,토,창경궁로(서울여자대학교),A-06,유입,성균관대입구->원남동사거리,17764.0,37.5831,127.0009,11시,1737.0
0,20170325.0,토,창경궁로(서울여자대학교),A-06,유입,성균관대입구->원남동사거리,17764.0,37.5831,127.0009,12시,1629.0
0,20170325.0,토,창경궁로(서울여자대학교),A-06,유입,성균관대입구->원남동사거리,17764.0,37.5831,127.0009,13시,1532.0
0,20170325.0,토,창경궁로(서울여자대학교),A-06,유입,성균관대입구->원남동사거리,17764.0,37.5831,127.0009,14시,1372.0
0,20170325.0,토,창경궁로(서울여자대학교),A-06,유입,성균관대입구->원남동사거리,17764.0,37.5831,127.0009,15시,1293.0
0,20170325.0,토,창경궁로(서울여자대학교),A-06,유입,성균관대입구->원남동사거리,17764.0,37.5831,127.0009,16시,1230.0
0,20170325.0,토,창경궁로(서울여자대학교),A-06,유입,성균관대입구->원남동사거리,17764.0,37.5831,127.0009,17시,1097.0
0,20170325.0,토,창경궁로(서울여자대학교),A-06,유입,성균관대입구->원남동사거리,17764.0,37.5831,127.0009,18시,1033.0
0,20170325.0,토,창경궁로(서울여자대학교),A-06,유입,성균관대입구->원남동사거리,17764.0,37.5831,127.0009,19시,973.0
0,20170325.0,토,창경궁로(서울여자대학교),A-06,유입,성균관대입구->원남동사거리,17764.0,37.5831,127.0009,20시,916.0
0,20170326.0,일,창경궁로(서울여자대학교),A-06,유입,성균관대입구->원남동사거리,17135.0,37.5831,127.0009,8시,1142.0
0,20170326.0,일,창경궁로(서울여자대학교),A-06,유입,성균관대입구->원남동사거리,17135.0,37.5831,127.0009,9시,1253.0
0,20170326.0,일,창경궁로(서울여자대학교),A-06,유입,성균관대입구->원남동사거리,17135.0,37.5831,127.0009,10시,1496.0
0,20170326.0,일,창경궁로(서울여자대학교),A-06,유입,성균관대입구->원남동사거리,17135.0,37.5831,127.0009,11시,1448.0
0,20170326.0,일,창경궁로(서울여자대학교),A-06,유입,성균관대입구->원남동사거리,17135.0,37.5831,127.0009,12시,1582.0
0,20170326.0,일,창경궁로(서울여자대학교),A-06,유입,성균관대입구->원남동사거리,17135.0,37.5831,127.0009,13시,1540.0
0,20170326.0,일,창경궁로(서울여자대학교),A-06,유입,성균관대입구->원남동사거리,17135.0,37.5831,127.0009,14시,1486.0
0,20170326.0,일,창경궁로(서울여자대학교),A-06,유입,성균관대입구->원남동사거리,17135.0,37.5831,127.0009,15시,1439.0
0,20170326.0,일,창경궁로(서울여자대학교),A-06,유입,성균관대입구->원남동사거리,17135.0,37.5831,127.0009,16시,1283.0
0,20170326.0,일,창경궁로(서울여자대학교),A-06,유입,성균관대입구->원남동사거리,17135.0,37.5831,127.0009,17시,1248.0
0,20170326.0,일,창경궁로(서울여자대학교),A-06,유입,성균관대입구->원남동사거리,17135.0,37.5831,127.0009,18시,1130.0
0,20170326.0,일,창경궁로(서울여자대학교),A-06,유입,성균관대입구->원남동사거리,17135.0,37.5831,127.0009,19시,1028.0
0,20170326.0,일,창경궁로(서울여자대학교),A-06,유입,성균관대입구->원남동사거리,17135.0,37.5831,127.0009,20시,1060.0
0,20170327.0,월,창경궁로(서울여자대학교),A-06,유입,성균관대입구->원남동사거리,17015.0,37.5831,127.0009,8시,2282.0
0,20170327.0,월,창경궁로(서울여자대학교),A-06,유입,성균관대입구->원남동사거리,17015.0,37.5831,127.0009,9시,1585.0
0,20170327.0,월,창경궁로(서울여자대학교),A-06,유입,성균관대입구->원남동사거리,17015.0,37.5831,127.0009,10시,1397.0
0,20170327.0,월,창경궁로(서울여자대학교),A-06,유입,성균관대입구->원남동사거리,17015.0,37.5831,127.0009,11시,1383.0
0,20170327.0,월,창경궁로(서울여자대학교),A-06,유입,성균관대입구->원남동사거리,17015.0,37.5831,127.0009,12시,1312.0
0,20170327.0,월,창경궁로(서울여자대학교),A-06,유입,성균관대입구->원남동사거리,17015.0,37.5831,127.0009,13시,1373.0
0,20170327.0,월,창경궁로(서울여자대학교),A-06,유입,성균관대입구->원남동사거리,17015.0,37.5831,127.0009,14시,1306.0
0,20170327.0,월,창경궁로(서울여자대학교),A-06,유입,성균관대입구->원남동사거리,17015.0,37.5831,127.0009,15시,1150.0
0,20170327.0,월,창경궁로(서울여자대학교),A-06,유입,성균관대입구->원남동사거리,17015.0,37.5831,127.0009,16시,1193.0
0,20170327.0,월,창경궁로(서울여자대학교),A-06,유입,성균관대입구->원남동사거리,17015.0,37.5831,127.0009,17시,1152.0
0,20170327.0,월,창경궁로(서울여자대학교),A-06,유입,성균관대입구->원남동사거리,17015.0,37.5831,127.0009,18시,1022.0
0,20170327.0,월,창경궁로(서울여자대학교),A-06,유입,성균관대입구->원남동사거리,17015.0,37.5831,127.0009,19시,870.0
0,20170327.0,월,창경궁로(서울여자대학교),A-06,유입,성균관대입구->원남동사거리,17015.0,37.5831,127.0009,20시,990.0
0,20170328.0,화,창경궁로(서울여자대학교),A-06,유입,성균관대입구->원남동사거리,18195.0,37.5831,127.0009,8시,2444.0
0,20170328.0,화,창경궁로(서울여자대학교),A-06,유입,성균관대입구->원남동사거리,18195.0,37.5831,127.0009,9시,2013.0
0,20170328.0,화,창경궁로(서울여자대학교),A-06,유입,성균관대입구->원남동사거리,18195.0,37.5831,127.0009,10시,1634.0
0,20170328.0,화,창경궁로(서울여자대학교),A-06,유입,성균관대입구->원남동사거리,18195.0,37.5831,127.0009,11시,1409.0
0,20170328.0,화,창경궁로(서울여자대학교),A-06,유입,성균관대입구->원남동사거리,18195.0,37.5831,127.0009,12시,1344.0
0,20170328.0,화,창경궁로(서울여자대학교),A-06,유입,성균관대입구->원남동사거리,18195.0,37.5831,127.0009,13시,1322.0
0,20170328.0,화,창경궁로(서울여자대학교),A-06,유입,성균관대입구->원남동사거리,18195.0,37.5831,127.0009,14시,1329.0
0,20170328.0,화,창경궁로(서울여자대학교),A-06,유입,성균관대입구->원남동사거리,18195.0,37.5831,127.0009,15시,1197.0
0,20170328.0,화,창경궁로(서울여자대학교),A-06,유입,성균관대입구->원남동사거리,18195.0,37.5831,127.0009,16시,1280.0
0,20170328.0,화,창경궁로(서울여자대학교),A-06,유입,성균관대입구->원남동사거리,18195.0,37.5831,127.0009,17시,1163.0
0,20170328.0,화,창경궁로(서울여자대학교),A-06,유입,성균관대입구->원남동사거리,18195.0,37.5831,127.0009,18시,1128.0
0,20170328.0,화,창경궁로(서울여자대학교),A-06,유입,성균관대입구->원남동사거리,18195.0,37.5831,127.0009,19시,949.0
0,20170328.0,화,창경궁로(서울여자대학교),A-06,유입,성균관대입구->원남동사거리,18195.0,37.5831,127.0009,20시,983.0
0,20170329.0,수,창경궁로(서울여자대학교),A-06,유입,성균관대입구->원남동사거리,17748.0,37.5831,127.0009,8시,2297.0
0,20170329.0,수,창경궁로(서울여자대학교),A-06,유입,성균관대입구->원남동사거리,17748.0,37.5831,127.0009,9시,1878.0
0,20170329.0,수,창경궁로(서울여자대학교),A-06,유입,성균관대입구->원남동사거리,17748.0,37.5831,127.0009,10시,1515.0
0,20170329.0,수,창경궁로(서울여자대학교),A-06,유입,성균관대입구->원남동사거리,17748.0,37.5831,127.0009,11시,1469.0
0,20170329.0,수,창경궁로(서울여자대학교),A-06,유입,성균관대입구->원남동사거리,17748.0,37.5831,127.0009,12시,1326.0
0,20170329.0,수,창경궁로(서울여자대학교),A-06,유입,성균관대입구->원남동사거리,17748.0,37.5831,127.0009,13시,1341.0
0,20170329.0,수,창경궁로(서울여자대학교),A-06,유입,성균관대입구->원남동사거리,17748.0,37.5831,127.0009,14시,1333.0
0,20170329.0,수,창경궁로(서울여자대학교),A-06,유입,성균관대입구->원남동사거리,17748.0,37.5831,127.0009,15시,1252.0
0,20170329.0,수,창경궁로(서울여자대학교),A-06,유입,성균관대입구->원남동사거리,17748.0,37.5831,127.0009,16시,1154.0
0,20170329.0,수,창경궁로(서울여자대학교),A-06,유입,성균관대입구->원남동사거리,17748.0,37.5831,127.0009,17시,1116.0
0,20170329.0,수,창경궁로(서울여자대학교),A-06,유입,성균관대입구->원남동사거리,17748.0,37.5831,127.0009,18시,1170.0
0,20170329.0,수,창경궁로(서울여자대학교),A-06,유입,성균관대입구->원남동사거리,17748.0,37.5831,127.0009,19시,926.0
0,20170329.0,수,창경궁로(서울여자대학교),A-06,유입,성균관대입구->원남동사거리,17748.0,37.5831,127.0009,20시,971.0
0,20170330.0,목,창경궁로(서울여자대학교),A-06,유입,성균관대입구->원남동사거리,18010.0,37.5831,127.0009,8시,2396.0
0,20170330.0,목,창경궁로(서울여자대학교),A-06,유입,성균관대입구->원남동사거리,18010.0,37.5831,127.0009,9시,1934.0
0,20170330.0,목,창경궁로(서울여자대학교),A-06,유입,성균관대입구->원남동사거리,18010.0,37.5831,127.0009,10시,1605.0
0,20170330.0,목,창경궁로(서울여자대학교),A-06,유입,성균관대입구->원남동사거리,18010.0,37.5831,127.0009,11시,1417.0
0,20170330.0,목,창경궁로(서울여자대학교),A-06,유입,성균관대입구->원남동사거리,18010.0,37.5831,127.0009,12시,1355.0
0,20170330.0,목,창경궁로(서울여자대학교),A-06,유입,성균관대입구->원남동사거리,18010.0,37.5831,127.0009,13시,1334.0
0,20170330.0,목,창경궁로(서울여자대학교),A-06,유입,성균관대입구->원남동사거리,18010.0,37.5831,127.0009,14시,1329.0
0,20170330.0,목,창경궁로(서울여자대학교),A-06,유입,성균관대입구->원남동사거리,18010.0,37.5831,127.0009,15시,1216.0
0,20170330.0,목,창경궁로(서울여자대학교),A-06,유입,성균관대입구->원남동사거리,18010.0,37.5831,127.0009,16시,1166.0
0,20170330.0,목,창경궁로(서울여자대학교),A-06,유입,성균관대입구->원남동사거리,18010.0,37.5831,127.0009,17시,1212.0
0,20170330.0,목,창경궁로(서울여자대학교),A-06,유입,성균관대입구->원남동사거리,18010.0,37.5831,127.0009,18시,1107.0
0,20170330.0,목,창경궁로(서울여자대학교),A-06,유입,성균관대입구->원남동사거리,18010.0,37.5831,127.0009,19시,941.0
0,20170330.0,목,창경궁로(서울여자대학교),A-06,유입,성균관대입구->원남동사거리,18010.0,37.5831,127.0009,20시,998.0
0,20170331.0,금,창경궁로(서울여자대학교),A-06,유입,성균관대입구->원남동사거리,18284.0,37.5831,127.0009,8시,2307.0
0,20170331.0,금,창경궁로(서울여자대학교),A-06,유입,성균관대입구->원남동사거리,18284.0,37.5831,127.0009,9시,1929.0
0,20170331.0,금,창경궁로(서울여자대학교),A-06,유입,성균관대입구->원남동사거리,18284.0,37.5831,127.0009,10시,1658.0
0,20170331.0,금,창경궁로(서울여자대학교),A-06,유입,성균관대입구->원남동사거리,18284.0,37.5831,127.0009,11시,1406.0
0,20170331.0,금,창경궁로(서울여자대학교),A-06,유입,성균관대입구->원남동사거리,18284.0,37.5831,127.0009,12시,1363.0
0,20170331.0,금,창경궁로(서울여자대학교),A-06,유입,성균관대입구->원남동사거리,18284.0,37.5831,127.0009,13시,1330.0
0,20170331.0,금,창경궁로(서울여자대학교),A-06,유입,성균관대입구->원남동사거리,18284.0,37.5831,127.0009,14시,1233.0
0,20170331.0,금,창경궁로(서울여자대학교),A-06,유입,성균관대입구->원남동사거리,18284.0,37.5831,127.0009,15시,1294.0
0,20170331.0,금,창경궁로(서울여자대학교),A-06,유입,성균관대입구->원남동사거리,18284.0,37.5831,127.0009,16시,1308.0
0,20170331.0,금,창경궁로(서울여자대학교),A-06,유입,성균관대입구->원남동사거리,18284.0,37.5831,127.0009,17시,1212.0
0,20170331.0,금,창경궁로(서울여자대학교),A-06,유입,성균관대입구->원남동사거리,18284.0,37.5831,127.0009,18시,1161.0
0,20170331.0,금,창경궁로(서울여자대학교),A-06,유입,성균관대입구->원남동사거리,18284.0,37.5831,127.0009,19시,1031.0
0,20170331.0,금,창경궁로(서울여자대학교),A-06,유입,성균관대입구->원남동사거리,18284.0,37.5831,127.0009,20시,1052.0
0,20170301.0,수,창경궁로(서울여자대학교),A-06,유출,원남동사거리->성균관대입구,8333.0,37.5831,127.0009,8시,390.0
0,20170301.0,수,창경궁로(서울여자대학교),A-06,유출,원남동사거리->성균관대입구,8333.0,37.5831,127.0009,9시,479.0
0,20170301.0,수,창경궁로(서울여자대학교),A-06,유출,원남동사거리->성균관대입구,8333.0,37.5831,127.0009,10시,521.0
0,20170301.0,수,창경궁로(서울여자대학교),A-06,유출,원남동사거리->성균관대입구,8333.0,37.5831,127.0009,11시,559.0
0,20170301.0,수,창경궁로(서울여자대학교),A-06,유출,원남동사거리->성균관대입구,8333.0,37.5831,127.0009,12시,578.0
0,20170301.0,수,창경궁로(서울여자대학교),A-06,유출,원남동사거리->성균관대입구,8333.0,37.5831,127.0009,13시,656.0
0,20170301.0,수,창경궁로(서울여자대학교),A-06,유출,원남동사거리->성균관대입구,8333.0,37.5831,127.0009,14시,616.0
0,20170301.0,수,창경궁로(서울여자대학교),A-06,유출,원남동사거리->성균관대입구,8333.0,37.5831,127.0009,15시,1054.0
0,20170301.0,수,창경궁로(서울여자대학교),A-06,유출,원남동사거리->성균관대입구,8333.0,37.5831,127.0009,16시,1105.0
0,20170301.0,수,창경궁로(서울여자대학교),A-06,유출,원남동사거리->성균관대입구,8333.0,37.5831,127.0009,17시,665.0
0,20170301.0,수,창경궁로(서울여자대학교),A-06,유출,원남동사거리->성균관대입구,8333.0,37.5831,127.0009,18시,689.0
0,20170301.0,수,창경궁로(서울여자대학교),A-06,유출,원남동사거리->성균관대입구,8333.0,37.5831,127.0009,19시,403.0
0,20170301.0,수,창경궁로(서울여자대학교),A-06,유출,원남동사거리->성균관대입구,8333.0,37.5831,127.0009,20시,618.0
0,20170302.0,목,창경궁로(서울여자대학교),A-06,유출,원남동사거리->성균관대입구,11803.0,37.5831,127.0009,8시,671.0
0,20170302.0,목,창경궁로(서울여자대학교),A-06,유출,원남동사거리->성균관대입구,11803.0,37.5831,127.0009,9시,681.0
0,20170302.0,목,창경궁로(서울여자대학교),A-06,유출,원남동사거리->성균관대입구,11803.0,37.5831,127.0009,10시,797.0
0,20170302.0,목,창경궁로(서울여자대학교),A-06,유출,원남동사거리->성균관대입구,11803.0,37.5831,127.0009,11시,856.0
0,20170302.0,목,창경궁로(서울여자대학교),A-06,유출,원남동사거리->성균관대입구,11803.0,37.5831,127.0009,12시,836.0
0,20170302.0,목,창경궁로(서울여자대학교),A-06,유출,원남동사거리->성균관대입구,11803.0,37.5831,127.0009,13시,809.0
0,20170302.0,목,창경궁로(서울여자대학교),A-06,유출,원남동사거리->성균관대입구,11803.0,37.5831,127.0009,14시,912.0
0,20170302.0,목,창경궁로(서울여자대학교),A-06,유출,원남동사거리->성균관대입구,11803.0,37.5831,127.0009,15시,992.0
0,20170302.0,목,창경궁로(서울여자대학교),A-06,유출,원남동사거리->성균관대입구,11803.0,37.5831,127.0009,16시,1022.0
0,20170302.0,목,창경궁로(서울여자대학교),A-06,유출,원남동사거리->성균관대입구,11803.0,37.5831,127.0009,17시,1013.0
0,20170302.0,목,창경궁로(서울여자대학교),A-06,유출,원남동사거리->성균관대입구,11803.0,37.5831,127.0009,18시,1164.0
0,20170302.0,목,창경궁로(서울여자대학교),A-06,유출,원남동사거리->성균관대입구,11803.0,37.5831,127.0009,19시,1044.0
0,20170302.0,목,창경궁로(서울여자대학교),A-06,유출,원남동사거리->성균관대입구,11803.0,37.5831,127.0009,20시,1006.0
0,20170303.0,금,창경궁로(서울여자대학교),A-06,유출,원남동사거리->성균관대입구,11438.0,37.5831,127.0009,8시,658.0
0,20170303.0,금,창경궁로(서울여자대학교),A-06,유출,원남동사거리->성균관대입구,11438.0,37.5831,127.0009,9시,628.0
0,20170303.0,금,창경궁로(서울여자대학교),A-06,유출,원남동사거리->성균관대입구,11438.0,37.5831,127.0009,10시,706.0
0,20170303.0,금,창경궁로(서울여자대학교),A-06,유출,원남동사거리->성균관대입구,11438.0,37.5831,127.0009,11시,815.0
0,20170303.0,금,창경궁로(서울여자대학교),A-06,유출,원남동사거리->성균관대입구,11438.0,37.5831,127.0009,12시,854.0
0,20170303.0,금,창경궁로(서울여자대학교),A-06,유출,원남동사거리->성균관대입구,11438.0,37.5831,127.0009,13시,792.0
0,20170303.0,금,창경궁로(서울여자대학교),A-06,유출,원남동사거리->성균관대입구,11438.0,37.5831,127.0009,14시,853.0
0,20170303.0,금,창경궁로(서울여자대학교),A-06,유출,원남동사거리->성균관대입구,11438.0,37.5831,127.0009,15시,929.0
0,20170303.0,금,창경궁로(서울여자대학교),A-06,유출,원남동사거리->성균관대입구,11438.0,37.5831,127.0009,16시,998.0
0,20170303.0,금,창경궁로(서울여자대학교),A-06,유출,원남동사거리->성균관대입구,11438.0,37.5831,127.0009,17시,1028.0
0,20170303.0,금,창경궁로(서울여자대학교),A-06,유출,원남동사거리->성균관대입구,11438.0,37.5831,127.0009,18시,1101.0
0,20170303.0,금,창경궁로(서울여자대학교),A-06,유출,원남동사거리->성균관대입구,11438.0,37.5831,127.0009,19시,1107.0
0,20170303.0,금,창경궁로(서울여자대학교),A-06,유출,원남동사거리->성균관대입구,11438.0,37.5831,127.0009,20시,969.0
0,20170304.0,토,창경궁로(서울여자대학교),A-06,유출,원남동사거리->성균관대입구,8864.0,37.5831,127.0009,8시,565.0
0,20170304.0,토,창경궁로(서울여자대학교),A-06,유출,원남동사거리->성균관대입구,8864.0,37.5831,127.0009,9시,678.0
0,20170304.0,토,창경궁로(서울여자대학교),A-06,유출,원남동사거리->성균관대입구,8864.0,37.5831,127.0009,10시,666.0
0,20170304.0,토,창경궁로(서울여자대학교),A-06,유출,원남동사거리->성균관대입구,8864.0,37.5831,127.0009,11시,747.0
0,20170304.0,토,창경궁로(서울여자대학교),A-06,유출,원남동사거리->성균관대입구,8864.0,37.5831,127.0009,12시,818.0
0,20170304.0,토,창경궁로(서울여자대학교),A-06,유출,원남동사거리->성균관대입구,8864.0,37.5831,127.0009,13시,690.0
0,20170304.0,토,창경궁로(서울여자대학교),A-06,유출,원남동사거리->성균관대입구,8864.0,37.5831,127.0009,14시,654.0
0,20170304.0,토,창경궁로(서울여자대학교),A-06,유출,원남동사거리->성균관대입구,8864.0,37.5831,127.0009,15시,707.0
0,20170304.0,토,창경궁로(서울여자대학교),A-06,유출,원남동사거리->성균관대입구,8864.0,37.5831,127.0009,16시,656.0
0,20170304.0,토,창경궁로(서울여자대학교),A-06,유출,원남동사거리->성균관대입구,8864.0,37.5831,127.0009,17시,770.0
0,20170304.0,토,창경궁로(서울여자대학교),A-06,유출,원남동사거리->성균관대입구,8864.0,37.5831,127.0009,18시,694.0
0,20170304.0,토,창경궁로(서울여자대학교),A-06,유출,원남동사거리->성균관대입구,8864.0,37.5831,127.0009,19시,692.0
0,20170304.0,토,창경궁로(서울여자대학교),A-06,유출,원남동사거리->성균관대입구,8864.0,37.5831,127.0009,20시,527.0
0,20170305.0,일,창경궁로(서울여자대학교),A-06,유출,원남동사거리->성균관대입구,9982.0,37.5831,127.0009,8시,370.0
0,20170305.0,일,창경궁로(서울여자대학교),A-06,유출,원남동사거리->성균관대입구,9982.0,37.5831,127.0009,9시,448.0
0,20170305.0,일,창경궁로(서울여자대학교),A-06,유출,원남동사거리->성균관대입구,9982.0,37.5831,127.0009,10시,513.0
0,20170305.0,일,창경궁로(서울여자대학교),A-06,유출,원남동사거리->성균관대입구,9982.0,37.5831,127.0009,11시,577.0
0,20170305.0,일,창경궁로(서울여자대학교),A-06,유출,원남동사거리->성균관대입구,9982.0,37.5831,127.0009,12시,752.0
0,20170305.0,일,창경궁로(서울여자대학교),A-06,유출,원남동사거리->성균관대입구,9982.0,37.5831,127.0009,13시,807.0
0,20170305.0,일,창경궁로(서울여자대학교),A-06,유출,원남동사거리->성균관대입구,9982.0,37.5831,127.0009,14시,960.0
0,20170305.0,일,창경궁로(서울여자대학교),A-06,유출,원남동사거리->성균관대입구,9982.0,37.5831,127.0009,15시,925.0
0,20170305.0,일,창경궁로(서울여자대학교),A-06,유출,원남동사거리->성균관대입구,9982.0,37.5831,127.0009,16시,992.0
0,20170305.0,일,창경궁로(서울여자대학교),A-06,유출,원남동사거리->성균관대입구,9982.0,37.5831,127.0009,17시,1001.0
0,20170305.0,일,창경궁로(서울여자대학교),A-06,유출,원남동사거리->성균관대입구,9982.0,37.5831,127.0009,18시,964.0
0,20170305.0,일,창경궁로(서울여자대학교),A-06,유출,원남동사거리->성균관대입구,9982.0,37.5831,127.0009,19시,851.0
0,20170305.0,일,창경궁로(서울여자대학교),A-06,유출,원남동사거리->성균관대입구,9982.0,37.5831,127.0009,20시,822.0
0,20170306.0,월,창경궁로(서울여자대학교),A-06,유출,원남동사거리->성균관대입구,11631.0,37.5831,127.0009,8시,630.0
0,20170306.0,월,창경궁로(서울여자대학교),A-06,유출,원남동사거리->성균관대입구,11631.0,37.5831,127.0009,9시,621.0
0,20170306.0,월,창경궁로(서울여자대학교),A-06,유출,원남동사거리->성균관대입구,11631.0,37.5831,127.0009,10시,658.0
0,20170306.0,월,창경궁로(서울여자대학교),A-06,유출,원남동사거리->성균관대입구,11631.0,37.5831,127.0009,11시,827.0
0,20170306.0,월,창경궁로(서울여자대학교),A-06,유출,원남동사거리->성균관대입구,11631.0,37.5831,127.0009,12시,856.0
0,20170306.0,월,창경궁로(서울여자대학교),A-06,유출,원남동사거리->성균관대입구,11631.0,37.5831,127.0009,13시,812.0
0,20170306.0,월,창경궁로(서울여자대학교),A-06,유출,원남동사거리->성균관대입구,11631.0,37.5831,127.0009,14시,895.0
0,20170306.0,월,창경궁로(서울여자대학교),A-06,유출,원남동사거리->성균관대입구,11631.0,37.5831,127.0009,15시,974.0
0,20170306.0,월,창경궁로(서울여자대학교),A-06,유출,원남동사거리->성균관대입구,11631.0,37.5831,127.0009,16시,1021.0
0,20170306.0,월,창경궁로(서울여자대학교),A-06,유출,원남동사거리->성균관대입구,11631.0,37.5831,127.0009,17시,1072.0
0,20170306.0,월,창경궁로(서울여자대학교),A-06,유출,원남동사거리->성균관대입구,11631.0,37.5831,127.0009,18시,1128.0
0,20170306.0,월,창경궁로(서울여자대학교),A-06,유출,원남동사거리->성균관대입구,11631.0,37.5831,127.0009,19시,1182.0
0,20170306.0,월,창경궁로(서울여자대학교),A-06,유출,원남동사거리->성균관대입구,11631.0,37.5831,127.0009,20시,955.0
0,20170307.0,화,창경궁로(서울여자대학교),A-06,유출,원남동사거리->성균관대입구,11828.0,37.5831,127.0009,8시,666.0
0,20170307.0,화,창경궁로(서울여자대학교),A-06,유출,원남동사거리->성균관대입구,11828.0,37.5831,127.0009,9시,595.0
0,20170307.0,화,창경궁로(서울여자대학교),A-06,유출,원남동사거리->성균관대입구,11828.0,37.5831,127.0009,10시,807.0
0,20170307.0,화,창경궁로(서울여자대학교),A-06,유출,원남동사거리->성균관대입구,11828.0,37.5831,127.0009,11시,834.0
0,20170307.0,화,창경궁로(서울여자대학교),A-06,유출,원남동사거리->성균관대입구,11828.0,37.5831,127.0009,12시,857.0
0,20170307.0,화,창경궁로(서울여자대학교),A-06,유출,원남동사거리->성균관대입구,11828.0,37.5831,127.0009,13시,867.0
0,20170307.0,화,창경궁로(서울여자대학교),A-06,유출,원남동사거리->성균관대입구,11828.0,37.5831,127.0009,14시,808.0
0,20170307.0,화,창경궁로(서울여자대학교),A-06,유출,원남동사거리->성균관대입구,11828.0,37.5831,127.0009,15시,1015.0
0,20170307.0,화,창경궁로(서울여자대학교),A-06,유출,원남동사거리->성균관대입구,11828.0,37.5831,127.0009,16시,988.0
0,20170307.0,화,창경궁로(서울여자대학교),A-06,유출,원남동사거리->성균관대입구,11828.0,37.5831,127.0009,17시,1047.0
0,20170307.0,화,창경궁로(서울여자대학교),A-06,유출,원남동사거리->성균관대입구,11828.0,37.5831,127.0009,18시,1146.0
0,20170307.0,화,창경궁로(서울여자대학교),A-06,유출,원남동사거리->성균관대입구,11828.0,37.5831,127.0009,19시,1121.0
0,20170307.0,화,창경궁로(서울여자대학교),A-06,유출,원남동사거리->성균관대입구,11828.0,37.5831,127.0009,20시,1077.0
0,20170308.0,수,창경궁로(서울여자대학교),A-06,유출,원남동사거리->성균관대입구,11008.0,37.5831,127.0009,8시,87.0
0,20170308.0,수,창경궁로(서울여자대학교),A-06,유출,원남동사거리->성균관대입구,11008.0,37.5831,127.0009,9시,679.0
0,20170308.0,수,창경궁로(서울여자대학교),A-06,유출,원남동사거리->성균관대입구,11008.0,37.5831,127.0009,10시,674.0
0,20170308.0,수,창경궁로(서울여자대학교),A-06,유출,원남동사거리->성균관대입구,11008.0,37.5831,127.0009,11시,834.0
0,20170308.0,수,창경궁로(서울여자대학교),A-06,유출,원남동사거리->성균관대입구,11008.0,37.5831,127.0009,12시,812.0
0,20170308.0,수,창경궁로(서울여자대학교),A-06,유출,원남동사거리->성균관대입구,11008.0,37.5831,127.0009,13시,775.0
0,20170308.0,수,창경궁로(서울여자대학교),A-06,유출,원남동사거리->성균관대입구,11008.0,37.5831,127.0009,14시,845.0
0,20170308.0,수,창경궁로(서울여자대학교),A-06,유출,원남동사거리->성균관대입구,11008.0,37.5831,127.0009,15시,927.0
0,20170308.0,수,창경궁로(서울여자대학교),A-06,유출,원남동사거리->성균관대입구,11008.0,37.5831,127.0009,16시,965.0
0,20170308.0,수,창경궁로(서울여자대학교),A-06,유출,원남동사거리->성균관대입구,11008.0,37.5831,127.0009,17시,1011.0
0,20170308.0,수,창경궁로(서울여자대학교),A-06,유출,원남동사거리->성균관대입구,11008.0,37.5831,127.0009,18시,1174.0
0,20170308.0,수,창경궁로(서울여자대학교),A-06,유출,원남동사거리->성균관대입구,11008.0,37.5831,127.0009,19시,1108.0
0,20170308.0,수,창경궁로(서울여자대학교),A-06,유출,원남동사거리->성균관대입구,11008.0,37.5831,127.0009,20시,1117.0
0,20170309.0,목,창경궁로(서울여자대학교),A-06,유출,원남동사거리->성균관대입구,10816.0,37.5831,127.0009,8시,704.0
0,20170309.0,목,창경궁로(서울여자대학교),A-06,유출,원남동사거리->성균관대입구,10816.0,37.5831,127.0009,9시,646.0
0,20170309.0,목,창경궁로(서울여자대학교),A-06,유출,원남동사거리->성균관대입구,10816.0,37.5831,127.0009,10시,677.0
0,20170309.0,목,창경궁로(서울여자대학교),A-06,유출,원남동사거리->성균관대입구,10816.0,37.5831,127.0009,11시,736.0
0,20170309.0,목,창경궁로(서울여자대학교),A-06,유출,원남동사거리->성균관대입구,10816.0,37.5831,127.0009,12시,741.0
0,20170309.0,목,창경궁로(서울여자대학교),A-06,유출,원남동사거리->성균관대입구,10816.0,37.5831,127.0009,13시,725.0
0,20170309.0,목,창경궁로(서울여자대학교),A-06,유출,원남동사거리->성균관대입구,10816.0,37.5831,127.0009,14시,905.0
0,20170309.0,목,창경궁로(서울여자대학교),A-06,유출,원남동사거리->성균관대입구,10816.0,37.5831,127.0009,15시,957.0
0,20170309.0,목,창경궁로(서울여자대학교),A-06,유출,원남동사거리->성균관대입구,10816.0,37.5831,127.0009,16시,892.0
0,20170309.0,목,창경궁로(서울여자대학교),A-06,유출,원남동사거리->성균관대입구,10816.0,37.5831,127.0009,17시,858.0
0,20170309.0,목,창경궁로(서울여자대학교),A-06,유출,원남동사거리->성균관대입구,10816.0,37.5831,127.0009,18시,1032.0
0,20170309.0,목,창경궁로(서울여자대학교),A-06,유출,원남동사거리->성균관대입구,10816.0,37.5831,127.0009,19시,956.0
0,20170309.0,목,창경궁로(서울여자대학교),A-06,유출,원남동사거리->성균관대입구,10816.0,37.5831,127.0009,20시,987.0
0,20170310.0,금,창경궁로(서울여자대학교),A-06,유출,원남동사거리->성균관대입구,10414.0,37.5831,127.0009,8시,540.0
0,20170310.0,금,창경궁로(서울여자대학교),A-06,유출,원남동사거리->성균관대입구,10414.0,37.5831,127.0009,9시,646.0
0,20170310.0,금,창경궁로(서울여자대학교),A-06,유출,원남동사거리->성균관대입구,10414.0,37.5831,127.0009,10시,664.0
0,20170310.0,금,창경궁로(서울여자대학교),A-06,유출,원남동사거리->성균관대입구,10414.0,37.5831,127.0009,11시,754.0
0,20170310.0,금,창경궁로(서울여자대학교),A-06,유출,원남동사거리->성균관대입구,10414.0,37.5831,127.0009,12시,801.0
0,20170310.0,금,창경궁로(서울여자대학교),A-06,유출,원남동사거리->성균관대입구,10414.0,37.5831,127.0009,13시,728.0
0,20170310.0,금,창경궁로(서울여자대학교),A-06,유출,원남동사거리->성균관대입구,10414.0,37.5831,127.0009,14시,760.0
0,20170310.0,금,창경궁로(서울여자대학교),A-06,유출,원남동사거리->성균관대입구,10414.0,37.5831,127.0009,15시,885.0
0,20170310.0,금,창경궁로(서울여자대학교),A-06,유출,원남동사거리->성균관대입구,10414.0,37.5831,127.0009,16시,880.0
0,20170310.0,금,창경궁로(서울여자대학교),A-06,유출,원남동사거리->성균관대입구,10414.0,37.5831,127.0009,17시,967.0
0,20170310.0,금,창경궁로(서울여자대학교),A-06,유출,원남동사거리->성균관대입구,10414.0,37.5831,127.0009,18시,917.0
0,20170310.0,금,창경궁로(서울여자대학교),A-06,유출,원남동사거리->성균관대입구,10414.0,37.5831,127.0009,19시,1035.0
0,20170310.0,금,창경궁로(서울여자대학교),A-06,유출,원남동사거리->성균관대입구,10414.0,37.5831,127.0009,20시,837.0
0,20170311.0,토,창경궁로(서울여자대학교),A-06,유출,원남동사거리->성균관대입구,8935.0,37.5831,127.0009,8시,568.0
0,20170311.0,토,창경궁로(서울여자대학교),A-06,유출,원남동사거리->성균관대입구,8935.0,37.5831,127.0009,9시,636.0
0,20170311.0,토,창경궁로(서울여자대학교),A-06,유출,원남동사거리->성균관대입구,8935.0,37.5831,127.0009,10시,676.0
0,20170311.0,토,창경궁로(서울여자대학교),A-06,유출,원남동사거리->성균관대입구,8935.0,37.5831,127.0009,11시,681.0
0,20170311.0,토,창경궁로(서울여자대학교),A-06,유출,원남동사거리->성균관대입구,8935.0,37.5831,127.0009,12시,821.0
0,20170311.0,토,창경궁로(서울여자대학교),A-06,유출,원남동사거리->성균관대입구,8935.0,37.5831,127.0009,13시,738.0
0,20170311.0,토,창경궁로(서울여자대학교),A-06,유출,원남동사거리->성균관대입구,8935.0,37.5831,127.0009,14시,718.0
0,20170311.0,토,창경궁로(서울여자대학교),A-06,유출,원남동사거리->성균관대입구,8935.0,37.5831,127.0009,15시,717.0
0,20170311.0,토,창경궁로(서울여자대학교),A-06,유출,원남동사거리->성균관대입구,8935.0,37.5831,127.0009,16시,610.0
0,20170311.0,토,창경궁로(서울여자대학교),A-06,유출,원남동사거리->성균관대입구,8935.0,37.5831,127.0009,17시,741.0
0,20170311.0,토,창경궁로(서울여자대학교),A-06,유출,원남동사거리->성균관대입구,8935.0,37.5831,127.0009,18시,828.0
0,20170311.0,토,창경궁로(서울여자대학교),A-06,유출,원남동사거리->성균관대입구,8935.0,37.5831,127.0009,19시,674.0
0,20170311.0,토,창경궁로(서울여자대학교),A-06,유출,원남동사거리->성균관대입구,8935.0,37.5831,127.0009,20시,527.0
0,20170312.0,일,창경궁로(서울여자대학교),A-06,유출,원남동사거리->성균관대입구,9953.0,37.5831,127.0009,8시,385.0
0,20170312.0,일,창경궁로(서울여자대학교),A-06,유출,원남동사거리->성균관대입구,9953.0,37.5831,127.0009,9시,545.0
0,20170312.0,일,창경궁로(서울여자대학교),A-06,유출,원남동사거리->성균관대입구,9953.0,37.5831,127.0009,10시,606.0
0,20170312.0,일,창경궁로(서울여자대학교),A-06,유출,원남동사거리->성균관대입구,9953.0,37.5831,127.0009,11시,561.0
0,20170312.0,일,창경궁로(서울여자대학교),A-06,유출,원남동사거리->성균관대입구,9953.0,37.5831,127.0009,12시,737.0
0,20170312.0,일,창경궁로(서울여자대학교),A-06,유출,원남동사거리->성균관대입구,9953.0,37.5831,127.0009,13시,821.0
0,20170312.0,일,창경궁로(서울여자대학교),A-06,유출,원남동사거리->성균관대입구,9953.0,37.5831,127.0009,14시,926.0
0,20170312.0,일,창경궁로(서울여자대학교),A-06,유출,원남동사거리->성균관대입구,9953.0,37.5831,127.0009,15시,963.0
0,20170312.0,일,창경궁로(서울여자대학교),A-06,유출,원남동사거리->성균관대입구,9953.0,37.5831,127.0009,16시,950.0
0,20170312.0,일,창경궁로(서울여자대학교),A-06,유출,원남동사거리->성균관대입구,9953.0,37.5831,127.0009,17시,1042.0
0,20170312.0,일,창경궁로(서울여자대학교),A-06,유출,원남동사거리->성균관대입구,9953.0,37.5831,127.0009,18시,915.0
0,20170312.0,일,창경궁로(서울여자대학교),A-06,유출,원남동사거리->성균관대입구,9953.0,37.5831,127.0009,19시,752.0
0,20170312.0,일,창경궁로(서울여자대학교),A-06,유출,원남동사거리->성균관대입구,9953.0,37.5831,127.0009,20시,750.0
0,20170313.0,월,창경궁로(서울여자대학교),A-06,유출,원남동사거리->성균관대입구,11593.0,37.5831,127.0009,8시,633.0
0,20170313.0,월,창경궁로(서울여자대학교),A-06,유출,원남동사거리->성균관대입구,11593.0,37.5831,127.0009,9시,666.0
0,20170313.0,월,창경궁로(서울여자대학교),A-06,유출,원남동사거리->성균관대입구,11593.0,37.5831,127.0009,10시,713.0
0,20170313.0,월,창경궁로(서울여자대학교),A-06,유출,원남동사거리->성균관대입구,11593.0,37.5831,127.0009,11시,848.0
0,20170313.0,월,창경궁로(서울여자대학교),A-06,유출,원남동사거리->성균관대입구,11593.0,37.5831,127.0009,12시,784.0
0,20170313.0,월,창경궁로(서울여자대학교),A-06,유출,원남동사거리->성균관대입구,11593.0,37.5831,127.0009,13시,779.0
0,20170313.0,월,창경궁로(서울여자대학교),A-06,유출,원남동사거리->성균관대입구,11593.0,37.5831,127.0009,14시,865.0
0,20170313.0,월,창경궁로(서울여자대학교),A-06,유출,원남동사거리->성균관대입구,11593.0,37.5831,127.0009,15시,1013.0
0,20170313.0,월,창경궁로(서울여자대학교),A-06,유출,원남동사거리->성균관대입구,11593.0,37.5831,127.0009,16시,994.0
0,20170313.0,월,창경궁로(서울여자대학교),A-06,유출,원남동사거리->성균관대입구,11593.0,37.5831,127.0009,17시,1023.0
0,20170313.0,월,창경궁로(서울여자대학교),A-06,유출,원남동사거리->성균관대입구,11593.0,37.5831,127.0009,18시,1170.0
0,20170313.0,월,창경궁로(서울여자대학교),A-06,유출,원남동사거리->성균관대입구,11593.0,37.5831,127.0009,19시,1167.0
0,20170313.0,월,창경궁로(서울여자대학교),A-06,유출,원남동사거리->성균관대입구,11593.0,37.5831,127.0009,20시,938.0
0,20170314.0,화,창경궁로(서울여자대학교),A-06,유출,원남동사거리->성균관대입구,11910.0,37.5831,127.0009,8시,669.0
0,20170314.0,화,창경궁로(서울여자대학교),A-06,유출,원남동사거리->성균관대입구,11910.0,37.5831,127.0009,9시,645.0
0,20170314.0,화,창경궁로(서울여자대학교),A-06,유출,원남동사거리->성균관대입구,11910.0,37.5831,127.0009,10시,724.0
0,20170314.0,화,창경궁로(서울여자대학교),A-06,유출,원남동사거리->성균관대입구,11910.0,37.5831,127.0009,11시,823.0
0,20170314.0,화,창경궁로(서울여자대학교),A-06,유출,원남동사거리->성균관대입구,11910.0,37.5831,127.0009,12시,797.0
0,20170314.0,화,창경궁로(서울여자대학교),A-06,유출,원남동사거리->성균관대입구,11910.0,37.5831,127.0009,13시,802.0
0,20170314.0,화,창경궁로(서울여자대학교),A-06,유출,원남동사거리->성균관대입구,11910.0,37.5831,127.0009,14시,891.0
0,20170314.0,화,창경궁로(서울여자대학교),A-06,유출,원남동사거리->성균관대입구,11910.0,37.5831,127.0009,15시,982.0
0,20170314.0,화,창경궁로(서울여자대학교),A-06,유출,원남동사거리->성균관대입구,11910.0,37.5831,127.0009,16시,1037.0
0,20170314.0,화,창경궁로(서울여자대학교),A-06,유출,원남동사거리->성균관대입구,11910.0,37.5831,127.0009,17시,1069.0
0,20170314.0,화,창경궁로(서울여자대학교),A-06,유출,원남동사거리->성균관대입구,11910.0,37.5831,127.0009,18시,1116.0
0,20170314.0,화,창경궁로(서울여자대학교),A-06,유출,원남동사거리->성균관대입구,11910.0,37.5831,127.0009,19시,1198.0
0,20170314.0,화,창경궁로(서울여자대학교),A-06,유출,원남동사거리->성균관대입구,11910.0,37.5831,127.0009,20시,1157.0
0,20170315.0,수,창경궁로(서울여자대학교),A-06,유출,원남동사거리->성균관대입구,11556.0,37.5831,127.0009,8시,622.0
0,20170315.0,수,창경궁로(서울여자대학교),A-06,유출,원남동사거리->성균관대입구,11556.0,37.5831,127.0009,9시,676.0
0,20170315.0,수,창경궁로(서울여자대학교),A-06,유출,원남동사거리->성균관대입구,11556.0,37.5831,127.0009,10시,757.0
0,20170315.0,수,창경궁로(서울여자대학교),A-06,유출,원남동사거리->성균관대입구,11556.0,37.5831,127.0009,11시,799.0
0,20170315.0,수,창경궁로(서울여자대학교),A-06,유출,원남동사거리->성균관대입구,11556.0,37.5831,127.0009,12시,813.0
0,20170315.0,수,창경궁로(서울여자대학교),A-06,유출,원남동사거리->성균관대입구,11556.0,37.5831,127.0009,13시,784.0
0,20170315.0,수,창경궁로(서울여자대학교),A-06,유출,원남동사거리->성균관대입구,11556.0,37.5831,127.0009,14시,821.0
0,20170315.0,수,창경궁로(서울여자대학교),A-06,유출,원남동사거리->성균관대입구,11556.0,37.5831,127.0009,15시,965.0
0,20170315.0,수,창경궁로(서울여자대학교),A-06,유출,원남동사거리->성균관대입구,11556.0,37.5831,127.0009,16시,1028.0
0,20170315.0,수,창경궁로(서울여자대학교),A-06,유출,원남동사거리->성균관대입구,11556.0,37.5831,127.0009,17시,1001.0
0,20170315.0,수,창경궁로(서울여자대학교),A-06,유출,원남동사거리->성균관대입구,11556.0,37.5831,127.0009,18시,1163.0
0,20170315.0,수,창경궁로(서울여자대학교),A-06,유출,원남동사거리->성균관대입구,11556.0,37.5831,127.0009,19시,1124.0
0,20170315.0,수,창경궁로(서울여자대학교),A-06,유출,원남동사거리->성균관대입구,11556.0,37.5831,127.0009,20시,1003.0
0,20170316.0,목,창경궁로(서울여자대학교),A-06,유출,원남동사거리->성균관대입구,11858.0,37.5831,127.0009,8시,641.0
0,20170316.0,목,창경궁로(서울여자대학교),A-06,유출,원남동사거리->성균관대입구,11858.0,37.5831,127.0009,9시,709.0
0,20170316.0,목,창경궁로(서울여자대학교),A-06,유출,원남동사거리->성균관대입구,11858.0,37.5831,127.0009,10시,775.0
0,20170316.0,목,창경궁로(서울여자대학교),A-06,유출,원남동사거리->성균관대입구,11858.0,37.5831,127.0009,11시,850.0
0,20170316.0,목,창경궁로(서울여자대학교),A-06,유출,원남동사거리->성균관대입구,11858.0,37.5831,127.0009,12시,832.0
0,20170316.0,목,창경궁로(서울여자대학교),A-06,유출,원남동사거리->성균관대입구,11858.0,37.5831,127.0009,13시,817.0
0,20170316.0,목,창경궁로(서울여자대학교),A-06,유출,원남동사거리->성균관대입구,11858.0,37.5831,127.0009,14시,863.0
0,20170316.0,목,창경궁로(서울여자대학교),A-06,유출,원남동사거리->성균관대입구,11858.0,37.5831,127.0009,15시,1022.0
0,20170316.0,목,창경궁로(서울여자대학교),A-06,유출,원남동사거리->성균관대입구,11858.0,37.5831,127.0009,16시,1017.0
0,20170316.0,목,창경궁로(서울여자대학교),A-06,유출,원남동사거리->성균관대입구,11858.0,37.5831,127.0009,17시,1078.0
0,20170316.0,목,창경궁로(서울여자대학교),A-06,유출,원남동사거리->성균관대입구,11858.0,37.5831,127.0009,18시,1128.0
0,20170316.0,목,창경궁로(서울여자대학교),A-06,유출,원남동사거리->성균관대입구,11858.0,37.5831,127.0009,19시,1158.0
0,20170316.0,목,창경궁로(서울여자대학교),A-06,유출,원남동사거리->성균관대입구,11858.0,37.5831,127.0009,20시,968.0
0,20170317.0,금,창경궁로(서울여자대학교),A-06,유출,원남동사거리->성균관대입구,11777.0,37.5831,127.0009,8시,668.0
0,20170317.0,금,창경궁로(서울여자대학교),A-06,유출,원남동사거리->성균관대입구,11777.0,37.5831,127.0009,9시,704.0
0,20170317.0,금,창경궁로(서울여자대학교),A-06,유출,원남동사거리->성균관대입구,11777.0,37.5831,127.0009,10시,808.0
0,20170317.0,금,창경궁로(서울여자대학교),A-06,유출,원남동사거리->성균관대입구,11777.0,37.5831,127.0009,11시,911.0
0,20170317.0,금,창경궁로(서울여자대학교),A-06,유출,원남동사거리->성균관대입구,11777.0,37.5831,127.0009,12시,855.0
0,20170317.0,금,창경궁로(서울여자대학교),A-06,유출,원남동사거리->성균관대입구,11777.0,37.5831,127.0009,13시,860.0
0,20170317.0,금,창경궁로(서울여자대학교),A-06,유출,원남동사거리->성균관대입구,11777.0,37.5831,127.0009,14시,849.0
0,20170317.0,금,창경궁로(서울여자대학교),A-06,유출,원남동사거리->성균관대입구,11777.0,37.5831,127.0009,15시,882.0
0,20170317.0,금,창경궁로(서울여자대학교),A-06,유출,원남동사거리->성균관대입구,11777.0,37.5831,127.0009,16시,985.0
0,20170317.0,금,창경궁로(서울여자대학교),A-06,유출,원남동사거리->성균관대입구,11777.0,37.5831,127.0009,17시,1056.0
0,20170317.0,금,창경궁로(서울여자대학교),A-06,유출,원남동사거리->성균관대입구,11777.0,37.5831,127.0009,18시,1141.0
0,20170317.0,금,창경궁로(서울여자대학교),A-06,유출,원남동사거리->성균관대입구,11777.0,37.5831,127.0009,19시,1046.0
0,20170317.0,금,창경궁로(서울여자대학교),A-06,유출,원남동사거리->성균관대입구,11777.0,37.5831,127.0009,20시,1012.0
0,20170318.0,토,창경궁로(서울여자대학교),A-06,유출,원남동사거리->성균관대입구,9868.0,37.5831,127.0009,8시,582.0
0,20170318.0,토,창경궁로(서울여자대학교),A-06,유출,원남동사거리->성균관대입구,9868.0,37.5831,127.0009,9시,641.0
0,20170318.0,토,창경궁로(서울여자대학교),A-06,유출,원남동사거리->성균관대입구,9868.0,37.5831,127.0009,10시,653.0
0,20170318.0,토,창경궁로(서울여자대학교),A-06,유출,원남동사거리->성균관대입구,9868.0,37.5831,127.0009,11시,676.0
0,20170318.0,토,창경궁로(서울여자대학교),A-06,유출,원남동사거리->성균관대입구,9868.0,37.5831,127.0009,12시,749.0
0,20170318.0,토,창경궁로(서울여자대학교),A-06,유출,원남동사거리->성균관대입구,9868.0,37.5831,127.0009,13시,707.0
0,20170318.0,토,창경궁로(서울여자대학교),A-06,유출,원남동사거리->성균관대입구,9868.0,37.5831,127.0009,14시,740.0
0,20170318.0,토,창경궁로(서울여자대학교),A-06,유출,원남동사거리->성균관대입구,9868.0,37.5831,127.0009,15시,684.0
0,20170318.0,토,창경궁로(서울여자대학교),A-06,유출,원남동사거리->성균관대입구,9868.0,37.5831,127.0009,16시,911.0
0,20170318.0,토,창경궁로(서울여자대학교),A-06,유출,원남동사거리->성균관대입구,9868.0,37.5831,127.0009,17시,855.0
0,20170318.0,토,창경궁로(서울여자대학교),A-06,유출,원남동사거리->성균관대입구,9868.0,37.5831,127.0009,18시,851.0
0,20170318.0,토,창경궁로(서울여자대학교),A-06,유출,원남동사거리->성균관대입구,9868.0,37.5831,127.0009,19시,890.0
0,20170318.0,토,창경궁로(서울여자대학교),A-06,유출,원남동사거리->성균관대입구,9868.0,37.5831,127.0009,20시,929.0
0,20170319.0,일,창경궁로(서울여자대학교),A-06,유출,원남동사거리->성균관대입구,10465.0,37.5831,127.0009,8시,489.0
0,20170319.0,일,창경궁로(서울여자대학교),A-06,유출,원남동사거리->성균관대입구,10465.0,37.5831,127.0009,9시,626.0
0,20170319.0,일,창경궁로(서울여자대학교),A-06,유출,원남동사거리->성균관대입구,10465.0,37.5831,127.0009,10시,668.0
0,20170319.0,일,창경궁로(서울여자대학교),A-06,유출,원남동사거리->성균관대입구,10465.0,37.5831,127.0009,11시,673.0
0,20170319.0,일,창경궁로(서울여자대학교),A-06,유출,원남동사거리->성균관대입구,10465.0,37.5831,127.0009,12시,749.0
0,20170319.0,일,창경궁로(서울여자대학교),A-06,유출,원남동사거리->성균관대입구,10465.0,37.5831,127.0009,13시,756.0
0,20170319.0,일,창경궁로(서울여자대학교),A-06,유출,원남동사거리->성균관대입구,10465.0,37.5831,127.0009,14시,881.0
0,20170319.0,일,창경궁로(서울여자대학교),A-06,유출,원남동사거리->성균관대입구,10465.0,37.5831,127.0009,15시,876.0
0,20170319.0,일,창경궁로(서울여자대학교),A-06,유출,원남동사거리->성균관대입구,10465.0,37.5831,127.0009,16시,928.0
0,20170319.0,일,창경궁로(서울여자대학교),A-06,유출,원남동사거리->성균관대입구,10465.0,37.5831,127.0009,17시,1039.0
0,20170319.0,일,창경궁로(서울여자대학교),A-06,유출,원남동사거리->성균관대입구,10465.0,37.5831,127.0009,18시,1018.0
0,20170319.0,일,창경궁로(서울여자대학교),A-06,유출,원남동사거리->성균관대입구,10465.0,37.5831,127.0009,19시,897.0
0,20170319.0,일,창경궁로(서울여자대학교),A-06,유출,원남동사거리->성균관대입구,10465.0,37.5831,127.0009,20시,865.0
0,20170320.0,월,창경궁로(서울여자대학교),A-06,유출,원남동사거리->성균관대입구,10056.0,37.5831,127.0009,8시,606.0
0,20170320.0,월,창경궁로(서울여자대학교),A-06,유출,원남동사거리->성균관대입구,10056.0,37.5831,127.0009,9시,631.0
0,20170320.0,월,창경궁로(서울여자대학교),A-06,유출,원남동사거리->성균관대입구,10056.0,37.5831,127.0009,10시,749.0
0,20170320.0,월,창경궁로(서울여자대학교),A-06,유출,원남동사거리->성균관대입구,10056.0,37.5831,127.0009,11시,875.0
0,20170320.0,월,창경궁로(서울여자대학교),A-06,유출,원남동사거리->성균관대입구,10056.0,37.5831,127.0009,12시,863.0
0,20170320.0,월,창경궁로(서울여자대학교),A-06,유출,원남동사거리->성균관대입구,10056.0,37.5831,127.0009,13시,751.0
0,20170320.0,월,창경궁로(서울여자대학교),A-06,유출,원남동사거리->성균관대입구,10056.0,37.5831,127.0009,14시,917.0
0,20170320.0,월,창경궁로(서울여자대학교),A-06,유출,원남동사거리->성균관대입구,10056.0,37.5831,127.0009,15시,971.0
0,20170320.0,월,창경궁로(서울여자대학교),A-06,유출,원남동사거리->성균관대입구,10056.0,37.5831,127.0009,16시,753.0
0,20170320.0,월,창경궁로(서울여자대학교),A-06,유출,원남동사거리->성균관대입구,10056.0,37.5831,127.0009,17시,794.0
0,20170320.0,월,창경궁로(서울여자대학교),A-06,유출,원남동사거리->성균관대입구,10056.0,37.5831,127.0009,18시,668.0
0,20170320.0,월,창경궁로(서울여자대학교),A-06,유출,원남동사거리->성균관대입구,10056.0,37.5831,127.0009,19시,759.0
0,20170320.0,월,창경궁로(서울여자대학교),A-06,유출,원남동사거리->성균관대입구,10056.0,37.5831,127.0009,20시,719.0
0,20170321.0,화,창경궁로(서울여자대학교),A-06,유출,원남동사거리->성균관대입구,9358.0,37.5831,127.0009,8시,646.0
0,20170321.0,화,창경궁로(서울여자대학교),A-06,유출,원남동사거리->성균관대입구,9358.0,37.5831,127.0009,9시,636.0
0,20170321.0,화,창경궁로(서울여자대학교),A-06,유출,원남동사거리->성균관대입구,9358.0,37.5831,127.0009,10시,658.0
0,20170321.0,화,창경궁로(서울여자대학교),A-06,유출,원남동사거리->성균관대입구,9358.0,37.5831,127.0009,11시,865.0
0,20170321.0,화,창경궁로(서울여자대학교),A-06,유출,원남동사거리->성균관대입구,9358.0,37.5831,127.0009,12시,614.0
0,20170321.0,화,창경궁로(서울여자대학교),A-06,유출,원남동사거리->성균관대입구,9358.0,37.5831,127.0009,13시,599.0
0,20170321.0,화,창경궁로(서울여자대학교),A-06,유출,원남동사거리->성균관대입구,9358.0,37.5831,127.0009,14시,633.0
0,20170321.0,화,창경궁로(서울여자대학교),A-06,유출,원남동사거리->성균관대입구,9358.0,37.5831,127.0009,15시,606.0
0,20170321.0,화,창경궁로(서울여자대학교),A-06,유출,원남동사거리->성균관대입구,9358.0,37.5831,127.0009,16시,700.0
0,20170321.0,화,창경궁로(서울여자대학교),A-06,유출,원남동사거리->성균관대입구,9358.0,37.5831,127.0009,17시,750.0
0,20170321.0,화,창경궁로(서울여자대학교),A-06,유출,원남동사거리->성균관대입구,9358.0,37.5831,127.0009,18시,858.0
0,20170321.0,화,창경궁로(서울여자대학교),A-06,유출,원남동사거리->성균관대입구,9358.0,37.5831,127.0009,19시,1018.0
0,20170321.0,화,창경궁로(서울여자대학교),A-06,유출,원남동사거리->성균관대입구,9358.0,37.5831,127.0009,20시,775.0
0,20170322.0,수,창경궁로(서울여자대학교),A-06,유출,원남동사거리->성균관대입구,11868.0,37.5831,127.0009,8시,654.0
0,20170322.0,수,창경궁로(서울여자대학교),A-06,유출,원남동사거리->성균관대입구,11868.0,37.5831,127.0009,9시,660.0
0,20170322.0,수,창경궁로(서울여자대학교),A-06,유출,원남동사거리->성균관대입구,11868.0,37.5831,127.0009,10시,772.0
0,20170322.0,수,창경궁로(서울여자대학교),A-06,유출,원남동사거리->성균관대입구,11868.0,37.5831,127.0009,11시,858.0
0,20170322.0,수,창경궁로(서울여자대학교),A-06,유출,원남동사거리->성균관대입구,11868.0,37.5831,127.0009,12시,850.0
0,20170322.0,수,창경궁로(서울여자대학교),A-06,유출,원남동사거리->성균관대입구,11868.0,37.5831,127.0009,13시,827.0
0,20170322.0,수,창경궁로(서울여자대학교),A-06,유출,원남동사거리->성균관대입구,11868.0,37.5831,127.0009,14시,893.0
0,20170322.0,수,창경궁로(서울여자대학교),A-06,유출,원남동사거리->성균관대입구,11868.0,37.5831,127.0009,15시,924.0
0,20170322.0,수,창경궁로(서울여자대학교),A-06,유출,원남동사거리->성균관대입구,11868.0,37.5831,127.0009,16시,1013.0
0,20170322.0,수,창경궁로(서울여자대학교),A-06,유출,원남동사거리->성균관대입구,11868.0,37.5831,127.0009,17시,1104.0
0,20170322.0,수,창경궁로(서울여자대학교),A-06,유출,원남동사거리->성균관대입구,11868.0,37.5831,127.0009,18시,1145.0
0,20170322.0,수,창경궁로(서울여자대학교),A-06,유출,원남동사거리->성균관대입구,11868.0,37.5831,127.0009,19시,1153.0
0,20170322.0,수,창경궁로(서울여자대학교),A-06,유출,원남동사거리->성균관대입구,11868.0,37.5831,127.0009,20시,1015.0
0,20170323.0,목,창경궁로(서울여자대학교),A-06,유출,원남동사거리->성균관대입구,11876.0,37.5831,127.0009,8시,624.0
0,20170323.0,목,창경궁로(서울여자대학교),A-06,유출,원남동사거리->성균관대입구,11876.0,37.5831,127.0009,9시,664.0
0,20170323.0,목,창경궁로(서울여자대학교),A-06,유출,원남동사거리->성균관대입구,11876.0,37.5831,127.0009,10시,750.0
0,20170323.0,목,창경궁로(서울여자대학교),A-06,유출,원남동사거리->성균관대입구,11876.0,37.5831,127.0009,11시,888.0
0,20170323.0,목,창경궁로(서울여자대학교),A-06,유출,원남동사거리->성균관대입구,11876.0,37.5831,127.0009,12시,841.0
0,20170323.0,목,창경궁로(서울여자대학교),A-06,유출,원남동사거리->성균관대입구,11876.0,37.5831,127.0009,13시,828.0
0,20170323.0,목,창경궁로(서울여자대학교),A-06,유출,원남동사거리->성균관대입구,11876.0,37.5831,127.0009,14시,893.0
0,20170323.0,목,창경궁로(서울여자대학교),A-06,유출,원남동사거리->성균관대입구,11876.0,37.5831,127.0009,15시,966.0
0,20170323.0,목,창경궁로(서울여자대학교),A-06,유출,원남동사거리->성균관대입구,11876.0,37.5831,127.0009,16시,1034.0
0,20170323.0,목,창경궁로(서울여자대학교),A-06,유출,원남동사거리->성균관대입구,11876.0,37.5831,127.0009,17시,1050.0
0,20170323.0,목,창경궁로(서울여자대학교),A-06,유출,원남동사거리->성균관대입구,11876.0,37.5831,127.0009,18시,1151.0
0,20170323.0,목,창경궁로(서울여자대학교),A-06,유출,원남동사거리->성균관대입구,11876.0,37.5831,127.0009,19시,1138.0
0,20170323.0,목,창경궁로(서울여자대학교),A-06,유출,원남동사거리->성균관대입구,11876.0,37.5831,127.0009,20시,1049.0
0,20170324.0,금,창경궁로(서울여자대학교),A-06,유출,원남동사거리->성균관대입구,11887.0,37.5831,127.0009,8시,631.0
0,20170324.0,금,창경궁로(서울여자대학교),A-06,유출,원남동사거리->성균관대입구,11887.0,37.5831,127.0009,9시,677.0
0,20170324.0,금,창경궁로(서울여자대학교),A-06,유출,원남동사거리->성균관대입구,11887.0,37.5831,127.0009,10시,753.0
0,20170324.0,금,창경궁로(서울여자대학교),A-06,유출,원남동사거리->성균관대입구,11887.0,37.5831,127.0009,11시,846.0
0,20170324.0,금,창경궁로(서울여자대학교),A-06,유출,원남동사거리->성균관대입구,11887.0,37.5831,127.0009,12시,891.0
0,20170324.0,금,창경궁로(서울여자대학교),A-06,유출,원남동사거리->성균관대입구,11887.0,37.5831,127.0009,13시,840.0
0,20170324.0,금,창경궁로(서울여자대학교),A-06,유출,원남동사거리->성균관대입구,11887.0,37.5831,127.0009,14시,874.0
0,20170324.0,금,창경궁로(서울여자대학교),A-06,유출,원남동사거리->성균관대입구,11887.0,37.5831,127.0009,15시,967.0
0,20170324.0,금,창경궁로(서울여자대학교),A-06,유출,원남동사거리->성균관대입구,11887.0,37.5831,127.0009,16시,1008.0
0,20170324.0,금,창경궁로(서울여자대학교),A-06,유출,원남동사거리->성균관대입구,11887.0,37.5831,127.0009,17시,1102.0
0,20170324.0,금,창경궁로(서울여자대학교),A-06,유출,원남동사거리->성균관대입구,11887.0,37.5831,127.0009,18시,1123.0
0,20170324.0,금,창경궁로(서울여자대학교),A-06,유출,원남동사거리->성균관대입구,11887.0,37.5831,127.0009,19시,1086.0
0,20170324.0,금,창경궁로(서울여자대학교),A-06,유출,원남동사거리->성균관대입구,11887.0,37.5831,127.0009,20시,1089.0
0,20170325.0,토,창경궁로(서울여자대학교),A-06,유출,원남동사거리->성균관대입구,9646.0,37.5831,127.0009,8시,680.0
0,20170325.0,토,창경궁로(서울여자대학교),A-06,유출,원남동사거리->성균관대입구,9646.0,37.5831,127.0009,9시,724.0
0,20170325.0,토,창경궁로(서울여자대학교),A-06,유출,원남동사거리->성균관대입구,9646.0,37.5831,127.0009,10시,656.0
0,20170325.0,토,창경궁로(서울여자대학교),A-06,유출,원남동사거리->성균관대입구,9646.0,37.5831,127.0009,11시,712.0
0,20170325.0,토,창경궁로(서울여자대학교),A-06,유출,원남동사거리->성균관대입구,9646.0,37.5831,127.0009,12시,819.0
0,20170325.0,토,창경궁로(서울여자대학교),A-06,유출,원남동사거리->성균관대입구,9646.0,37.5831,127.0009,13시,782.0
0,20170325.0,토,창경궁로(서울여자대학교),A-06,유출,원남동사거리->성균관대입구,9646.0,37.5831,127.0009,14시,857.0
0,20170325.0,토,창경궁로(서울여자대학교),A-06,유출,원남동사거리->성균관대입구,9646.0,37.5831,127.0009,15시,718.0
0,20170325.0,토,창경궁로(서울여자대학교),A-06,유출,원남동사거리->성균관대입구,9646.0,37.5831,127.0009,16시,626.0
0,20170325.0,토,창경궁로(서울여자대학교),A-06,유출,원남동사거리->성균관대입구,9646.0,37.5831,127.0009,17시,741.0
0,20170325.0,토,창경궁로(서울여자대학교),A-06,유출,원남동사거리->성균관대입구,9646.0,37.5831,127.0009,18시,798.0
0,20170325.0,토,창경궁로(서울여자대학교),A-06,유출,원남동사거리->성균관대입구,9646.0,37.5831,127.0009,19시,798.0
0,20170325.0,토,창경궁로(서울여자대학교),A-06,유출,원남동사거리->성균관대입구,9646.0,37.5831,127.0009,20시,735.0
0,20170326.0,일,창경궁로(서울여자대학교),A-06,유출,원남동사거리->성균관대입구,10635.0,37.5831,127.0009,8시,428.0
0,20170326.0,일,창경궁로(서울여자대학교),A-06,유출,원남동사거리->성균관대입구,10635.0,37.5831,127.0009,9시,584.0
0,20170326.0,일,창경궁로(서울여자대학교),A-06,유출,원남동사거리->성균관대입구,10635.0,37.5831,127.0009,10시,611.0
0,20170326.0,일,창경궁로(서울여자대학교),A-06,유출,원남동사거리->성균관대입구,10635.0,37.5831,127.0009,11시,654.0
0,20170326.0,일,창경궁로(서울여자대학교),A-06,유출,원남동사거리->성균관대입구,10635.0,37.5831,127.0009,12시,779.0
0,20170326.0,일,창경궁로(서울여자대학교),A-06,유출,원남동사거리->성균관대입구,10635.0,37.5831,127.0009,13시,885.0
0,20170326.0,일,창경궁로(서울여자대학교),A-06,유출,원남동사거리->성균관대입구,10635.0,37.5831,127.0009,14시,905.0
0,20170326.0,일,창경궁로(서울여자대학교),A-06,유출,원남동사거리->성균관대입구,10635.0,37.5831,127.0009,15시,994.0
0,20170326.0,일,창경궁로(서울여자대학교),A-06,유출,원남동사거리->성균관대입구,10635.0,37.5831,127.0009,16시,1030.0
0,20170326.0,일,창경궁로(서울여자대학교),A-06,유출,원남동사거리->성균관대입구,10635.0,37.5831,127.0009,17시,1108.0
0,20170326.0,일,창경궁로(서울여자대학교),A-06,유출,원남동사거리->성균관대입구,10635.0,37.5831,127.0009,18시,989.0
0,20170326.0,일,창경궁로(서울여자대학교),A-06,유출,원남동사거리->성균관대입구,10635.0,37.5831,127.0009,19시,858.0
0,20170326.0,일,창경궁로(서울여자대학교),A-06,유출,원남동사거리->성균관대입구,10635.0,37.5831,127.0009,20시,810.0
0,20170327.0,월,창경궁로(서울여자대학교),A-06,유출,원남동사거리->성균관대입구,11432.0,37.5831,127.0009,8시,582.0
0,20170327.0,월,창경궁로(서울여자대학교),A-06,유출,원남동사거리->성균관대입구,11432.0,37.5831,127.0009,9시,547.0
0,20170327.0,월,창경궁로(서울여자대학교),A-06,유출,원남동사거리->성균관대입구,11432.0,37.5831,127.0009,10시,696.0
0,20170327.0,월,창경궁로(서울여자대학교),A-06,유출,원남동사거리->성균관대입구,11432.0,37.5831,127.0009,11시,853.0
0,20170327.0,월,창경궁로(서울여자대학교),A-06,유출,원남동사거리->성균관대입구,11432.0,37.5831,127.0009,12시,881.0
0,20170327.0,월,창경궁로(서울여자대학교),A-06,유출,원남동사거리->성균관대입구,11432.0,37.5831,127.0009,13시,794.0
0,20170327.0,월,창경궁로(서울여자대학교),A-06,유출,원남동사거리->성균관대입구,11432.0,37.5831,127.0009,14시,845.0
0,20170327.0,월,창경궁로(서울여자대학교),A-06,유출,원남동사거리->성균관대입구,11432.0,37.5831,127.0009,15시,932.0
0,20170327.0,월,창경궁로(서울여자대학교),A-06,유출,원남동사거리->성균관대입구,11432.0,37.5831,127.0009,16시,993.0
0,20170327.0,월,창경궁로(서울여자대학교),A-06,유출,원남동사거리->성균관대입구,11432.0,37.5831,127.0009,17시,1037.0
0,20170327.0,월,창경궁로(서울여자대학교),A-06,유출,원남동사거리->성균관대입구,11432.0,37.5831,127.0009,18시,1158.0
0,20170327.0,월,창경궁로(서울여자대학교),A-06,유출,원남동사거리->성균관대입구,11432.0,37.5831,127.0009,19시,1078.0
0,20170327.0,월,창경궁로(서울여자대학교),A-06,유출,원남동사거리->성균관대입구,11432.0,37.5831,127.0009,20시,1036.0
0,20170328.0,화,창경궁로(서울여자대학교),A-06,유출,원남동사거리->성균관대입구,11994.0,37.5831,127.0009,8시,633.0
0,20170328.0,화,창경궁로(서울여자대학교),A-06,유출,원남동사거리->성균관대입구,11994.0,37.5831,127.0009,9시,702.0
0,20170328.0,화,창경궁로(서울여자대학교),A-06,유출,원남동사거리->성균관대입구,11994.0,37.5831,127.0009,10시,735.0
0,20170328.0,화,창경궁로(서울여자대학교),A-06,유출,원남동사거리->성균관대입구,11994.0,37.5831,127.0009,11시,861.0
0,20170328.0,화,창경궁로(서울여자대학교),A-06,유출,원남동사거리->성균관대입구,11994.0,37.5831,127.0009,12시,817.0
0,20170328.0,화,창경궁로(서울여자대학교),A-06,유출,원남동사거리->성균관대입구,11994.0,37.5831,127.0009,13시,867.0
0,20170328.0,화,창경궁로(서울여자대학교),A-06,유출,원남동사거리->성균관대입구,11994.0,37.5831,127.0009,14시,868.0
0,20170328.0,화,창경궁로(서울여자대학교),A-06,유출,원남동사거리->성균관대입구,11994.0,37.5831,127.0009,15시,1002.0
0,20170328.0,화,창경궁로(서울여자대학교),A-06,유출,원남동사거리->성균관대입구,11994.0,37.5831,127.0009,16시,1027.0
0,20170328.0,화,창경궁로(서울여자대학교),A-06,유출,원남동사거리->성균관대입구,11994.0,37.5831,127.0009,17시,1076.0
0,20170328.0,화,창경궁로(서울여자대학교),A-06,유출,원남동사거리->성균관대입구,11994.0,37.5831,127.0009,18시,1214.0
0,20170328.0,화,창경궁로(서울여자대학교),A-06,유출,원남동사거리->성균관대입구,11994.0,37.5831,127.0009,19시,1168.0
0,20170328.0,화,창경궁로(서울여자대학교),A-06,유출,원남동사거리->성균관대입구,11994.0,37.5831,127.0009,20시,1024.0
0,20170329.0,수,창경궁로(서울여자대학교),A-06,유출,원남동사거리->성균관대입구,11838.0,37.5831,127.0009,8시,629.0
0,20170329.0,수,창경궁로(서울여자대학교),A-06,유출,원남동사거리->성균관대입구,11838.0,37.5831,127.0009,9시,615.0
0,20170329.0,수,창경궁로(서울여자대학교),A-06,유출,원남동사거리->성균관대입구,11838.0,37.5831,127.0009,10시,786.0
0,20170329.0,수,창경궁로(서울여자대학교),A-06,유출,원남동사거리->성균관대입구,11838.0,37.5831,127.0009,11시,862.0
0,20170329.0,수,창경궁로(서울여자대학교),A-06,유출,원남동사거리->성균관대입구,11838.0,37.5831,127.0009,12시,855.0
0,20170329.0,수,창경궁로(서울여자대학교),A-06,유출,원남동사거리->성균관대입구,11838.0,37.5831,127.0009,13시,789.0
0,20170329.0,수,창경궁로(서울여자대학교),A-06,유출,원남동사거리->성균관대입구,11838.0,37.5831,127.0009,14시,945.0
0,20170329.0,수,창경궁로(서울여자대학교),A-06,유출,원남동사거리->성균관대입구,11838.0,37.5831,127.0009,15시,953.0
0,20170329.0,수,창경궁로(서울여자대학교),A-06,유출,원남동사거리->성균관대입구,11838.0,37.5831,127.0009,16시,998.0
0,20170329.0,수,창경궁로(서울여자대학교),A-06,유출,원남동사거리->성균관대입구,11838.0,37.5831,127.0009,17시,1081.0
0,20170329.0,수,창경궁로(서울여자대학교),A-06,유출,원남동사거리->성균관대입구,11838.0,37.5831,127.0009,18시,1162.0
0,20170329.0,수,창경궁로(서울여자대학교),A-06,유출,원남동사거리->성균관대입구,11838.0,37.5831,127.0009,19시,1121.0
0,20170329.0,수,창경궁로(서울여자대학교),A-06,유출,원남동사거리->성균관대입구,11838.0,37.5831,127.0009,20시,1042.0
0,20170330.0,목,창경궁로(서울여자대학교),A-06,유출,원남동사거리->성균관대입구,11888.0,37.5831,127.0009,8시,624.0
0,20170330.0,목,창경궁로(서울여자대학교),A-06,유출,원남동사거리->성균관대입구,11888.0,37.5831,127.0009,9시,689.0
0,20170330.0,목,창경궁로(서울여자대학교),A-06,유출,원남동사거리->성균관대입구,11888.0,37.5831,127.0009,10시,722.0
0,20170330.0,목,창경궁로(서울여자대학교),A-06,유출,원남동사거리->성균관대입구,11888.0,37.5831,127.0009,11시,889.0
0,20170330.0,목,창경궁로(서울여자대학교),A-06,유출,원남동사거리->성균관대입구,11888.0,37.5831,127.0009,12시,826.0
0,20170330.0,목,창경궁로(서울여자대학교),A-06,유출,원남동사거리->성균관대입구,11888.0,37.5831,127.0009,13시,844.0
0,20170330.0,목,창경궁로(서울여자대학교),A-06,유출,원남동사거리->성균관대입구,11888.0,37.5831,127.0009,14시,959.0
0,20170330.0,목,창경궁로(서울여자대학교),A-06,유출,원남동사거리->성균관대입구,11888.0,37.5831,127.0009,15시,977.0
0,20170330.0,목,창경궁로(서울여자대학교),A-06,유출,원남동사거리->성균관대입구,11888.0,37.5831,127.0009,16시,986.0
0,20170330.0,목,창경궁로(서울여자대학교),A-06,유출,원남동사거리->성균관대입구,11888.0,37.5831,127.0009,17시,1044.0
0,20170330.0,목,창경궁로(서울여자대학교),A-06,유출,원남동사거리->성균관대입구,11888.0,37.5831,127.0009,18시,1111.0
0,20170330.0,목,창경궁로(서울여자대학교),A-06,유출,원남동사거리->성균관대입구,11888.0,37.5831,127.0009,19시,1174.0
0,20170330.0,목,창경궁로(서울여자대학교),A-06,유출,원남동사거리->성균관대입구,11888.0,37.5831,127.0009,20시,1043.0
0,20170331.0,금,창경궁로(서울여자대학교),A-06,유출,원남동사거리->성균관대입구,11846.0,37.5831,127.0009,8시,616.0
0,20170331.0,금,창경궁로(서울여자대학교),A-06,유출,원남동사거리->성균관대입구,11846.0,37.5831,127.0009,9시,658.0
0,20170331.0,금,창경궁로(서울여자대학교),A-06,유출,원남동사거리->성균관대입구,11846.0,37.5831,127.0009,10시,774.0
0,20170331.0,금,창경궁로(서울여자대학교),A-06,유출,원남동사거리->성균관대입구,11846.0,37.5831,127.0009,11시,806.0
0,20170331.0,금,창경궁로(서울여자대학교),A-06,유출,원남동사거리->성균관대입구,11846.0,37.5831,127.0009,12시,841.0
0,20170331.0,금,창경궁로(서울여자대학교),A-06,유출,원남동사거리->성균관대입구,11846.0,37.5831,127.0009,13시,870.0
0,20170331.0,금,창경궁로(서울여자대학교),A-06,유출,원남동사거리->성균관대입구,11846.0,37.5831,127.0009,14시,833.0
0,20170331.0,금,창경궁로(서울여자대학교),A-06,유출,원남동사거리->성균관대입구,11846.0,37.5831,127.0009,15시,978.0
0,20170331.0,금,창경궁로(서울여자대학교),A-06,유출,원남동사거리->성균관대입구,11846.0,37.5831,127.0009,16시,1019.0
0,20170331.0,금,창경궁로(서울여자대학교),A-06,유출,원남동사거리->성균관대입구,11846.0,37.5831,127.0009,17시,1042.0
0,20170331.0,금,창경궁로(서울여자대학교),A-06,유출,원남동사거리->성균관대입구,11846.0,37.5831,127.0009,18시,1174.0
0,20170331.0,금,창경궁로(서울여자대학교),A-06,유출,원남동사거리->성균관대입구,11846.0,37.5831,127.0009,19시,1135.0
0,20170331.0,금,창경궁로(서울여자대학교),A-06,유출,원남동사거리->성균관대입구,11846.0,37.5831,127.0009,20시,1100.0
0,20170401.0,토,창경궁로(서울여자대학교),A-06,유입,성균관대입구->원남동사거리,14847.0,37.5831,127.0009,8시,1270.0
0,20170401.0,토,창경궁로(서울여자대학교),A-06,유입,성균관대입구->원남동사거리,14847.0,37.5831,127.0009,9시,1122.0
0,20170401.0,토,창경궁로(서울여자대학교),A-06,유입,성균관대입구->원남동사거리,14847.0,37.5831,127.0009,10시,1100.0
0,20170401.0,토,창경궁로(서울여자대학교),A-06,유입,성균관대입구->원남동사거리,14847.0,37.5831,127.0009,11시,1108.0
0,20170401.0,토,창경궁로(서울여자대학교),A-06,유입,성균관대입구->원남동사거리,14847.0,37.5831,127.0009,12시,1063.0
0,20170401.0,토,창경궁로(서울여자대학교),A-06,유입,성균관대입구->원남동사거리,14847.0,37.5831,127.0009,13시,955.0
0,20170401.0,토,창경궁로(서울여자대학교),A-06,유입,성균관대입구->원남동사거리,14847.0,37.5831,127.0009,14시,1496.0
0,20170401.0,토,창경궁로(서울여자대학교),A-06,유입,성균관대입구->원남동사거리,14847.0,37.5831,127.0009,15시,1328.0
0,20170401.0,토,창경궁로(서울여자대학교),A-06,유입,성균관대입구->원남동사거리,14847.0,37.5831,127.0009,16시,1307.0
0,20170401.0,토,창경궁로(서울여자대학교),A-06,유입,성균관대입구->원남동사거리,14847.0,37.5831,127.0009,17시,1174.0
0,20170401.0,토,창경궁로(서울여자대학교),A-06,유입,성균관대입구->원남동사거리,14847.0,37.5831,127.0009,18시,1093.0
0,20170401.0,토,창경궁로(서울여자대학교),A-06,유입,성균관대입구->원남동사거리,14847.0,37.5831,127.0009,19시,904.0
0,20170401.0,토,창경궁로(서울여자대학교),A-06,유입,성균관대입구->원남동사거리,14847.0,37.5831,127.0009,20시,927.0
0,20170402.0,일,창경궁로(서울여자대학교),A-06,유입,성균관대입구->원남동사거리,16750.0,37.5831,127.0009,8시,1157.0
0,20170402.0,일,창경궁로(서울여자대학교),A-06,유입,성균관대입구->원남동사거리,16750.0,37.5831,127.0009,9시,1262.0
0,20170402.0,일,창경궁로(서울여자대학교),A-06,유입,성균관대입구->원남동사거리,16750.0,37.5831,127.0009,10시,1443.0
0,20170402.0,일,창경궁로(서울여자대학교),A-06,유입,성균관대입구->원남동사거리,16750.0,37.5831,127.0009,11시,1407.0
0,20170402.0,일,창경궁로(서울여자대학교),A-06,유입,성균관대입구->원남동사거리,16750.0,37.5831,127.0009,12시,1486.0
0,20170402.0,일,창경궁로(서울여자대학교),A-06,유입,성균관대입구->원남동사거리,16750.0,37.5831,127.0009,13시,1439.0
0,20170402.0,일,창경궁로(서울여자대학교),A-06,유입,성균관대입구->원남동사거리,16750.0,37.5831,127.0009,14시,1426.0
0,20170402.0,일,창경궁로(서울여자대학교),A-06,유입,성균관대입구->원남동사거리,16750.0,37.5831,127.0009,15시,1262.0
0,20170402.0,일,창경궁로(서울여자대학교),A-06,유입,성균관대입구->원남동사거리,16750.0,37.5831,127.0009,16시,1334.0
0,20170402.0,일,창경궁로(서울여자대학교),A-06,유입,성균관대입구->원남동사거리,16750.0,37.5831,127.0009,17시,1396.0
0,20170402.0,일,창경궁로(서울여자대학교),A-06,유입,성균관대입구->원남동사거리,16750.0,37.5831,127.0009,18시,1080.0
0,20170402.0,일,창경궁로(서울여자대학교),A-06,유입,성균관대입구->원남동사거리,16750.0,37.5831,127.0009,19시,940.0
0,20170402.0,일,창경궁로(서울여자대학교),A-06,유입,성균관대입구->원남동사거리,16750.0,37.5831,127.0009,20시,1118.0
0,20170403.0,월,창경궁로(서울여자대학교),A-06,유입,성균관대입구->원남동사거리,17905.0,37.5831,127.0009,8시,2394.0
0,20170403.0,월,창경궁로(서울여자대학교),A-06,유입,성균관대입구->원남동사거리,17905.0,37.5831,127.0009,9시,1856.0
0,20170403.0,월,창경궁로(서울여자대학교),A-06,유입,성균관대입구->원남동사거리,17905.0,37.5831,127.0009,10시,1576.0
0,20170403.0,월,창경궁로(서울여자대학교),A-06,유입,성균관대입구->원남동사거리,17905.0,37.5831,127.0009,11시,1431.0
0,20170403.0,월,창경궁로(서울여자대학교),A-06,유입,성균관대입구->원남동사거리,17905.0,37.5831,127.0009,12시,1292.0
0,20170403.0,월,창경궁로(서울여자대학교),A-06,유입,성균관대입구->원남동사거리,17905.0,37.5831,127.0009,13시,1353.0
0,20170403.0,월,창경궁로(서울여자대학교),A-06,유입,성균관대입구->원남동사거리,17905.0,37.5831,127.0009,14시,1309.0
0,20170403.0,월,창경궁로(서울여자대학교),A-06,유입,성균관대입구->원남동사거리,17905.0,37.5831,127.0009,15시,1234.0
0,20170403.0,월,창경궁로(서울여자대학교),A-06,유입,성균관대입구->원남동사거리,17905.0,37.5831,127.0009,16시,1214.0
0,20170403.0,월,창경궁로(서울여자대학교),A-06,유입,성균관대입구->원남동사거리,17905.0,37.5831,127.0009,17시,1313.0
0,20170403.0,월,창경궁로(서울여자대학교),A-06,유입,성균관대입구->원남동사거리,17905.0,37.5831,127.0009,18시,1071.0
0,20170403.0,월,창경궁로(서울여자대학교),A-06,유입,성균관대입구->원남동사거리,17905.0,37.5831,127.0009,19시,881.0
0,20170403.0,월,창경궁로(서울여자대학교),A-06,유입,성균관대입구->원남동사거리,17905.0,37.5831,127.0009,20시,981.0
0,20170404.0,화,창경궁로(서울여자대학교),A-06,유입,성균관대입구->원남동사거리,17745.0,37.5831,127.0009,8시,2337.0
0,20170404.0,화,창경궁로(서울여자대학교),A-06,유입,성균관대입구->원남동사거리,17745.0,37.5831,127.0009,9시,1876.0
0,20170404.0,화,창경궁로(서울여자대학교),A-06,유입,성균관대입구->원남동사거리,17745.0,37.5831,127.0009,10시,1566.0
0,20170404.0,화,창경궁로(서울여자대학교),A-06,유입,성균관대입구->원남동사거리,17745.0,37.5831,127.0009,11시,1507.0
0,20170404.0,화,창경궁로(서울여자대학교),A-06,유입,성균관대입구->원남동사거리,17745.0,37.5831,127.0009,12시,1390.0
0,20170404.0,화,창경궁로(서울여자대학교),A-06,유입,성균관대입구->원남동사거리,17745.0,37.5831,127.0009,13시,1327.0
0,20170404.0,화,창경궁로(서울여자대학교),A-06,유입,성균관대입구->원남동사거리,17745.0,37.5831,127.0009,14시,1264.0
0,20170404.0,화,창경궁로(서울여자대학교),A-06,유입,성균관대입구->원남동사거리,17745.0,37.5831,127.0009,15시,1163.0
0,20170404.0,화,창경궁로(서울여자대학교),A-06,유입,성균관대입구->원남동사거리,17745.0,37.5831,127.0009,16시,1139.0
0,20170404.0,화,창경궁로(서울여자대학교),A-06,유입,성균관대입구->원남동사거리,17745.0,37.5831,127.0009,17시,1160.0
0,20170404.0,화,창경궁로(서울여자대학교),A-06,유입,성균관대입구->원남동사거리,17745.0,37.5831,127.0009,18시,1134.0
0,20170404.0,화,창경궁로(서울여자대학교),A-06,유입,성균관대입구->원남동사거리,17745.0,37.5831,127.0009,19시,907.0
0,20170404.0,화,창경궁로(서울여자대학교),A-06,유입,성균관대입구->원남동사거리,17745.0,37.5831,127.0009,20시,975.0
0,20170405.0,수,창경궁로(서울여자대학교),A-06,유입,성균관대입구->원남동사거리,17773.0,37.5831,127.0009,8시,2262.0
0,20170405.0,수,창경궁로(서울여자대학교),A-06,유입,성균관대입구->원남동사거리,17773.0,37.5831,127.0009,9시,1884.0
0,20170405.0,수,창경궁로(서울여자대학교),A-06,유입,성균관대입구->원남동사거리,17773.0,37.5831,127.0009,10시,1689.0
0,20170405.0,수,창경궁로(서울여자대학교),A-06,유입,성균관대입구->원남동사거리,17773.0,37.5831,127.0009,11시,1461.0
0,20170405.0,수,창경궁로(서울여자대학교),A-06,유입,성균관대입구->원남동사거리,17773.0,37.5831,127.0009,12시,1326.0
0,20170405.0,수,창경궁로(서울여자대학교),A-06,유입,성균관대입구->원남동사거리,17773.0,37.5831,127.0009,13시,1425.0
0,20170405.0,수,창경궁로(서울여자대학교),A-06,유입,성균관대입구->원남동사거리,17773.0,37.5831,127.0009,14시,1337.0
0,20170405.0,수,창경궁로(서울여자대학교),A-06,유입,성균관대입구->원남동사거리,17773.0,37.5831,127.0009,15시,1246.0
0,20170405.0,수,창경궁로(서울여자대학교),A-06,유입,성균관대입구->원남동사거리,17773.0,37.5831,127.0009,16시,1209.0
0,20170405.0,수,창경궁로(서울여자대학교),A-06,유입,성균관대입구->원남동사거리,17773.0,37.5831,127.0009,17시,1122.0
0,20170405.0,수,창경궁로(서울여자대학교),A-06,유입,성균관대입구->원남동사거리,17773.0,37.5831,127.0009,18시,1033.0
0,20170405.0,수,창경궁로(서울여자대학교),A-06,유입,성균관대입구->원남동사거리,17773.0,37.5831,127.0009,19시,850.0
0,20170405.0,수,창경궁로(서울여자대학교),A-06,유입,성균관대입구->원남동사거리,17773.0,37.5831,127.0009,20시,929.0
0,20170406.0,목,창경궁로(서울여자대학교),A-06,유입,성균관대입구->원남동사거리,18356.0,37.5831,127.0009,8시,2349.0
0,20170406.0,목,창경궁로(서울여자대학교),A-06,유입,성균관대입구->원남동사거리,18356.0,37.5831,127.0009,9시,2060.0
0,20170406.0,목,창경궁로(서울여자대학교),A-06,유입,성균관대입구->원남동사거리,18356.0,37.5831,127.0009,10시,1827.0
0,20170406.0,목,창경궁로(서울여자대학교),A-06,유입,성균관대입구->원남동사거리,18356.0,37.5831,127.0009,11시,1484.0
0,20170406.0,목,창경궁로(서울여자대학교),A-06,유입,성균관대입구->원남동사거리,18356.0,37.5831,127.0009,12시,1390.0
0,20170406.0,목,창경궁로(서울여자대학교),A-06,유입,성균관대입구->원남동사거리,18356.0,37.5831,127.0009,13시,1317.0
0,20170406.0,목,창경궁로(서울여자대학교),A-06,유입,성균관대입구->원남동사거리,18356.0,37.5831,127.0009,14시,1302.0
0,20170406.0,목,창경궁로(서울여자대학교),A-06,유입,성균관대입구->원남동사거리,18356.0,37.5831,127.0009,15시,1212.0
0,20170406.0,목,창경궁로(서울여자대학교),A-06,유입,성균관대입구->원남동사거리,18356.0,37.5831,127.0009,16시,1200.0
0,20170406.0,목,창경궁로(서울여자대학교),A-06,유입,성균관대입구->원남동사거리,18356.0,37.5831,127.0009,17시,1146.0
0,20170406.0,목,창경궁로(서울여자대학교),A-06,유입,성균관대입구->원남동사거리,18356.0,37.5831,127.0009,18시,1089.0
0,20170406.0,목,창경궁로(서울여자대학교),A-06,유입,성균관대입구->원남동사거리,18356.0,37.5831,127.0009,19시,950.0
0,20170406.0,목,창경궁로(서울여자대학교),A-06,유입,성균관대입구->원남동사거리,18356.0,37.5831,127.0009,20시,1030.0
0,20170407.0,금,창경궁로(서울여자대학교),A-06,유입,성균관대입구->원남동사거리,18429.0,37.5831,127.0009,8시,2240.0
0,20170407.0,금,창경궁로(서울여자대학교),A-06,유입,성균관대입구->원남동사거리,18429.0,37.5831,127.0009,9시,1892.0
0,20170407.0,금,창경궁로(서울여자대학교),A-06,유입,성균관대입구->원남동사거리,18429.0,37.5831,127.0009,10시,1573.0
0,20170407.0,금,창경궁로(서울여자대학교),A-06,유입,성균관대입구->원남동사거리,18429.0,37.5831,127.0009,11시,1409.0
0,20170407.0,금,창경궁로(서울여자대학교),A-06,유입,성균관대입구->원남동사거리,18429.0,37.5831,127.0009,12시,1493.0
0,20170407.0,금,창경궁로(서울여자대학교),A-06,유입,성균관대입구->원남동사거리,18429.0,37.5831,127.0009,13시,1503.0
0,20170407.0,금,창경궁로(서울여자대학교),A-06,유입,성균관대입구->원남동사거리,18429.0,37.5831,127.0009,14시,1313.0
0,20170407.0,금,창경궁로(서울여자대학교),A-06,유입,성균관대입구->원남동사거리,18429.0,37.5831,127.0009,15시,1264.0
0,20170407.0,금,창경궁로(서울여자대학교),A-06,유입,성균관대입구->원남동사거리,18429.0,37.5831,127.0009,16시,1242.0
0,20170407.0,금,창경궁로(서울여자대학교),A-06,유입,성균관대입구->원남동사거리,18429.0,37.5831,127.0009,17시,1256.0
0,20170407.0,금,창경궁로(서울여자대학교),A-06,유입,성균관대입구->원남동사거리,18429.0,37.5831,127.0009,18시,1158.0
0,20170407.0,금,창경궁로(서울여자대학교),A-06,유입,성균관대입구->원남동사거리,18429.0,37.5831,127.0009,19시,977.0
0,20170407.0,금,창경궁로(서울여자대학교),A-06,유입,성균관대입구->원남동사거리,18429.0,37.5831,127.0009,20시,1109.0
0,20170408.0,토,창경궁로(서울여자대학교),A-06,유입,성균관대입구->원남동사거리,17694.0,37.5831,127.0009,8시,1657.0
0,20170408.0,토,창경궁로(서울여자대학교),A-06,유입,성균관대입구->원남동사거리,17694.0,37.5831,127.0009,9시,1701.0
0,20170408.0,토,창경궁로(서울여자대학교),A-06,유입,성균관대입구->원남동사거리,17694.0,37.5831,127.0009,10시,1722.0
0,20170408.0,토,창경궁로(서울여자대학교),A-06,유입,성균관대입구->원남동사거리,17694.0,37.5831,127.0009,11시,1744.0
0,20170408.0,토,창경궁로(서울여자대학교),A-06,유입,성균관대입구->원남동사거리,17694.0,37.5831,127.0009,12시,1617.0
0,20170408.0,토,창경궁로(서울여자대학교),A-06,유입,성균관대입구->원남동사거리,17694.0,37.5831,127.0009,13시,1532.0
0,20170408.0,토,창경궁로(서울여자대학교),A-06,유입,성균관대입구->원남동사거리,17694.0,37.5831,127.0009,14시,1539.0
0,20170408.0,토,창경궁로(서울여자대학교),A-06,유입,성균관대입구->원남동사거리,17694.0,37.5831,127.0009,15시,1260.0
0,20170408.0,토,창경궁로(서울여자대학교),A-06,유입,성균관대입구->원남동사거리,17694.0,37.5831,127.0009,16시,1066.0
0,20170408.0,토,창경궁로(서울여자대학교),A-06,유입,성균관대입구->원남동사거리,17694.0,37.5831,127.0009,17시,1014.0
0,20170408.0,토,창경궁로(서울여자대학교),A-06,유입,성균관대입구->원남동사거리,17694.0,37.5831,127.0009,18시,854.0
0,20170408.0,토,창경궁로(서울여자대학교),A-06,유입,성균관대입구->원남동사거리,17694.0,37.5831,127.0009,19시,945.0
0,20170408.0,토,창경궁로(서울여자대학교),A-06,유입,성균관대입구->원남동사거리,17694.0,37.5831,127.0009,20시,1043.0
0,20170409.0,일,창경궁로(서울여자대학교),A-06,유입,성균관대입구->원남동사거리,16933.0,37.5831,127.0009,8시,1179.0
0,20170409.0,일,창경궁로(서울여자대학교),A-06,유입,성균관대입구->원남동사거리,16933.0,37.5831,127.0009,9시,1330.0
0,20170409.0,일,창경궁로(서울여자대학교),A-06,유입,성균관대입구->원남동사거리,16933.0,37.5831,127.0009,10시,1496.0
0,20170409.0,일,창경궁로(서울여자대학교),A-06,유입,성균관대입구->원남동사거리,16933.0,37.5831,127.0009,11시,1414.0
0,20170409.0,일,창경궁로(서울여자대학교),A-06,유입,성균관대입구->원남동사거리,16933.0,37.5831,127.0009,12시,1527.0
0,20170409.0,일,창경궁로(서울여자대학교),A-06,유입,성균관대입구->원남동사거리,16933.0,37.5831,127.0009,13시,1519.0
0,20170409.0,일,창경궁로(서울여자대학교),A-06,유입,성균관대입구->원남동사거리,16933.0,37.5831,127.0009,14시,1432.0
0,20170409.0,일,창경궁로(서울여자대학교),A-06,유입,성균관대입구->원남동사거리,16933.0,37.5831,127.0009,15시,1402.0
0,20170409.0,일,창경궁로(서울여자대학교),A-06,유입,성균관대입구->원남동사거리,16933.0,37.5831,127.0009,16시,1297.0
0,20170409.0,일,창경궁로(서울여자대학교),A-06,유입,성균관대입구->원남동사거리,16933.0,37.5831,127.0009,17시,1241.0
0,20170409.0,일,창경궁로(서울여자대학교),A-06,유입,성균관대입구->원남동사거리,16933.0,37.5831,127.0009,18시,1067.0
0,20170409.0,일,창경궁로(서울여자대학교),A-06,유입,성균관대입구->원남동사거리,16933.0,37.5831,127.0009,19시,979.0
0,20170409.0,일,창경궁로(서울여자대학교),A-06,유입,성균관대입구->원남동사거리,16933.0,37.5831,127.0009,20시,1050.0
0,20170410.0,월,창경궁로(서울여자대학교),A-06,유입,성균관대입구->원남동사거리,17669.0,37.5831,127.0009,8시,2359.0
0,20170410.0,월,창경궁로(서울여자대학교),A-06,유입,성균관대입구->원남동사거리,17669.0,37.5831,127.0009,9시,1922.0
0,20170410.0,월,창경궁로(서울여자대학교),A-06,유입,성균관대입구->원남동사거리,17669.0,37.5831,127.0009,10시,1562.0
0,20170410.0,월,창경궁로(서울여자대학교),A-06,유입,성균관대입구->원남동사거리,17669.0,37.5831,127.0009,11시,1402.0
0,20170410.0,월,창경궁로(서울여자대학교),A-06,유입,성균관대입구->원남동사거리,17669.0,37.5831,127.0009,12시,1333.0
0,20170410.0,월,창경궁로(서울여자대학교),A-06,유입,성균관대입구->원남동사거리,17669.0,37.5831,127.0009,13시,1377.0
0,20170410.0,월,창경궁로(서울여자대학교),A-06,유입,성균관대입구->원남동사거리,17669.0,37.5831,127.0009,14시,1278.0
0,20170410.0,월,창경궁로(서울여자대학교),A-06,유입,성균관대입구->원남동사거리,17669.0,37.5831,127.0009,15시,1191.0
0,20170410.0,월,창경궁로(서울여자대학교),A-06,유입,성균관대입구->원남동사거리,17669.0,37.5831,127.0009,16시,1210.0
0,20170410.0,월,창경궁로(서울여자대학교),A-06,유입,성균관대입구->원남동사거리,17669.0,37.5831,127.0009,17시,1143.0
0,20170410.0,월,창경궁로(서울여자대학교),A-06,유입,성균관대입구->원남동사거리,17669.0,37.5831,127.0009,18시,1008.0
0,20170410.0,월,창경궁로(서울여자대학교),A-06,유입,성균관대입구->원남동사거리,17669.0,37.5831,127.0009,19시,909.0
0,20170410.0,월,창경궁로(서울여자대학교),A-06,유입,성균관대입구->원남동사거리,17669.0,37.5831,127.0009,20시,975.0
0,20170411.0,화,창경궁로(서울여자대학교),A-06,유입,성균관대입구->원남동사거리,17948.0,37.5831,127.0009,8시,2390.0
0,20170411.0,화,창경궁로(서울여자대학교),A-06,유입,성균관대입구->원남동사거리,17948.0,37.5831,127.0009,9시,2021.0
0,20170411.0,화,창경궁로(서울여자대학교),A-06,유입,성균관대입구->원남동사거리,17948.0,37.5831,127.0009,10시,1653.0
0,20170411.0,화,창경궁로(서울여자대학교),A-06,유입,성균관대입구->원남동사거리,17948.0,37.5831,127.0009,11시,1509.0
0,20170411.0,화,창경궁로(서울여자대학교),A-06,유입,성균관대입구->원남동사거리,17948.0,37.5831,127.0009,12시,1294.0
0,20170411.0,화,창경궁로(서울여자대학교),A-06,유입,성균관대입구->원남동사거리,17948.0,37.5831,127.0009,13시,1293.0
0,20170411.0,화,창경궁로(서울여자대학교),A-06,유입,성균관대입구->원남동사거리,17948.0,37.5831,127.0009,14시,1216.0
0,20170411.0,화,창경궁로(서울여자대학교),A-06,유입,성균관대입구->원남동사거리,17948.0,37.5831,127.0009,15시,1122.0
0,20170411.0,화,창경궁로(서울여자대학교),A-06,유입,성균관대입구->원남동사거리,17948.0,37.5831,127.0009,16시,1196.0
0,20170411.0,화,창경궁로(서울여자대학교),A-06,유입,성균관대입구->원남동사거리,17948.0,37.5831,127.0009,17시,1170.0
0,20170411.0,화,창경궁로(서울여자대학교),A-06,유입,성균관대입구->원남동사거리,17948.0,37.5831,127.0009,18시,1102.0
0,20170411.0,화,창경궁로(서울여자대학교),A-06,유입,성균관대입구->원남동사거리,17948.0,37.5831,127.0009,19시,950.0
0,20170411.0,화,창경궁로(서울여자대학교),A-06,유입,성균관대입구->원남동사거리,17948.0,37.5831,127.0009,20시,1032.0
0,20170412.0,수,창경궁로(서울여자대학교),A-06,유입,성균관대입구->원남동사거리,18224.0,37.5831,127.0009,8시,2390.0
0,20170412.0,수,창경궁로(서울여자대학교),A-06,유입,성균관대입구->원남동사거리,18224.0,37.5831,127.0009,9시,2032.0
0,20170412.0,수,창경궁로(서울여자대학교),A-06,유입,성균관대입구->원남동사거리,18224.0,37.5831,127.0009,10시,1577.0
0,20170412.0,수,창경궁로(서울여자대학교),A-06,유입,성균관대입구->원남동사거리,18224.0,37.5831,127.0009,11시,1452.0
0,20170412.0,수,창경궁로(서울여자대학교),A-06,유입,성균관대입구->원남동사거리,18224.0,37.5831,127.0009,12시,1344.0
0,20170412.0,수,창경궁로(서울여자대학교),A-06,유입,성균관대입구->원남동사거리,18224.0,37.5831,127.0009,13시,1399.0
0,20170412.0,수,창경궁로(서울여자대학교),A-06,유입,성균관대입구->원남동사거리,18224.0,37.5831,127.0009,14시,1300.0
0,20170412.0,수,창경궁로(서울여자대학교),A-06,유입,성균관대입구->원남동사거리,18224.0,37.5831,127.0009,15시,1271.0
0,20170412.0,수,창경궁로(서울여자대학교),A-06,유입,성균관대입구->원남동사거리,18224.0,37.5831,127.0009,16시,1305.0
0,20170412.0,수,창경궁로(서울여자대학교),A-06,유입,성균관대입구->원남동사거리,18224.0,37.5831,127.0009,17시,1145.0
0,20170412.0,수,창경궁로(서울여자대학교),A-06,유입,성균관대입구->원남동사거리,18224.0,37.5831,127.0009,18시,1066.0
0,20170412.0,수,창경궁로(서울여자대학교),A-06,유입,성균관대입구->원남동사거리,18224.0,37.5831,127.0009,19시,943.0
0,20170412.0,수,창경궁로(서울여자대학교),A-06,유입,성균관대입구->원남동사거리,18224.0,37.5831,127.0009,20시,1000.0
0,20170413.0,목,창경궁로(서울여자대학교),A-06,유입,성균관대입구->원남동사거리,18129.0,37.5831,127.0009,8시,2399.0
0,20170413.0,목,창경궁로(서울여자대학교),A-06,유입,성균관대입구->원남동사거리,18129.0,37.5831,127.0009,9시,1959.0
0,20170413.0,목,창경궁로(서울여자대학교),A-06,유입,성균관대입구->원남동사거리,18129.0,37.5831,127.0009,10시,1696.0
0,20170413.0,목,창경궁로(서울여자대학교),A-06,유입,성균관대입구->원남동사거리,18129.0,37.5831,127.0009,11시,1440.0
0,20170413.0,목,창경궁로(서울여자대학교),A-06,유입,성균관대입구->원남동사거리,18129.0,37.5831,127.0009,12시,1323.0
0,20170413.0,목,창경궁로(서울여자대학교),A-06,유입,성균관대입구->원남동사거리,18129.0,37.5831,127.0009,13시,1339.0
0,20170413.0,목,창경궁로(서울여자대학교),A-06,유입,성균관대입구->원남동사거리,18129.0,37.5831,127.0009,14시,1387.0
0,20170413.0,목,창경궁로(서울여자대학교),A-06,유입,성균관대입구->원남동사거리,18129.0,37.5831,127.0009,15시,1237.0
0,20170413.0,목,창경궁로(서울여자대학교),A-06,유입,성균관대입구->원남동사거리,18129.0,37.5831,127.0009,16시,1267.0
0,20170413.0,목,창경궁로(서울여자대학교),A-06,유입,성균관대입구->원남동사거리,18129.0,37.5831,127.0009,17시,1126.0
0,20170413.0,목,창경궁로(서울여자대학교),A-06,유입,성균관대입구->원남동사거리,18129.0,37.5831,127.0009,18시,999.0
0,20170413.0,목,창경궁로(서울여자대학교),A-06,유입,성균관대입구->원남동사거리,18129.0,37.5831,127.0009,19시,943.0
0,20170413.0,목,창경궁로(서울여자대학교),A-06,유입,성균관대입구->원남동사거리,18129.0,37.5831,127.0009,20시,1014.0
0,20170414.0,금,창경궁로(서울여자대학교),A-06,유입,성균관대입구->원남동사거리,18533.0,37.5831,127.0009,8시,2363.0
0,20170414.0,금,창경궁로(서울여자대학교),A-06,유입,성균관대입구->원남동사거리,18533.0,37.5831,127.0009,9시,1901.0
0,20170414.0,금,창경궁로(서울여자대학교),A-06,유입,성균관대입구->원남동사거리,18533.0,37.5831,127.0009,10시,1616.0
0,20170414.0,금,창경궁로(서울여자대학교),A-06,유입,성균관대입구->원남동사거리,18533.0,37.5831,127.0009,11시,1510.0
0,20170414.0,금,창경궁로(서울여자대학교),A-06,유입,성균관대입구->원남동사거리,18533.0,37.5831,127.0009,12시,1344.0
0,20170414.0,금,창경궁로(서울여자대학교),A-06,유입,성균관대입구->원남동사거리,18533.0,37.5831,127.0009,13시,1433.0
0,20170414.0,금,창경궁로(서울여자대학교),A-06,유입,성균관대입구->원남동사거리,18533.0,37.5831,127.0009,14시,1339.0
0,20170414.0,금,창경궁로(서울여자대학교),A-06,유입,성균관대입구->원남동사거리,18533.0,37.5831,127.0009,15시,1331.0
0,20170414.0,금,창경궁로(서울여자대학교),A-06,유입,성균관대입구->원남동사거리,18533.0,37.5831,127.0009,16시,1229.0
0,20170414.0,금,창경궁로(서울여자대학교),A-06,유입,성균관대입구->원남동사거리,18533.0,37.5831,127.0009,17시,1279.0
0,20170414.0,금,창경궁로(서울여자대학교),A-06,유입,성균관대입구->원남동사거리,18533.0,37.5831,127.0009,18시,1181.0
0,20170414.0,금,창경궁로(서울여자대학교),A-06,유입,성균관대입구->원남동사거리,18533.0,37.5831,127.0009,19시,1003.0
0,20170414.0,금,창경궁로(서울여자대학교),A-06,유입,성균관대입구->원남동사거리,18533.0,37.5831,127.0009,20시,1004.0
0,20170415.0,토,창경궁로(서울여자대학교),A-06,유입,성균관대입구->원남동사거리,17989.0,37.5831,127.0009,8시,1638.0
0,20170415.0,토,창경궁로(서울여자대학교),A-06,유입,성균관대입구->원남동사거리,17989.0,37.5831,127.0009,9시,1741.0
0,20170415.0,토,창경궁로(서울여자대학교),A-06,유입,성균관대입구->원남동사거리,17989.0,37.5831,127.0009,10시,1686.0
0,20170415.0,토,창경궁로(서울여자대학교),A-06,유입,성균관대입구->원남동사거리,17989.0,37.5831,127.0009,11시,1604.0
0,20170415.0,토,창경궁로(서울여자대학교),A-06,유입,성균관대입구->원남동사거리,17989.0,37.5831,127.0009,12시,1593.0
0,20170415.0,토,창경궁로(서울여자대학교),A-06,유입,성균관대입구->원남동사거리,17989.0,37.5831,127.0009,13시,1417.0
0,20170415.0,토,창경궁로(서울여자대학교),A-06,유입,성균관대입구->원남동사거리,17989.0,37.5831,127.0009,14시,1513.0
0,20170415.0,토,창경궁로(서울여자대학교),A-06,유입,성균관대입구->원남동사거리,17989.0,37.5831,127.0009,15시,1347.0
0,20170415.0,토,창경궁로(서울여자대학교),A-06,유입,성균관대입구->원남동사거리,17989.0,37.5831,127.0009,16시,1314.0
0,20170415.0,토,창경궁로(서울여자대학교),A-06,유입,성균관대입구->원남동사거리,17989.0,37.5831,127.0009,17시,1164.0
0,20170415.0,토,창경궁로(서울여자대학교),A-06,유입,성균관대입구->원남동사거리,17989.0,37.5831,127.0009,18시,1030.0
0,20170415.0,토,창경궁로(서울여자대학교),A-06,유입,성균관대입구->원남동사거리,17989.0,37.5831,127.0009,19시,964.0
0,20170415.0,토,창경궁로(서울여자대학교),A-06,유입,성균관대입구->원남동사거리,17989.0,37.5831,127.0009,20시,978.0
0,20170416.0,일,창경궁로(서울여자대학교),A-06,유입,성균관대입구->원남동사거리,16676.0,37.5831,127.0009,8시,1154.0
0,20170416.0,일,창경궁로(서울여자대학교),A-06,유입,성균관대입구->원남동사거리,16676.0,37.5831,127.0009,9시,1385.0
0,20170416.0,일,창경궁로(서울여자대학교),A-06,유입,성균관대입구->원남동사거리,16676.0,37.5831,127.0009,10시,1495.0
0,20170416.0,일,창경궁로(서울여자대학교),A-06,유입,성균관대입구->원남동사거리,16676.0,37.5831,127.0009,11시,1370.0
0,20170416.0,일,창경궁로(서울여자대학교),A-06,유입,성균관대입구->원남동사거리,16676.0,37.5831,127.0009,12시,1423.0
0,20170416.0,일,창경궁로(서울여자대학교),A-06,유입,성균관대입구->원남동사거리,16676.0,37.5831,127.0009,13시,1487.0
0,20170416.0,일,창경궁로(서울여자대학교),A-06,유입,성균관대입구->원남동사거리,16676.0,37.5831,127.0009,14시,1471.0
0,20170416.0,일,창경궁로(서울여자대학교),A-06,유입,성균관대입구->원남동사거리,16676.0,37.5831,127.0009,15시,1422.0
0,20170416.0,일,창경궁로(서울여자대학교),A-06,유입,성균관대입구->원남동사거리,16676.0,37.5831,127.0009,16시,1189.0
0,20170416.0,일,창경궁로(서울여자대학교),A-06,유입,성균관대입구->원남동사거리,16676.0,37.5831,127.0009,17시,1118.0
0,20170416.0,일,창경궁로(서울여자대학교),A-06,유입,성균관대입구->원남동사거리,16676.0,37.5831,127.0009,18시,1078.0
0,20170416.0,일,창경궁로(서울여자대학교),A-06,유입,성균관대입구->원남동사거리,16676.0,37.5831,127.0009,19시,990.0
0,20170416.0,일,창경궁로(서울여자대학교),A-06,유입,성균관대입구->원남동사거리,16676.0,37.5831,127.0009,20시,1094.0
0,20170417.0,월,창경궁로(서울여자대학교),A-06,유입,성균관대입구->원남동사거리,16469.0,37.5831,127.0009,8시,2383.0
0,20170417.0,월,창경궁로(서울여자대학교),A-06,유입,성균관대입구->원남동사거리,16469.0,37.5831,127.0009,9시,1926.0
0,20170417.0,월,창경궁로(서울여자대학교),A-06,유입,성균관대입구->원남동사거리,16469.0,37.5831,127.0009,10시,1579.0
0,20170417.0,월,창경궁로(서울여자대학교),A-06,유입,성균관대입구->원남동사거리,16469.0,37.5831,127.0009,11시,1321.0
0,20170417.0,월,창경궁로(서울여자대학교),A-06,유입,성균관대입구->원남동사거리,16469.0,37.5831,127.0009,12시,1347.0
0,20170417.0,월,창경궁로(서울여자대학교),A-06,유입,성균관대입구->원남동사거리,16469.0,37.5831,127.0009,13시,867.0
0,20170417.0,월,창경궁로(서울여자대학교),A-06,유입,성균관대입구->원남동사거리,16469.0,37.5831,127.0009,14시,822.0
0,20170417.0,월,창경궁로(서울여자대학교),A-06,유입,성균관대입구->원남동사거리,16469.0,37.5831,127.0009,15시,1004.0
0,20170417.0,월,창경궁로(서울여자대학교),A-06,유입,성균관대입구->원남동사거리,16469.0,37.5831,127.0009,16시,1153.0
0,20170417.0,월,창경궁로(서울여자대학교),A-06,유입,성균관대입구->원남동사거리,16469.0,37.5831,127.0009,17시,1179.0
0,20170417.0,월,창경궁로(서울여자대학교),A-06,유입,성균관대입구->원남동사거리,16469.0,37.5831,127.0009,18시,1068.0
0,20170417.0,월,창경궁로(서울여자대학교),A-06,유입,성균관대입구->원남동사거리,16469.0,37.5831,127.0009,19시,849.0
0,20170417.0,월,창경궁로(서울여자대학교),A-06,유입,성균관대입구->원남동사거리,16469.0,37.5831,127.0009,20시,971.0
0,20170418.0,화,창경궁로(서울여자대학교),A-06,유입,성균관대입구->원남동사거리,17376.0,37.5831,127.0009,8시,2404.0
0,20170418.0,화,창경궁로(서울여자대학교),A-06,유입,성균관대입구->원남동사거리,17376.0,37.5831,127.0009,9시,1902.0
0,20170418.0,화,창경궁로(서울여자대학교),A-06,유입,성균관대입구->원남동사거리,17376.0,37.5831,127.0009,10시,1504.0
0,20170418.0,화,창경궁로(서울여자대학교),A-06,유입,성균관대입구->원남동사거리,17376.0,37.5831,127.0009,11시,1117.0
0,20170418.0,화,창경궁로(서울여자대학교),A-06,유입,성균관대입구->원남동사거리,17376.0,37.5831,127.0009,12시,1281.0
0,20170418.0,화,창경궁로(서울여자대학교),A-06,유입,성균관대입구->원남동사거리,17376.0,37.5831,127.0009,13시,1290.0
0,20170418.0,화,창경궁로(서울여자대학교),A-06,유입,성균관대입구->원남동사거리,17376.0,37.5831,127.0009,14시,1185.0
0,20170418.0,화,창경궁로(서울여자대학교),A-06,유입,성균관대입구->원남동사거리,17376.0,37.5831,127.0009,15시,1128.0
0,20170418.0,화,창경궁로(서울여자대학교),A-06,유입,성균관대입구->원남동사거리,17376.0,37.5831,127.0009,16시,1293.0
0,20170418.0,화,창경궁로(서울여자대학교),A-06,유입,성균관대입구->원남동사거리,17376.0,37.5831,127.0009,17시,1233.0
0,20170418.0,화,창경궁로(서울여자대학교),A-06,유입,성균관대입구->원남동사거리,17376.0,37.5831,127.0009,18시,1119.0
0,20170418.0,화,창경궁로(서울여자대학교),A-06,유입,성균관대입구->원남동사거리,17376.0,37.5831,127.0009,19시,939.0
0,20170418.0,화,창경궁로(서울여자대학교),A-06,유입,성균관대입구->원남동사거리,17376.0,37.5831,127.0009,20시,981.0
0,20170419.0,수,창경궁로(서울여자대학교),A-06,유입,성균관대입구->원남동사거리,18040.0,37.5831,127.0009,8시,2390.0
0,20170419.0,수,창경궁로(서울여자대학교),A-06,유입,성균관대입구->원남동사거리,18040.0,37.5831,127.0009,9시,1758.0
0,20170419.0,수,창경궁로(서울여자대학교),A-06,유입,성균관대입구->원남동사거리,18040.0,37.5831,127.0009,10시,1685.0
0,20170419.0,수,창경궁로(서울여자대학교),A-06,유입,성균관대입구->원남동사거리,18040.0,37.5831,127.0009,11시,1442.0
0,20170419.0,수,창경궁로(서울여자대학교),A-06,유입,성균관대입구->원남동사거리,18040.0,37.5831,127.0009,12시,1373.0
0,20170419.0,수,창경궁로(서울여자대학교),A-06,유입,성균관대입구->원남동사거리,18040.0,37.5831,127.0009,13시,1362.0
0,20170419.0,수,창경궁로(서울여자대학교),A-06,유입,성균관대입구->원남동사거리,18040.0,37.5831,127.0009,14시,1260.0
0,20170419.0,수,창경궁로(서울여자대학교),A-06,유입,성균관대입구->원남동사거리,18040.0,37.5831,127.0009,15시,1182.0
0,20170419.0,수,창경궁로(서울여자대학교),A-06,유입,성균관대입구->원남동사거리,18040.0,37.5831,127.0009,16시,1237.0
0,20170419.0,수,창경궁로(서울여자대학교),A-06,유입,성균관대입구->원남동사거리,18040.0,37.5831,127.0009,17시,1244.0
0,20170419.0,수,창경궁로(서울여자대학교),A-06,유입,성균관대입구->원남동사거리,18040.0,37.5831,127.0009,18시,1166.0
0,20170419.0,수,창경궁로(서울여자대학교),A-06,유입,성균관대입구->원남동사거리,18040.0,37.5831,127.0009,19시,950.0
0,20170419.0,수,창경궁로(서울여자대학교),A-06,유입,성균관대입구->원남동사거리,18040.0,37.5831,127.0009,20시,991.0
0,20170420.0,목,창경궁로(서울여자대학교),A-06,유입,성균관대입구->원남동사거리,17887.0,37.5831,127.0009,8시,2421.0
0,20170420.0,목,창경궁로(서울여자대학교),A-06,유입,성균관대입구->원남동사거리,17887.0,37.5831,127.0009,9시,1914.0
0,20170420.0,목,창경궁로(서울여자대학교),A-06,유입,성균관대입구->원남동사거리,17887.0,37.5831,127.0009,10시,1628.0
0,20170420.0,목,창경궁로(서울여자대학교),A-06,유입,성균관대입구->원남동사거리,17887.0,37.5831,127.0009,11시,1441.0
0,20170420.0,목,창경궁로(서울여자대학교),A-06,유입,성균관대입구->원남동사거리,17887.0,37.5831,127.0009,12시,1365.0
0,20170420.0,목,창경궁로(서울여자대학교),A-06,유입,성균관대입구->원남동사거리,17887.0,37.5831,127.0009,13시,1323.0
0,20170420.0,목,창경궁로(서울여자대학교),A-06,유입,성균관대입구->원남동사거리,17887.0,37.5831,127.0009,14시,1246.0
0,20170420.0,목,창경궁로(서울여자대학교),A-06,유입,성균관대입구->원남동사거리,17887.0,37.5831,127.0009,15시,1212.0
0,20170420.0,목,창경궁로(서울여자대학교),A-06,유입,성균관대입구->원남동사거리,17887.0,37.5831,127.0009,16시,1222.0
0,20170420.0,목,창경궁로(서울여자대학교),A-06,유입,성균관대입구->원남동사거리,17887.0,37.5831,127.0009,17시,1097.0
0,20170420.0,목,창경궁로(서울여자대학교),A-06,유입,성균관대입구->원남동사거리,17887.0,37.5831,127.0009,18시,1044.0
0,20170420.0,목,창경궁로(서울여자대학교),A-06,유입,성균관대입구->원남동사거리,17887.0,37.5831,127.0009,19시,976.0
0,20170420.0,목,창경궁로(서울여자대학교),A-06,유입,성균관대입구->원남동사거리,17887.0,37.5831,127.0009,20시,998.0
0,20170421.0,금,창경궁로(서울여자대학교),A-06,유입,성균관대입구->원남동사거리,18126.0,37.5831,127.0009,8시,2333.0
0,20170421.0,금,창경궁로(서울여자대학교),A-06,유입,성균관대입구->원남동사거리,18126.0,37.5831,127.0009,9시,1772.0
0,20170421.0,금,창경궁로(서울여자대학교),A-06,유입,성균관대입구->원남동사거리,18126.0,37.5831,127.0009,10시,1606.0
0,20170421.0,금,창경궁로(서울여자대학교),A-06,유입,성균관대입구->원남동사거리,18126.0,37.5831,127.0009,11시,1379.0
0,20170421.0,금,창경궁로(서울여자대학교),A-06,유입,성균관대입구->원남동사거리,18126.0,37.5831,127.0009,12시,1297.0
0,20170421.0,금,창경궁로(서울여자대학교),A-06,유입,성균관대입구->원남동사거리,18126.0,37.5831,127.0009,13시,1395.0
0,20170421.0,금,창경궁로(서울여자대학교),A-06,유입,성균관대입구->원남동사거리,18126.0,37.5831,127.0009,14시,1327.0
0,20170421.0,금,창경궁로(서울여자대학교),A-06,유입,성균관대입구->원남동사거리,18126.0,37.5831,127.0009,15시,1255.0
0,20170421.0,금,창경궁로(서울여자대학교),A-06,유입,성균관대입구->원남동사거리,18126.0,37.5831,127.0009,16시,1329.0
0,20170421.0,금,창경궁로(서울여자대학교),A-06,유입,성균관대입구->원남동사거리,18126.0,37.5831,127.0009,17시,1198.0
0,20170421.0,금,창경궁로(서울여자대학교),A-06,유입,성균관대입구->원남동사거리,18126.0,37.5831,127.0009,18시,1139.0
0,20170421.0,금,창경궁로(서울여자대학교),A-06,유입,성균관대입구->원남동사거리,18126.0,37.5831,127.0009,19시,1020.0
0,20170421.0,금,창경궁로(서울여자대학교),A-06,유입,성균관대입구->원남동사거리,18126.0,37.5831,127.0009,20시,1076.0
0,20170422.0,토,창경궁로(서울여자대학교),A-06,유입,성균관대입구->원남동사거리,18917.0,37.5831,127.0009,8시,1670.0
0,20170422.0,토,창경궁로(서울여자대학교),A-06,유입,성균관대입구->원남동사거리,18917.0,37.5831,127.0009,9시,1563.0
0,20170422.0,토,창경궁로(서울여자대학교),A-06,유입,성균관대입구->원남동사거리,18917.0,37.5831,127.0009,10시,1631.0
0,20170422.0,토,창경궁로(서울여자대학교),A-06,유입,성균관대입구->원남동사거리,18917.0,37.5831,127.0009,11시,1740.0
0,20170422.0,토,창경궁로(서울여자대학교),A-06,유입,성균관대입구->원남동사거리,18917.0,37.5831,127.0009,12시,1642.0
0,20170422.0,토,창경궁로(서울여자대학교),A-06,유입,성균관대입구->원남동사거리,18917.0,37.5831,127.0009,13시,1596.0
0,20170422.0,토,창경궁로(서울여자대학교),A-06,유입,성균관대입구->원남동사거리,18917.0,37.5831,127.0009,14시,1494.0
0,20170422.0,토,창경궁로(서울여자대학교),A-06,유입,성균관대입구->원남동사거리,18917.0,37.5831,127.0009,15시,1494.0
0,20170422.0,토,창경궁로(서울여자대학교),A-06,유입,성균관대입구->원남동사거리,18917.0,37.5831,127.0009,16시,1421.0
0,20170422.0,토,창경궁로(서울여자대학교),A-06,유입,성균관대입구->원남동사거리,18917.0,37.5831,127.0009,17시,1390.0
0,20170422.0,토,창경궁로(서울여자대학교),A-06,유입,성균관대입구->원남동사거리,18917.0,37.5831,127.0009,18시,1140.0
0,20170422.0,토,창경궁로(서울여자대학교),A-06,유입,성균관대입구->원남동사거리,18917.0,37.5831,127.0009,19시,1035.0
0,20170422.0,토,창경궁로(서울여자대학교),A-06,유입,성균관대입구->원남동사거리,18917.0,37.5831,127.0009,20시,1101.0
0,20170423.0,일,창경궁로(서울여자대학교),A-06,유입,성균관대입구->원남동사거리,16995.0,37.5831,127.0009,8시,1186.0
0,20170423.0,일,창경궁로(서울여자대학교),A-06,유입,성균관대입구->원남동사거리,16995.0,37.5831,127.0009,9시,1332.0
0,20170423.0,일,창경궁로(서울여자대학교),A-06,유입,성균관대입구->원남동사거리,16995.0,37.5831,127.0009,10시,1436.0
0,20170423.0,일,창경궁로(서울여자대학교),A-06,유입,성균관대입구->원남동사거리,16995.0,37.5831,127.0009,11시,1404.0
0,20170423.0,일,창경궁로(서울여자대학교),A-06,유입,성균관대입구->원남동사거리,16995.0,37.5831,127.0009,12시,1471.0
0,20170423.0,일,창경궁로(서울여자대학교),A-06,유입,성균관대입구->원남동사거리,16995.0,37.5831,127.0009,13시,1532.0
0,20170423.0,일,창경궁로(서울여자대학교),A-06,유입,성균관대입구->원남동사거리,16995.0,37.5831,127.0009,14시,1472.0
0,20170423.0,일,창경궁로(서울여자대학교),A-06,유입,성균관대입구->원남동사거리,16995.0,37.5831,127.0009,15시,1338.0
0,20170423.0,일,창경궁로(서울여자대학교),A-06,유입,성균관대입구->원남동사거리,16995.0,37.5831,127.0009,16시,1257.0
0,20170423.0,일,창경궁로(서울여자대학교),A-06,유입,성균관대입구->원남동사거리,16995.0,37.5831,127.0009,17시,1275.0
0,20170423.0,일,창경궁로(서울여자대학교),A-06,유입,성균관대입구->원남동사거리,16995.0,37.5831,127.0009,18시,1177.0
0,20170423.0,일,창경궁로(서울여자대학교),A-06,유입,성균관대입구->원남동사거리,16995.0,37.5831,127.0009,19시,1090.0
0,20170423.0,일,창경궁로(서울여자대학교),A-06,유입,성균관대입구->원남동사거리,16995.0,37.5831,127.0009,20시,1025.0
0,20170424.0,월,창경궁로(서울여자대학교),A-06,유입,성균관대입구->원남동사거리,14813.0,37.5831,127.0009,8시,2322.0
0,20170424.0,월,창경궁로(서울여자대학교),A-06,유입,성균관대입구->원남동사거리,14813.0,37.5831,127.0009,9시,1892.0
0,20170424.0,월,창경궁로(서울여자대학교),A-06,유입,성균관대입구->원남동사거리,14813.0,37.5831,127.0009,10시,1576.0
0,20170424.0,월,창경궁로(서울여자대학교),A-06,유입,성균관대입구->원남동사거리,14813.0,37.5831,127.0009,11시,1141.0
0,20170424.0,월,창경궁로(서울여자대학교),A-06,유입,성균관대입구->원남동사거리,14813.0,37.5831,127.0009,12시,806.0
0,20170424.0,월,창경궁로(서울여자대학교),A-06,유입,성균관대입구->원남동사거리,14813.0,37.5831,127.0009,13시,709.0
0,20170424.0,월,창경궁로(서울여자대학교),A-06,유입,성균관대입구->원남동사거리,14813.0,37.5831,127.0009,14시,781.0
0,20170424.0,월,창경궁로(서울여자대학교),A-06,유입,성균관대입구->원남동사거리,14813.0,37.5831,127.0009,15시,804.0
0,20170424.0,월,창경궁로(서울여자대학교),A-06,유입,성균관대입구->원남동사거리,14813.0,37.5831,127.0009,16시,862.0
0,20170424.0,월,창경궁로(서울여자대학교),A-06,유입,성균관대입구->원남동사거리,14813.0,37.5831,127.0009,17시,909.0
0,20170424.0,월,창경궁로(서울여자대학교),A-06,유입,성균관대입구->원남동사거리,14813.0,37.5831,127.0009,18시,1120.0
0,20170424.0,월,창경궁로(서울여자대학교),A-06,유입,성균관대입구->원남동사거리,14813.0,37.5831,127.0009,19시,904.0
0,20170424.0,월,창경궁로(서울여자대학교),A-06,유입,성균관대입구->원남동사거리,14813.0,37.5831,127.0009,20시,987.0
0,20170425.0,화,창경궁로(서울여자대학교),A-06,유입,성균관대입구->원남동사거리,17999.0,37.5831,127.0009,8시,2341.0
0,20170425.0,화,창경궁로(서울여자대학교),A-06,유입,성균관대입구->원남동사거리,17999.0,37.5831,127.0009,9시,1917.0
0,20170425.0,화,창경궁로(서울여자대학교),A-06,유입,성균관대입구->원남동사거리,17999.0,37.5831,127.0009,10시,1616.0
0,20170425.0,화,창경궁로(서울여자대학교),A-06,유입,성균관대입구->원남동사거리,17999.0,37.5831,127.0009,11시,1378.0
0,20170425.0,화,창경궁로(서울여자대학교),A-06,유입,성균관대입구->원남동사거리,17999.0,37.5831,127.0009,12시,1428.0
0,20170425.0,화,창경궁로(서울여자대학교),A-06,유입,성균관대입구->원남동사거리,17999.0,37.5831,127.0009,13시,1320.0
0,20170425.0,화,창경궁로(서울여자대학교),A-06,유입,성균관대입구->원남동사거리,17999.0,37.5831,127.0009,14시,1361.0
0,20170425.0,화,창경궁로(서울여자대학교),A-06,유입,성균관대입구->원남동사거리,17999.0,37.5831,127.0009,15시,1204.0
0,20170425.0,화,창경궁로(서울여자대학교),A-06,유입,성균관대입구->원남동사거리,17999.0,37.5831,127.0009,16시,1223.0
0,20170425.0,화,창경궁로(서울여자대학교),A-06,유입,성균관대입구->원남동사거리,17999.0,37.5831,127.0009,17시,1180.0
0,20170425.0,화,창경궁로(서울여자대학교),A-06,유입,성균관대입구->원남동사거리,17999.0,37.5831,127.0009,18시,1037.0
0,20170425.0,화,창경궁로(서울여자대학교),A-06,유입,성균관대입구->원남동사거리,17999.0,37.5831,127.0009,19시,1015.0
0,20170425.0,화,창경궁로(서울여자대학교),A-06,유입,성균관대입구->원남동사거리,17999.0,37.5831,127.0009,20시,979.0
0,20170426.0,수,창경궁로(서울여자대학교),A-06,유입,성균관대입구->원남동사거리,18136.0,37.5831,127.0009,8시,2403.0
0,20170426.0,수,창경궁로(서울여자대학교),A-06,유입,성균관대입구->원남동사거리,18136.0,37.5831,127.0009,9시,1920.0
0,20170426.0,수,창경궁로(서울여자대학교),A-06,유입,성균관대입구->원남동사거리,18136.0,37.5831,127.0009,10시,1607.0
0,20170426.0,수,창경궁로(서울여자대학교),A-06,유입,성균관대입구->원남동사거리,18136.0,37.5831,127.0009,11시,1345.0
0,20170426.0,수,창경궁로(서울여자대학교),A-06,유입,성균관대입구->원남동사거리,18136.0,37.5831,127.0009,12시,1463.0
0,20170426.0,수,창경궁로(서울여자대학교),A-06,유입,성균관대입구->원남동사거리,18136.0,37.5831,127.0009,13시,1354.0
0,20170426.0,수,창경궁로(서울여자대학교),A-06,유입,성균관대입구->원남동사거리,18136.0,37.5831,127.0009,14시,1307.0
0,20170426.0,수,창경궁로(서울여자대학교),A-06,유입,성균관대입구->원남동사거리,18136.0,37.5831,127.0009,15시,1336.0
0,20170426.0,수,창경궁로(서울여자대학교),A-06,유입,성균관대입구->원남동사거리,18136.0,37.5831,127.0009,16시,1250.0
0,20170426.0,수,창경궁로(서울여자대학교),A-06,유입,성균관대입구->원남동사거리,18136.0,37.5831,127.0009,17시,1157.0
0,20170426.0,수,창경궁로(서울여자대학교),A-06,유입,성균관대입구->원남동사거리,18136.0,37.5831,127.0009,18시,1061.0
0,20170426.0,수,창경궁로(서울여자대학교),A-06,유입,성균관대입구->원남동사거리,18136.0,37.5831,127.0009,19시,956.0
0,20170426.0,수,창경궁로(서울여자대학교),A-06,유입,성균관대입구->원남동사거리,18136.0,37.5831,127.0009,20시,977.0
0,20170427.0,목,창경궁로(서울여자대학교),A-06,유입,성균관대입구->원남동사거리,18321.0,37.5831,127.0009,8시,2353.0
0,20170427.0,목,창경궁로(서울여자대학교),A-06,유입,성균관대입구->원남동사거리,18321.0,37.5831,127.0009,9시,1920.0
0,20170427.0,목,창경궁로(서울여자대학교),A-06,유입,성균관대입구->원남동사거리,18321.0,37.5831,127.0009,10시,1630.0
0,20170427.0,목,창경궁로(서울여자대학교),A-06,유입,성균관대입구->원남동사거리,18321.0,37.5831,127.0009,11시,1404.0
0,20170427.0,목,창경궁로(서울여자대학교),A-06,유입,성균관대입구->원남동사거리,18321.0,37.5831,127.0009,12시,1362.0
0,20170427.0,목,창경궁로(서울여자대학교),A-06,유입,성균관대입구->원남동사거리,18321.0,37.5831,127.0009,13시,1433.0
0,20170427.0,목,창경궁로(서울여자대학교),A-06,유입,성균관대입구->원남동사거리,18321.0,37.5831,127.0009,14시,1300.0
0,20170427.0,목,창경궁로(서울여자대학교),A-06,유입,성균관대입구->원남동사거리,18321.0,37.5831,127.0009,15시,1265.0
0,20170427.0,목,창경궁로(서울여자대학교),A-06,유입,성균관대입구->원남동사거리,18321.0,37.5831,127.0009,16시,1332.0
0,20170427.0,목,창경궁로(서울여자대학교),A-06,유입,성균관대입구->원남동사거리,18321.0,37.5831,127.0009,17시,1164.0
0,20170427.0,목,창경궁로(서울여자대학교),A-06,유입,성균관대입구->원남동사거리,18321.0,37.5831,127.0009,18시,1109.0
0,20170427.0,목,창경궁로(서울여자대학교),A-06,유입,성균관대입구->원남동사거리,18321.0,37.5831,127.0009,19시,976.0
0,20170427.0,목,창경궁로(서울여자대학교),A-06,유입,성균관대입구->원남동사거리,18321.0,37.5831,127.0009,20시,1073.0
0,20170428.0,금,창경궁로(서울여자대학교),A-06,유입,성균관대입구->원남동사거리,18171.0,37.5831,127.0009,8시,2238.0
0,20170428.0,금,창경궁로(서울여자대학교),A-06,유입,성균관대입구->원남동사거리,18171.0,37.5831,127.0009,9시,1870.0
0,20170428.0,금,창경궁로(서울여자대학교),A-06,유입,성균관대입구->원남동사거리,18171.0,37.5831,127.0009,10시,1623.0
0,20170428.0,금,창경궁로(서울여자대학교),A-06,유입,성균관대입구->원남동사거리,18171.0,37.5831,127.0009,11시,1370.0
0,20170428.0,금,창경궁로(서울여자대학교),A-06,유입,성균관대입구->원남동사거리,18171.0,37.5831,127.0009,12시,1359.0
0,20170428.0,금,창경궁로(서울여자대학교),A-06,유입,성균관대입구->원남동사거리,18171.0,37.5831,127.0009,13시,1396.0
0,20170428.0,금,창경궁로(서울여자대학교),A-06,유입,성균관대입구->원남동사거리,18171.0,37.5831,127.0009,14시,1329.0
0,20170428.0,금,창경궁로(서울여자대학교),A-06,유입,성균관대입구->원남동사거리,18171.0,37.5831,127.0009,15시,1330.0
0,20170428.0,금,창경궁로(서울여자대학교),A-06,유입,성균관대입구->원남동사거리,18171.0,37.5831,127.0009,16시,1231.0
0,20170428.0,금,창경궁로(서울여자대학교),A-06,유입,성균관대입구->원남동사거리,18171.0,37.5831,127.0009,17시,1246.0
0,20170428.0,금,창경궁로(서울여자대학교),A-06,유입,성균관대입구->원남동사거리,18171.0,37.5831,127.0009,18시,1143.0
0,20170428.0,금,창경궁로(서울여자대학교),A-06,유입,성균관대입구->원남동사거리,18171.0,37.5831,127.0009,19시,1000.0
0,20170428.0,금,창경궁로(서울여자대학교),A-06,유입,성균관대입구->원남동사거리,18171.0,37.5831,127.0009,20시,1036.0
0,20170429.0,토,창경궁로(서울여자대학교),A-06,유입,성균관대입구->원남동사거리,19032.0,37.5831,127.0009,8시,1634.0
0,20170429.0,토,창경궁로(서울여자대학교),A-06,유입,성균관대입구->원남동사거리,19032.0,37.5831,127.0009,9시,1660.0
0,20170429.0,토,창경궁로(서울여자대학교),A-06,유입,성균관대입구->원남동사거리,19032.0,37.5831,127.0009,10시,1647.0
0,20170429.0,토,창경궁로(서울여자대학교),A-06,유입,성균관대입구->원남동사거리,19032.0,37.5831,127.0009,11시,1570.0
0,20170429.0,토,창경궁로(서울여자대학교),A-06,유입,성균관대입구->원남동사거리,19032.0,37.5831,127.0009,12시,1575.0
0,20170429.0,토,창경궁로(서울여자대학교),A-06,유입,성균관대입구->원남동사거리,19032.0,37.5831,127.0009,13시,1633.0
0,20170429.0,토,창경궁로(서울여자대학교),A-06,유입,성균관대입구->원남동사거리,19032.0,37.5831,127.0009,14시,1558.0
0,20170429.0,토,창경궁로(서울여자대학교),A-06,유입,성균관대입구->원남동사거리,19032.0,37.5831,127.0009,15시,1619.0
0,20170429.0,토,창경궁로(서울여자대학교),A-06,유입,성균관대입구->원남동사거리,19032.0,37.5831,127.0009,16시,1478.0
0,20170429.0,토,창경궁로(서울여자대학교),A-06,유입,성균관대입구->원남동사거리,19032.0,37.5831,127.0009,17시,1445.0
0,20170429.0,토,창경궁로(서울여자대학교),A-06,유입,성균관대입구->원남동사거리,19032.0,37.5831,127.0009,18시,1173.0
0,20170429.0,토,창경궁로(서울여자대학교),A-06,유입,성균관대입구->원남동사거리,19032.0,37.5831,127.0009,19시,1050.0
0,20170429.0,토,창경궁로(서울여자대학교),A-06,유입,성균관대입구->원남동사거리,19032.0,37.5831,127.0009,20시,990.0
0,20170430.0,일,창경궁로(서울여자대학교),A-06,유입,성균관대입구->원남동사거리,16344.0,37.5831,127.0009,8시,1098.0
0,20170430.0,일,창경궁로(서울여자대학교),A-06,유입,성균관대입구->원남동사거리,16344.0,37.5831,127.0009,9시,1278.0
0,20170430.0,일,창경궁로(서울여자대학교),A-06,유입,성균관대입구->원남동사거리,16344.0,37.5831,127.0009,10시,1407.0
0,20170430.0,일,창경궁로(서울여자대학교),A-06,유입,성균관대입구->원남동사거리,16344.0,37.5831,127.0009,11시,1324.0
0,20170430.0,일,창경궁로(서울여자대학교),A-06,유입,성균관대입구->원남동사거리,16344.0,37.5831,127.0009,12시,1280.0
0,20170430.0,일,창경궁로(서울여자대학교),A-06,유입,성균관대입구->원남동사거리,16344.0,37.5831,127.0009,13시,1373.0
0,20170430.0,일,창경궁로(서울여자대학교),A-06,유입,성균관대입구->원남동사거리,16344.0,37.5831,127.0009,14시,1455.0
0,20170430.0,일,창경궁로(서울여자대학교),A-06,유입,성균관대입구->원남동사거리,16344.0,37.5831,127.0009,15시,1345.0
0,20170430.0,일,창경궁로(서울여자대학교),A-06,유입,성균관대입구->원남동사거리,16344.0,37.5831,127.0009,16시,1271.0
0,20170430.0,일,창경궁로(서울여자대학교),A-06,유입,성균관대입구->원남동사거리,16344.0,37.5831,127.0009,17시,1279.0
0,20170430.0,일,창경궁로(서울여자대학교),A-06,유입,성균관대입구->원남동사거리,16344.0,37.5831,127.0009,18시,1140.0
0,20170430.0,일,창경궁로(서울여자대학교),A-06,유입,성균관대입구->원남동사거리,16344.0,37.5831,127.0009,19시,1060.0
0,20170430.0,일,창경궁로(서울여자대학교),A-06,유입,성균관대입구->원남동사거리,16344.0,37.5831,127.0009,20시,1034.0
0,20170401.0,토,창경궁로(서울여자대학교),A-06,유출,원남동사거리->성균관대입구,8321.0,37.5831,127.0009,8시,418.0
0,20170401.0,토,창경궁로(서울여자대학교),A-06,유출,원남동사거리->성균관대입구,8321.0,37.5831,127.0009,9시,444.0
0,20170401.0,토,창경궁로(서울여자대학교),A-06,유출,원남동사거리->성균관대입구,8321.0,37.5831,127.0009,10시,452.0
0,20170401.0,토,창경궁로(서울여자대학교),A-06,유출,원남동사거리->성균관대입구,8321.0,37.5831,127.0009,11시,523.0
0,20170401.0,토,창경궁로(서울여자대학교),A-06,유출,원남동사거리->성균관대입구,8321.0,37.5831,127.0009,12시,507.0
0,20170401.0,토,창경궁로(서울여자대학교),A-06,유출,원남동사거리->성균관대입구,8321.0,37.5831,127.0009,13시,483.0
0,20170401.0,토,창경궁로(서울여자대학교),A-06,유출,원남동사거리->성균관대입구,8321.0,37.5831,127.0009,14시,839.0
0,20170401.0,토,창경궁로(서울여자대학교),A-06,유출,원남동사거리->성균관대입구,8321.0,37.5831,127.0009,15시,793.0
0,20170401.0,토,창경궁로(서울여자대학교),A-06,유출,원남동사거리->성균관대입구,8321.0,37.5831,127.0009,16시,645.0
0,20170401.0,토,창경궁로(서울여자대학교),A-06,유출,원남동사거리->성균관대입구,8321.0,37.5831,127.0009,17시,699.0
0,20170401.0,토,창경궁로(서울여자대학교),A-06,유출,원남동사거리->성균관대입구,8321.0,37.5831,127.0009,18시,862.0
0,20170401.0,토,창경궁로(서울여자대학교),A-06,유출,원남동사거리->성균관대입구,8321.0,37.5831,127.0009,19시,780.0
0,20170401.0,토,창경궁로(서울여자대학교),A-06,유출,원남동사거리->성균관대입구,8321.0,37.5831,127.0009,20시,876.0
0,20170402.0,일,창경궁로(서울여자대학교),A-06,유출,원남동사거리->성균관대입구,10219.0,37.5831,127.0009,8시,434.0
0,20170402.0,일,창경궁로(서울여자대학교),A-06,유출,원남동사거리->성균관대입구,10219.0,37.5831,127.0009,9시,519.0
0,20170402.0,일,창경궁로(서울여자대학교),A-06,유출,원남동사거리->성균관대입구,10219.0,37.5831,127.0009,10시,583.0
0,20170402.0,일,창경궁로(서울여자대학교),A-06,유출,원남동사거리->성균관대입구,10219.0,37.5831,127.0009,11시,604.0
0,20170402.0,일,창경궁로(서울여자대학교),A-06,유출,원남동사거리->성균관대입구,10219.0,37.5831,127.0009,12시,671.0
0,20170402.0,일,창경궁로(서울여자대학교),A-06,유출,원남동사거리->성균관대입구,10219.0,37.5831,127.0009,13시,849.0
0,20170402.0,일,창경궁로(서울여자대학교),A-06,유출,원남동사거리->성균관대입구,10219.0,37.5831,127.0009,14시,935.0
0,20170402.0,일,창경궁로(서울여자대학교),A-06,유출,원남동사거리->성균관대입구,10219.0,37.5831,127.0009,15시,864.0
0,20170402.0,일,창경궁로(서울여자대학교),A-06,유출,원남동사거리->성균관대입구,10219.0,37.5831,127.0009,16시,982.0
0,20170402.0,일,창경궁로(서울여자대학교),A-06,유출,원남동사거리->성균관대입구,10219.0,37.5831,127.0009,17시,955.0
0,20170402.0,일,창경궁로(서울여자대학교),A-06,유출,원남동사거리->성균관대입구,10219.0,37.5831,127.0009,18시,1003.0
0,20170402.0,일,창경궁로(서울여자대학교),A-06,유출,원남동사거리->성균관대입구,10219.0,37.5831,127.0009,19시,937.0
0,20170402.0,일,창경궁로(서울여자대학교),A-06,유출,원남동사거리->성균관대입구,10219.0,37.5831,127.0009,20시,883.0
0,20170403.0,월,창경궁로(서울여자대학교),A-06,유출,원남동사거리->성균관대입구,11697.0,37.5831,127.0009,8시,604.0
0,20170403.0,월,창경궁로(서울여자대학교),A-06,유출,원남동사거리->성균관대입구,11697.0,37.5831,127.0009,9시,628.0
0,20170403.0,월,창경궁로(서울여자대학교),A-06,유출,원남동사거리->성균관대입구,11697.0,37.5831,127.0009,10시,735.0
0,20170403.0,월,창경궁로(서울여자대학교),A-06,유출,원남동사거리->성균관대입구,11697.0,37.5831,127.0009,11시,833.0
0,20170403.0,월,창경궁로(서울여자대학교),A-06,유출,원남동사거리->성균관대입구,11697.0,37.5831,127.0009,12시,868.0
0,20170403.0,월,창경궁로(서울여자대학교),A-06,유출,원남동사거리->성균관대입구,11697.0,37.5831,127.0009,13시,785.0
0,20170403.0,월,창경궁로(서울여자대학교),A-06,유출,원남동사거리->성균관대입구,11697.0,37.5831,127.0009,14시,881.0
0,20170403.0,월,창경궁로(서울여자대학교),A-06,유출,원남동사거리->성균관대입구,11697.0,37.5831,127.0009,15시,935.0
0,20170403.0,월,창경궁로(서울여자대학교),A-06,유출,원남동사거리->성균관대입구,11697.0,37.5831,127.0009,16시,1018.0
0,20170403.0,월,창경궁로(서울여자대학교),A-06,유출,원남동사거리->성균관대입구,11697.0,37.5831,127.0009,17시,1119.0
0,20170403.0,월,창경궁로(서울여자대학교),A-06,유출,원남동사거리->성균관대입구,11697.0,37.5831,127.0009,18시,1170.0
0,20170403.0,월,창경궁로(서울여자대학교),A-06,유출,원남동사거리->성균관대입구,11697.0,37.5831,127.0009,19시,1125.0
0,20170403.0,월,창경궁로(서울여자대학교),A-06,유출,원남동사거리->성균관대입구,11697.0,37.5831,127.0009,20시,996.0
0,20170404.0,화,창경궁로(서울여자대학교),A-06,유출,원남동사거리->성균관대입구,11799.0,37.5831,127.0009,8시,681.0
0,20170404.0,화,창경궁로(서울여자대학교),A-06,유출,원남동사거리->성균관대입구,11799.0,37.5831,127.0009,9시,645.0
0,20170404.0,화,창경궁로(서울여자대학교),A-06,유출,원남동사거리->성균관대입구,11799.0,37.5831,127.0009,10시,708.0
0,20170404.0,화,창경궁로(서울여자대학교),A-06,유출,원남동사거리->성균관대입구,11799.0,37.5831,127.0009,11시,870.0
0,20170404.0,화,창경궁로(서울여자대학교),A-06,유출,원남동사거리->성균관대입구,11799.0,37.5831,127.0009,12시,848.0
0,20170404.0,화,창경궁로(서울여자대학교),A-06,유출,원남동사거리->성균관대입구,11799.0,37.5831,127.0009,13시,860.0
0,20170404.0,화,창경궁로(서울여자대학교),A-06,유출,원남동사거리->성균관대입구,11799.0,37.5831,127.0009,14시,903.0
0,20170404.0,화,창경궁로(서울여자대학교),A-06,유출,원남동사거리->성균관대입구,11799.0,37.5831,127.0009,15시,957.0
0,20170404.0,화,창경궁로(서울여자대학교),A-06,유출,원남동사거리->성균관대입구,11799.0,37.5831,127.0009,16시,1037.0
0,20170404.0,화,창경궁로(서울여자대학교),A-06,유출,원남동사거리->성균관대입구,11799.0,37.5831,127.0009,17시,1083.0
0,20170404.0,화,창경궁로(서울여자대학교),A-06,유출,원남동사거리->성균관대입구,11799.0,37.5831,127.0009,18시,1130.0
0,20170404.0,화,창경궁로(서울여자대학교),A-06,유출,원남동사거리->성균관대입구,11799.0,37.5831,127.0009,19시,1092.0
0,20170404.0,화,창경궁로(서울여자대학교),A-06,유출,원남동사거리->성균관대입구,11799.0,37.5831,127.0009,20시,985.0
0,20170405.0,수,창경궁로(서울여자대학교),A-06,유출,원남동사거리->성균관대입구,11262.0,37.5831,127.0009,8시,664.0
0,20170405.0,수,창경궁로(서울여자대학교),A-06,유출,원남동사거리->성균관대입구,11262.0,37.5831,127.0009,9시,657.0
0,20170405.0,수,창경궁로(서울여자대학교),A-06,유출,원남동사거리->성균관대입구,11262.0,37.5831,127.0009,10시,738.0
0,20170405.0,수,창경궁로(서울여자대학교),A-06,유출,원남동사거리->성균관대입구,11262.0,37.5831,127.0009,11시,853.0
0,20170405.0,수,창경궁로(서울여자대학교),A-06,유출,원남동사거리->성균관대입구,11262.0,37.5831,127.0009,12시,827.0
0,20170405.0,수,창경궁로(서울여자대학교),A-06,유출,원남동사거리->성균관대입구,11262.0,37.5831,127.0009,13시,787.0
0,20170405.0,수,창경궁로(서울여자대학교),A-06,유출,원남동사거리->성균관대입구,11262.0,37.5831,127.0009,14시,876.0
0,20170405.0,수,창경궁로(서울여자대학교),A-06,유출,원남동사거리->성균관대입구,11262.0,37.5831,127.0009,15시,893.0
0,20170405.0,수,창경궁로(서울여자대학교),A-06,유출,원남동사거리->성균관대입구,11262.0,37.5831,127.0009,16시,928.0
0,20170405.0,수,창경궁로(서울여자대학교),A-06,유출,원남동사거리->성균관대입구,11262.0,37.5831,127.0009,17시,972.0
0,20170405.0,수,창경궁로(서울여자대학교),A-06,유출,원남동사거리->성균관대입구,11262.0,37.5831,127.0009,18시,1077.0
0,20170405.0,수,창경궁로(서울여자대학교),A-06,유출,원남동사거리->성균관대입구,11262.0,37.5831,127.0009,19시,1006.0
0,20170405.0,수,창경궁로(서울여자대학교),A-06,유출,원남동사거리->성균관대입구,11262.0,37.5831,127.0009,20시,984.0
0,20170406.0,목,창경궁로(서울여자대학교),A-06,유출,원남동사거리->성균관대입구,11793.0,37.5831,127.0009,8시,649.0
0,20170406.0,목,창경궁로(서울여자대학교),A-06,유출,원남동사거리->성균관대입구,11793.0,37.5831,127.0009,9시,719.0
0,20170406.0,목,창경궁로(서울여자대학교),A-06,유출,원남동사거리->성균관대입구,11793.0,37.5831,127.0009,10시,766.0
0,20170406.0,목,창경궁로(서울여자대학교),A-06,유출,원남동사거리->성균관대입구,11793.0,37.5831,127.0009,11시,817.0
0,20170406.0,목,창경궁로(서울여자대학교),A-06,유출,원남동사거리->성균관대입구,11793.0,37.5831,127.0009,12시,841.0
0,20170406.0,목,창경궁로(서울여자대학교),A-06,유출,원남동사거리->성균관대입구,11793.0,37.5831,127.0009,13시,831.0
0,20170406.0,목,창경궁로(서울여자대학교),A-06,유출,원남동사거리->성균관대입구,11793.0,37.5831,127.0009,14시,873.0
0,20170406.0,목,창경궁로(서울여자대학교),A-06,유출,원남동사거리->성균관대입구,11793.0,37.5831,127.0009,15시,929.0
0,20170406.0,목,창경궁로(서울여자대학교),A-06,유출,원남동사거리->성균관대입구,11793.0,37.5831,127.0009,16시,1000.0
0,20170406.0,목,창경궁로(서울여자대학교),A-06,유출,원남동사거리->성균관대입구,11793.0,37.5831,127.0009,17시,1019.0
0,20170406.0,목,창경궁로(서울여자대학교),A-06,유출,원남동사거리->성균관대입구,11793.0,37.5831,127.0009,18시,1161.0
0,20170406.0,목,창경궁로(서울여자대학교),A-06,유출,원남동사거리->성균관대입구,11793.0,37.5831,127.0009,19시,1113.0
0,20170406.0,목,창경궁로(서울여자대학교),A-06,유출,원남동사거리->성균관대입구,11793.0,37.5831,127.0009,20시,1075.0
0,20170407.0,금,창경궁로(서울여자대학교),A-06,유출,원남동사거리->성균관대입구,11796.0,37.5831,127.0009,8시,627.0
0,20170407.0,금,창경궁로(서울여자대학교),A-06,유출,원남동사거리->성균관대입구,11796.0,37.5831,127.0009,9시,692.0
0,20170407.0,금,창경궁로(서울여자대학교),A-06,유출,원남동사거리->성균관대입구,11796.0,37.5831,127.0009,10시,725.0
0,20170407.0,금,창경궁로(서울여자대학교),A-06,유출,원남동사거리->성균관대입구,11796.0,37.5831,127.0009,11시,875.0
0,20170407.0,금,창경궁로(서울여자대학교),A-06,유출,원남동사거리->성균관대입구,11796.0,37.5831,127.0009,12시,869.0
0,20170407.0,금,창경궁로(서울여자대학교),A-06,유출,원남동사거리->성균관대입구,11796.0,37.5831,127.0009,13시,851.0
0,20170407.0,금,창경궁로(서울여자대학교),A-06,유출,원남동사거리->성균관대입구,11796.0,37.5831,127.0009,14시,895.0
0,20170407.0,금,창경궁로(서울여자대학교),A-06,유출,원남동사거리->성균관대입구,11796.0,37.5831,127.0009,15시,935.0
0,20170407.0,금,창경궁로(서울여자대학교),A-06,유출,원남동사거리->성균관대입구,11796.0,37.5831,127.0009,16시,1060.0
0,20170407.0,금,창경궁로(서울여자대학교),A-06,유출,원남동사거리->성균관대입구,11796.0,37.5831,127.0009,17시,1016.0
0,20170407.0,금,창경궁로(서울여자대학교),A-06,유출,원남동사거리->성균관대입구,11796.0,37.5831,127.0009,18시,1125.0
0,20170407.0,금,창경궁로(서울여자대학교),A-06,유출,원남동사거리->성균관대입구,11796.0,37.5831,127.0009,19시,1147.0
0,20170407.0,금,창경궁로(서울여자대학교),A-06,유출,원남동사거리->성균관대입구,11796.0,37.5831,127.0009,20시,979.0
0,20170408.0,토,창경궁로(서울여자대학교),A-06,유출,원남동사거리->성균관대입구,10767.0,37.5831,127.0009,8시,626.0
0,20170408.0,토,창경궁로(서울여자대학교),A-06,유출,원남동사거리->성균관대입구,10767.0,37.5831,127.0009,9시,699.0
0,20170408.0,토,창경궁로(서울여자대학교),A-06,유출,원남동사거리->성균관대입구,10767.0,37.5831,127.0009,10시,744.0
0,20170408.0,토,창경궁로(서울여자대학교),A-06,유출,원남동사거리->성균관대입구,10767.0,37.5831,127.0009,11시,752.0
0,20170408.0,토,창경궁로(서울여자대학교),A-06,유출,원남동사거리->성균관대입구,10767.0,37.5831,127.0009,12시,807.0
0,20170408.0,토,창경궁로(서울여자대학교),A-06,유출,원남동사거리->성균관대입구,10767.0,37.5831,127.0009,13시,941.0
0,20170408.0,토,창경궁로(서울여자대학교),A-06,유출,원남동사거리->성균관대입구,10767.0,37.5831,127.0009,14시,881.0
0,20170408.0,토,창경궁로(서울여자대학교),A-06,유출,원남동사거리->성균관대입구,10767.0,37.5831,127.0009,15시,887.0
0,20170408.0,토,창경궁로(서울여자대학교),A-06,유출,원남동사거리->성균관대입구,10767.0,37.5831,127.0009,16시,768.0
0,20170408.0,토,창경궁로(서울여자대학교),A-06,유출,원남동사거리->성균관대입구,10767.0,37.5831,127.0009,17시,802.0
0,20170408.0,토,창경궁로(서울여자대학교),A-06,유출,원남동사거리->성균관대입구,10767.0,37.5831,127.0009,18시,951.0
0,20170408.0,토,창경궁로(서울여자대학교),A-06,유출,원남동사거리->성균관대입구,10767.0,37.5831,127.0009,19시,989.0
0,20170408.0,토,창경궁로(서울여자대학교),A-06,유출,원남동사거리->성균관대입구,10767.0,37.5831,127.0009,20시,920.0
0,20170409.0,일,창경궁로(서울여자대학교),A-06,유출,원남동사거리->성균관대입구,10499.0,37.5831,127.0009,8시,418.0
0,20170409.0,일,창경궁로(서울여자대학교),A-06,유출,원남동사거리->성균관대입구,10499.0,37.5831,127.0009,9시,586.0
0,20170409.0,일,창경궁로(서울여자대학교),A-06,유출,원남동사거리->성균관대입구,10499.0,37.5831,127.0009,10시,652.0
0,20170409.0,일,창경궁로(서울여자대학교),A-06,유출,원남동사거리->성균관대입구,10499.0,37.5831,127.0009,11시,615.0
0,20170409.0,일,창경궁로(서울여자대학교),A-06,유출,원남동사거리->성균관대입구,10499.0,37.5831,127.0009,12시,713.0
0,20170409.0,일,창경궁로(서울여자대학교),A-06,유출,원남동사거리->성균관대입구,10499.0,37.5831,127.0009,13시,792.0
0,20170409.0,일,창경궁로(서울여자대학교),A-06,유출,원남동사거리->성균관대입구,10499.0,37.5831,127.0009,14시,935.0
0,20170409.0,일,창경궁로(서울여자대학교),A-06,유출,원남동사거리->성균관대입구,10499.0,37.5831,127.0009,15시,970.0
0,20170409.0,일,창경궁로(서울여자대학교),A-06,유출,원남동사거리->성균관대입구,10499.0,37.5831,127.0009,16시,999.0
0,20170409.0,일,창경궁로(서울여자대학교),A-06,유출,원남동사거리->성균관대입구,10499.0,37.5831,127.0009,17시,1041.0
0,20170409.0,일,창경궁로(서울여자대학교),A-06,유출,원남동사거리->성균관대입구,10499.0,37.5831,127.0009,18시,936.0
0,20170409.0,일,창경궁로(서울여자대학교),A-06,유출,원남동사거리->성균관대입구,10499.0,37.5831,127.0009,19시,931.0
0,20170409.0,일,창경궁로(서울여자대학교),A-06,유출,원남동사거리->성균관대입구,10499.0,37.5831,127.0009,20시,911.0
0,20170410.0,월,창경궁로(서울여자대학교),A-06,유출,원남동사거리->성균관대입구,11539.0,37.5831,127.0009,8시,632.0
0,20170410.0,월,창경궁로(서울여자대학교),A-06,유출,원남동사거리->성균관대입구,11539.0,37.5831,127.0009,9시,658.0
0,20170410.0,월,창경궁로(서울여자대학교),A-06,유출,원남동사거리->성균관대입구,11539.0,37.5831,127.0009,10시,731.0
0,20170410.0,월,창경궁로(서울여자대학교),A-06,유출,원남동사거리->성균관대입구,11539.0,37.5831,127.0009,11시,855.0
0,20170410.0,월,창경궁로(서울여자대학교),A-06,유출,원남동사거리->성균관대입구,11539.0,37.5831,127.0009,12시,841.0
0,20170410.0,월,창경궁로(서울여자대학교),A-06,유출,원남동사거리->성균관대입구,11539.0,37.5831,127.0009,13시,774.0
0,20170410.0,월,창경궁로(서울여자대학교),A-06,유출,원남동사거리->성균관대입구,11539.0,37.5831,127.0009,14시,850.0
0,20170410.0,월,창경궁로(서울여자대학교),A-06,유출,원남동사거리->성균관대입구,11539.0,37.5831,127.0009,15시,982.0
0,20170410.0,월,창경궁로(서울여자대학교),A-06,유출,원남동사거리->성균관대입구,11539.0,37.5831,127.0009,16시,941.0
0,20170410.0,월,창경궁로(서울여자대학교),A-06,유출,원남동사거리->성균관대입구,11539.0,37.5831,127.0009,17시,1048.0
0,20170410.0,월,창경궁로(서울여자대학교),A-06,유출,원남동사거리->성균관대입구,11539.0,37.5831,127.0009,18시,1169.0
0,20170410.0,월,창경궁로(서울여자대학교),A-06,유출,원남동사거리->성균관대입구,11539.0,37.5831,127.0009,19시,1078.0
0,20170410.0,월,창경궁로(서울여자대학교),A-06,유출,원남동사거리->성균관대입구,11539.0,37.5831,127.0009,20시,980.0
0,20170411.0,화,창경궁로(서울여자대학교),A-06,유출,원남동사거리->성균관대입구,11857.0,37.5831,127.0009,8시,674.0
0,20170411.0,화,창경궁로(서울여자대학교),A-06,유출,원남동사거리->성균관대입구,11857.0,37.5831,127.0009,9시,645.0
0,20170411.0,화,창경궁로(서울여자대학교),A-06,유출,원남동사거리->성균관대입구,11857.0,37.5831,127.0009,10시,736.0
0,20170411.0,화,창경궁로(서울여자대학교),A-06,유출,원남동사거리->성균관대입구,11857.0,37.5831,127.0009,11시,846.0
0,20170411.0,화,창경궁로(서울여자대학교),A-06,유출,원남동사거리->성균관대입구,11857.0,37.5831,127.0009,12시,856.0
0,20170411.0,화,창경궁로(서울여자대학교),A-06,유출,원남동사거리->성균관대입구,11857.0,37.5831,127.0009,13시,803.0
0,20170411.0,화,창경궁로(서울여자대학교),A-06,유출,원남동사거리->성균관대입구,11857.0,37.5831,127.0009,14시,883.0
0,20170411.0,화,창경궁로(서울여자대학교),A-06,유출,원남동사거리->성균관대입구,11857.0,37.5831,127.0009,15시,981.0
0,20170411.0,화,창경궁로(서울여자대학교),A-06,유출,원남동사거리->성균관대입구,11857.0,37.5831,127.0009,16시,1059.0
0,20170411.0,화,창경궁로(서울여자대학교),A-06,유출,원남동사거리->성균관대입구,11857.0,37.5831,127.0009,17시,1034.0
0,20170411.0,화,창경궁로(서울여자대학교),A-06,유출,원남동사거리->성균관대입구,11857.0,37.5831,127.0009,18시,1164.0
0,20170411.0,화,창경궁로(서울여자대학교),A-06,유출,원남동사거리->성균관대입구,11857.0,37.5831,127.0009,19시,1134.0
0,20170411.0,화,창경궁로(서울여자대학교),A-06,유출,원남동사거리->성균관대입구,11857.0,37.5831,127.0009,20시,1042.0
0,20170412.0,수,창경궁로(서울여자대학교),A-06,유출,원남동사거리->성균관대입구,11720.0,37.5831,127.0009,8시,616.0
0,20170412.0,수,창경궁로(서울여자대학교),A-06,유출,원남동사거리->성균관대입구,11720.0,37.5831,127.0009,9시,685.0
0,20170412.0,수,창경궁로(서울여자대학교),A-06,유출,원남동사거리->성균관대입구,11720.0,37.5831,127.0009,10시,703.0
0,20170412.0,수,창경궁로(서울여자대학교),A-06,유출,원남동사거리->성균관대입구,11720.0,37.5831,127.0009,11시,829.0
0,20170412.0,수,창경궁로(서울여자대학교),A-06,유출,원남동사거리->성균관대입구,11720.0,37.5831,127.0009,12시,855.0
0,20170412.0,수,창경궁로(서울여자대학교),A-06,유출,원남동사거리->성균관대입구,11720.0,37.5831,127.0009,13시,867.0
0,20170412.0,수,창경궁로(서울여자대학교),A-06,유출,원남동사거리->성균관대입구,11720.0,37.5831,127.0009,14시,869.0
0,20170412.0,수,창경궁로(서울여자대학교),A-06,유출,원남동사거리->성균관대입구,11720.0,37.5831,127.0009,15시,945.0
0,20170412.0,수,창경궁로(서울여자대학교),A-06,유출,원남동사거리->성균관대입구,11720.0,37.5831,127.0009,16시,1063.0
0,20170412.0,수,창경궁로(서울여자대학교),A-06,유출,원남동사거리->성균관대입구,11720.0,37.5831,127.0009,17시,1029.0
0,20170412.0,수,창경궁로(서울여자대학교),A-06,유출,원남동사거리->성균관대입구,11720.0,37.5831,127.0009,18시,1112.0
0,20170412.0,수,창경궁로(서울여자대학교),A-06,유출,원남동사거리->성균관대입구,11720.0,37.5831,127.0009,19시,1091.0
0,20170412.0,수,창경궁로(서울여자대학교),A-06,유출,원남동사거리->성균관대입구,11720.0,37.5831,127.0009,20시,1056.0
0,20170413.0,목,창경궁로(서울여자대학교),A-06,유출,원남동사거리->성균관대입구,12053.0,37.5831,127.0009,8시,661.0
0,20170413.0,목,창경궁로(서울여자대학교),A-06,유출,원남동사거리->성균관대입구,12053.0,37.5831,127.0009,9시,664.0
0,20170413.0,목,창경궁로(서울여자대학교),A-06,유출,원남동사거리->성균관대입구,12053.0,37.5831,127.0009,10시,750.0
0,20170413.0,목,창경궁로(서울여자대학교),A-06,유출,원남동사거리->성균관대입구,12053.0,37.5831,127.0009,11시,934.0
0,20170413.0,목,창경궁로(서울여자대학교),A-06,유출,원남동사거리->성균관대입구,12053.0,37.5831,127.0009,12시,865.0
0,20170413.0,목,창경궁로(서울여자대학교),A-06,유출,원남동사거리->성균관대입구,12053.0,37.5831,127.0009,13시,846.0
0,20170413.0,목,창경궁로(서울여자대학교),A-06,유출,원남동사거리->성균관대입구,12053.0,37.5831,127.0009,14시,874.0
0,20170413.0,목,창경궁로(서울여자대학교),A-06,유출,원남동사거리->성균관대입구,12053.0,37.5831,127.0009,15시,976.0
0,20170413.0,목,창경궁로(서울여자대학교),A-06,유출,원남동사거리->성균관대입구,12053.0,37.5831,127.0009,16시,1058.0
0,20170413.0,목,창경궁로(서울여자대학교),A-06,유출,원남동사거리->성균관대입구,12053.0,37.5831,127.0009,17시,1110.0
0,20170413.0,목,창경궁로(서울여자대학교),A-06,유출,원남동사거리->성균관대입구,12053.0,37.5831,127.0009,18시,1151.0
0,20170413.0,목,창경궁로(서울여자대학교),A-06,유출,원남동사거리->성균관대입구,12053.0,37.5831,127.0009,19시,1118.0
0,20170413.0,목,창경궁로(서울여자대학교),A-06,유출,원남동사거리->성균관대입구,12053.0,37.5831,127.0009,20시,1046.0
0,20170414.0,금,창경궁로(서울여자대학교),A-06,유출,원남동사거리->성균관대입구,11912.0,37.5831,127.0009,8시,693.0
0,20170414.0,금,창경궁로(서울여자대학교),A-06,유출,원남동사거리->성균관대입구,11912.0,37.5831,127.0009,9시,663.0
0,20170414.0,금,창경궁로(서울여자대학교),A-06,유출,원남동사거리->성균관대입구,11912.0,37.5831,127.0009,10시,788.0
0,20170414.0,금,창경궁로(서울여자대학교),A-06,유출,원남동사거리->성균관대입구,11912.0,37.5831,127.0009,11시,884.0
0,20170414.0,금,창경궁로(서울여자대학교),A-06,유출,원남동사거리->성균관대입구,11912.0,37.5831,127.0009,12시,870.0
0,20170414.0,금,창경궁로(서울여자대학교),A-06,유출,원남동사거리->성균관대입구,11912.0,37.5831,127.0009,13시,861.0
0,20170414.0,금,창경궁로(서울여자대학교),A-06,유출,원남동사거리->성균관대입구,11912.0,37.5831,127.0009,14시,906.0
0,20170414.0,금,창경궁로(서울여자대학교),A-06,유출,원남동사거리->성균관대입구,11912.0,37.5831,127.0009,15시,953.0
0,20170414.0,금,창경궁로(서울여자대학교),A-06,유출,원남동사거리->성균관대입구,11912.0,37.5831,127.0009,16시,1006.0
0,20170414.0,금,창경궁로(서울여자대학교),A-06,유출,원남동사거리->성균관대입구,11912.0,37.5831,127.0009,17시,1053.0
0,20170414.0,금,창경궁로(서울여자대학교),A-06,유출,원남동사거리->성균관대입구,11912.0,37.5831,127.0009,18시,1109.0
0,20170414.0,금,창경궁로(서울여자대학교),A-06,유출,원남동사거리->성균관대입구,11912.0,37.5831,127.0009,19시,1124.0
0,20170414.0,금,창경궁로(서울여자대학교),A-06,유출,원남동사거리->성균관대입구,11912.0,37.5831,127.0009,20시,1002.0
0,20170415.0,토,창경궁로(서울여자대학교),A-06,유출,원남동사거리->성균관대입구,10914.0,37.5831,127.0009,8시,641.0
0,20170415.0,토,창경궁로(서울여자대학교),A-06,유출,원남동사거리->성균관대입구,10914.0,37.5831,127.0009,9시,666.0
0,20170415.0,토,창경궁로(서울여자대학교),A-06,유출,원남동사거리->성균관대입구,10914.0,37.5831,127.0009,10시,774.0
0,20170415.0,토,창경궁로(서울여자대학교),A-06,유출,원남동사거리->성균관대입구,10914.0,37.5831,127.0009,11시,829.0
0,20170415.0,토,창경궁로(서울여자대학교),A-06,유출,원남동사거리->성균관대입구,10914.0,37.5831,127.0009,12시,841.0
0,20170415.0,토,창경궁로(서울여자대학교),A-06,유출,원남동사거리->성균관대입구,10914.0,37.5831,127.0009,13시,912.0
0,20170415.0,토,창경궁로(서울여자대학교),A-06,유출,원남동사거리->성균관대입구,10914.0,37.5831,127.0009,14시,976.0
0,20170415.0,토,창경궁로(서울여자대학교),A-06,유출,원남동사거리->성균관대입구,10914.0,37.5831,127.0009,15시,904.0
0,20170415.0,토,창경궁로(서울여자대학교),A-06,유출,원남동사거리->성균관대입구,10914.0,37.5831,127.0009,16시,908.0
0,20170415.0,토,창경궁로(서울여자대학교),A-06,유출,원남동사거리->성균관대입구,10914.0,37.5831,127.0009,17시,764.0
0,20170415.0,토,창경궁로(서울여자대학교),A-06,유출,원남동사거리->성균관대입구,10914.0,37.5831,127.0009,18시,873.0
0,20170415.0,토,창경궁로(서울여자대학교),A-06,유출,원남동사거리->성균관대입구,10914.0,37.5831,127.0009,19시,946.0
0,20170415.0,토,창경궁로(서울여자대학교),A-06,유출,원남동사거리->성균관대입구,10914.0,37.5831,127.0009,20시,880.0
0,20170416.0,일,창경궁로(서울여자대학교),A-06,유출,원남동사거리->성균관대입구,10381.0,37.5831,127.0009,8시,407.0
0,20170416.0,일,창경궁로(서울여자대학교),A-06,유출,원남동사거리->성균관대입구,10381.0,37.5831,127.0009,9시,563.0
0,20170416.0,일,창경궁로(서울여자대학교),A-06,유출,원남동사거리->성균관대입구,10381.0,37.5831,127.0009,10시,683.0
0,20170416.0,일,창경궁로(서울여자대학교),A-06,유출,원남동사거리->성균관대입구,10381.0,37.5831,127.0009,11시,648.0
0,20170416.0,일,창경궁로(서울여자대학교),A-06,유출,원남동사거리->성균관대입구,10381.0,37.5831,127.0009,12시,738.0
0,20170416.0,일,창경궁로(서울여자대학교),A-06,유출,원남동사거리->성균관대입구,10381.0,37.5831,127.0009,13시,804.0
0,20170416.0,일,창경궁로(서울여자대학교),A-06,유출,원남동사거리->성균관대입구,10381.0,37.5831,127.0009,14시,938.0
0,20170416.0,일,창경궁로(서울여자대학교),A-06,유출,원남동사거리->성균관대입구,10381.0,37.5831,127.0009,15시,840.0
0,20170416.0,일,창경궁로(서울여자대학교),A-06,유출,원남동사거리->성균관대입구,10381.0,37.5831,127.0009,16시,985.0
0,20170416.0,일,창경궁로(서울여자대학교),A-06,유출,원남동사거리->성균관대입구,10381.0,37.5831,127.0009,17시,1010.0
0,20170416.0,일,창경궁로(서울여자대학교),A-06,유출,원남동사거리->성균관대입구,10381.0,37.5831,127.0009,18시,1120.0
0,20170416.0,일,창경궁로(서울여자대학교),A-06,유출,원남동사거리->성균관대입구,10381.0,37.5831,127.0009,19시,865.0
0,20170416.0,일,창경궁로(서울여자대학교),A-06,유출,원남동사거리->성균관대입구,10381.0,37.5831,127.0009,20시,780.0
0,20170417.0,월,창경궁로(서울여자대학교),A-06,유출,원남동사거리->성균관대입구,10698.0,37.5831,127.0009,8시,626.0
0,20170417.0,월,창경궁로(서울여자대학교),A-06,유출,원남동사거리->성균관대입구,10698.0,37.5831,127.0009,9시,634.0
0,20170417.0,월,창경궁로(서울여자대학교),A-06,유출,원남동사거리->성균관대입구,10698.0,37.5831,127.0009,10시,635.0
0,20170417.0,월,창경궁로(서울여자대학교),A-06,유출,원남동사거리->성균관대입구,10698.0,37.5831,127.0009,11시,822.0
0,20170417.0,월,창경궁로(서울여자대학교),A-06,유출,원남동사거리->성균관대입구,10698.0,37.5831,127.0009,12시,815.0
0,20170417.0,월,창경궁로(서울여자대학교),A-06,유출,원남동사거리->성균관대입구,10698.0,37.5831,127.0009,13시,513.0
0,20170417.0,월,창경궁로(서울여자대학교),A-06,유출,원남동사거리->성균관대입구,10698.0,37.5831,127.0009,14시,510.0
0,20170417.0,월,창경궁로(서울여자대학교),A-06,유출,원남동사거리->성균관대입구,10698.0,37.5831,127.0009,15시,745.0
0,20170417.0,월,창경궁로(서울여자대학교),A-06,유출,원남동사거리->성균관대입구,10698.0,37.5831,127.0009,16시,1057.0
0,20170417.0,월,창경궁로(서울여자대학교),A-06,유출,원남동사거리->성균관대입구,10698.0,37.5831,127.0009,17시,1091.0
0,20170417.0,월,창경궁로(서울여자대학교),A-06,유출,원남동사거리->성균관대입구,10698.0,37.5831,127.0009,18시,1167.0
0,20170417.0,월,창경궁로(서울여자대학교),A-06,유출,원남동사거리->성균관대입구,10698.0,37.5831,127.0009,19시,1123.0
0,20170417.0,월,창경궁로(서울여자대학교),A-06,유출,원남동사거리->성균관대입구,10698.0,37.5831,127.0009,20시,960.0
0,20170418.0,화,창경궁로(서울여자대학교),A-06,유출,원남동사거리->성균관대입구,11628.0,37.5831,127.0009,8시,675.0
0,20170418.0,화,창경궁로(서울여자대학교),A-06,유출,원남동사거리->성균관대입구,11628.0,37.5831,127.0009,9시,642.0
0,20170418.0,화,창경궁로(서울여자대학교),A-06,유출,원남동사거리->성균관대입구,11628.0,37.5831,127.0009,10시,719.0
0,20170418.0,화,창경궁로(서울여자대학교),A-06,유출,원남동사거리->성균관대입구,11628.0,37.5831,127.0009,11시,762.0
0,20170418.0,화,창경궁로(서울여자대학교),A-06,유출,원남동사거리->성균관대입구,11628.0,37.5831,127.0009,12시,839.0
0,20170418.0,화,창경궁로(서울여자대학교),A-06,유출,원남동사거리->성균관대입구,11628.0,37.5831,127.0009,13시,769.0
0,20170418.0,화,창경궁로(서울여자대학교),A-06,유출,원남동사거리->성균관대입구,11628.0,37.5831,127.0009,14시,809.0
0,20170418.0,화,창경궁로(서울여자대학교),A-06,유출,원남동사거리->성균관대입구,11628.0,37.5831,127.0009,15시,949.0
0,20170418.0,화,창경궁로(서울여자대학교),A-06,유출,원남동사거리->성균관대입구,11628.0,37.5831,127.0009,16시,977.0
0,20170418.0,화,창경궁로(서울여자대학교),A-06,유출,원남동사거리->성균관대입구,11628.0,37.5831,127.0009,17시,1088.0
0,20170418.0,화,창경궁로(서울여자대학교),A-06,유출,원남동사거리->성균관대입구,11628.0,37.5831,127.0009,18시,1200.0
0,20170418.0,화,창경궁로(서울여자대학교),A-06,유출,원남동사거리->성균관대입구,11628.0,37.5831,127.0009,19시,1165.0
0,20170418.0,화,창경궁로(서울여자대학교),A-06,유출,원남동사거리->성균관대입구,11628.0,37.5831,127.0009,20시,1034.0
0,20170419.0,수,창경궁로(서울여자대학교),A-06,유출,원남동사거리->성균관대입구,11759.0,37.5831,127.0009,8시,657.0
0,20170419.0,수,창경궁로(서울여자대학교),A-06,유출,원남동사거리->성균관대입구,11759.0,37.5831,127.0009,9시,621.0
0,20170419.0,수,창경궁로(서울여자대학교),A-06,유출,원남동사거리->성균관대입구,11759.0,37.5831,127.0009,10시,660.0
0,20170419.0,수,창경궁로(서울여자대학교),A-06,유출,원남동사거리->성균관대입구,11759.0,37.5831,127.0009,11시,878.0
0,20170419.0,수,창경궁로(서울여자대학교),A-06,유출,원남동사거리->성균관대입구,11759.0,37.5831,127.0009,12시,854.0
0,20170419.0,수,창경궁로(서울여자대학교),A-06,유출,원남동사거리->성균관대입구,11759.0,37.5831,127.0009,13시,827.0
0,20170419.0,수,창경궁로(서울여자대학교),A-06,유출,원남동사거리->성균관대입구,11759.0,37.5831,127.0009,14시,887.0
0,20170419.0,수,창경궁로(서울여자대학교),A-06,유출,원남동사거리->성균관대입구,11759.0,37.5831,127.0009,15시,967.0
0,20170419.0,수,창경궁로(서울여자대학교),A-06,유출,원남동사거리->성균관대입구,11759.0,37.5831,127.0009,16시,1024.0
0,20170419.0,수,창경궁로(서울여자대학교),A-06,유출,원남동사거리->성균관대입구,11759.0,37.5831,127.0009,17시,1067.0
0,20170419.0,수,창경궁로(서울여자대학교),A-06,유출,원남동사거리->성균관대입구,11759.0,37.5831,127.0009,18시,1146.0
0,20170419.0,수,창경궁로(서울여자대학교),A-06,유출,원남동사거리->성균관대입구,11759.0,37.5831,127.0009,19시,1115.0
0,20170419.0,수,창경궁로(서울여자대학교),A-06,유출,원남동사거리->성균관대입구,11759.0,37.5831,127.0009,20시,1056.0
0,20170420.0,목,창경궁로(서울여자대학교),A-06,유출,원남동사거리->성균관대입구,11854.0,37.5831,127.0009,8시,622.0
0,20170420.0,목,창경궁로(서울여자대학교),A-06,유출,원남동사거리->성균관대입구,11854.0,37.5831,127.0009,9시,709.0
0,20170420.0,목,창경궁로(서울여자대학교),A-06,유출,원남동사거리->성균관대입구,11854.0,37.5831,127.0009,10시,787.0
0,20170420.0,목,창경궁로(서울여자대학교),A-06,유출,원남동사거리->성균관대입구,11854.0,37.5831,127.0009,11시,844.0
0,20170420.0,목,창경궁로(서울여자대학교),A-06,유출,원남동사거리->성균관대입구,11854.0,37.5831,127.0009,12시,850.0
0,20170420.0,목,창경궁로(서울여자대학교),A-06,유출,원남동사거리->성균관대입구,11854.0,37.5831,127.0009,13시,811.0
0,20170420.0,목,창경궁로(서울여자대학교),A-06,유출,원남동사거리->성균관대입구,11854.0,37.5831,127.0009,14시,868.0
0,20170420.0,목,창경궁로(서울여자대학교),A-06,유출,원남동사거리->성균관대입구,11854.0,37.5831,127.0009,15시,953.0
0,20170420.0,목,창경궁로(서울여자대학교),A-06,유출,원남동사거리->성균관대입구,11854.0,37.5831,127.0009,16시,1083.0
0,20170420.0,목,창경궁로(서울여자대학교),A-06,유출,원남동사거리->성균관대입구,11854.0,37.5831,127.0009,17시,1013.0
0,20170420.0,목,창경궁로(서울여자대학교),A-06,유출,원남동사거리->성균관대입구,11854.0,37.5831,127.0009,18시,1097.0
0,20170420.0,목,창경궁로(서울여자대학교),A-06,유출,원남동사거리->성균관대입구,11854.0,37.5831,127.0009,19시,1127.0
0,20170420.0,목,창경궁로(서울여자대학교),A-06,유출,원남동사거리->성균관대입구,11854.0,37.5831,127.0009,20시,1090.0
0,20170421.0,금,창경궁로(서울여자대학교),A-06,유출,원남동사거리->성균관대입구,11833.0,37.5831,127.0009,8시,621.0
0,20170421.0,금,창경궁로(서울여자대학교),A-06,유출,원남동사거리->성균관대입구,11833.0,37.5831,127.0009,9시,672.0
0,20170421.0,금,창경궁로(서울여자대학교),A-06,유출,원남동사거리->성균관대입구,11833.0,37.5831,127.0009,10시,753.0
0,20170421.0,금,창경궁로(서울여자대학교),A-06,유출,원남동사거리->성균관대입구,11833.0,37.5831,127.0009,11시,783.0
0,20170421.0,금,창경궁로(서울여자대학교),A-06,유출,원남동사거리->성균관대입구,11833.0,37.5831,127.0009,12시,888.0
0,20170421.0,금,창경궁로(서울여자대학교),A-06,유출,원남동사거리->성균관대입구,11833.0,37.5831,127.0009,13시,829.0
0,20170421.0,금,창경궁로(서울여자대학교),A-06,유출,원남동사거리->성균관대입구,11833.0,37.5831,127.0009,14시,913.0
0,20170421.0,금,창경궁로(서울여자대학교),A-06,유출,원남동사거리->성균관대입구,11833.0,37.5831,127.0009,15시,965.0
0,20170421.0,금,창경궁로(서울여자대학교),A-06,유출,원남동사거리->성균관대입구,11833.0,37.5831,127.0009,16시,1032.0
0,20170421.0,금,창경궁로(서울여자대학교),A-06,유출,원남동사거리->성균관대입구,11833.0,37.5831,127.0009,17시,1074.0
0,20170421.0,금,창경궁로(서울여자대학교),A-06,유출,원남동사거리->성균관대입구,11833.0,37.5831,127.0009,18시,1133.0
0,20170421.0,금,창경궁로(서울여자대학교),A-06,유출,원남동사거리->성균관대입구,11833.0,37.5831,127.0009,19시,1101.0
0,20170421.0,금,창경궁로(서울여자대학교),A-06,유출,원남동사거리->성균관대입구,11833.0,37.5831,127.0009,20시,1069.0
0,20170422.0,토,창경궁로(서울여자대학교),A-06,유출,원남동사거리->성균관대입구,11758.0,37.5831,127.0009,8시,628.0
0,20170422.0,토,창경궁로(서울여자대학교),A-06,유출,원남동사거리->성균관대입구,11758.0,37.5831,127.0009,9시,631.0
0,20170422.0,토,창경궁로(서울여자대학교),A-06,유출,원남동사거리->성균관대입구,11758.0,37.5831,127.0009,10시,739.0
0,20170422.0,토,창경궁로(서울여자대학교),A-06,유출,원남동사거리->성균관대입구,11758.0,37.5831,127.0009,11시,778.0
0,20170422.0,토,창경궁로(서울여자대학교),A-06,유출,원남동사거리->성균관대입구,11758.0,37.5831,127.0009,12시,819.0
0,20170422.0,토,창경궁로(서울여자대학교),A-06,유출,원남동사거리->성균관대입구,11758.0,37.5831,127.0009,13시,950.0
0,20170422.0,토,창경궁로(서울여자대학교),A-06,유출,원남동사거리->성균관대입구,11758.0,37.5831,127.0009,14시,1114.0
0,20170422.0,토,창경궁로(서울여자대학교),A-06,유출,원남동사거리->성균관대입구,11758.0,37.5831,127.0009,15시,1124.0
0,20170422.0,토,창경궁로(서울여자대학교),A-06,유출,원남동사거리->성균관대입구,11758.0,37.5831,127.0009,16시,1072.0
0,20170422.0,토,창경궁로(서울여자대학교),A-06,유출,원남동사거리->성균관대입구,11758.0,37.5831,127.0009,17시,991.0
0,20170422.0,토,창경궁로(서울여자대학교),A-06,유출,원남동사거리->성균관대입구,11758.0,37.5831,127.0009,18시,960.0
0,20170422.0,토,창경궁로(서울여자대학교),A-06,유출,원남동사거리->성균관대입구,11758.0,37.5831,127.0009,19시,961.0
0,20170422.0,토,창경궁로(서울여자대학교),A-06,유출,원남동사거리->성균관대입구,11758.0,37.5831,127.0009,20시,991.0
0,20170423.0,일,창경궁로(서울여자대학교),A-06,유출,원남동사거리->성균관대입구,10455.0,37.5831,127.0009,8시,429.0
0,20170423.0,일,창경궁로(서울여자대학교),A-06,유출,원남동사거리->성균관대입구,10455.0,37.5831,127.0009,9시,563.0
0,20170423.0,일,창경궁로(서울여자대학교),A-06,유출,원남동사거리->성균관대입구,10455.0,37.5831,127.0009,10시,585.0
0,20170423.0,일,창경궁로(서울여자대학교),A-06,유출,원남동사거리->성균관대입구,10455.0,37.5831,127.0009,11시,647.0
0,20170423.0,일,창경궁로(서울여자대학교),A-06,유출,원남동사거리->성균관대입구,10455.0,37.5831,127.0009,12시,689.0
0,20170423.0,일,창경궁로(서울여자대학교),A-06,유출,원남동사거리->성균관대입구,10455.0,37.5831,127.0009,13시,853.0
0,20170423.0,일,창경궁로(서울여자대학교),A-06,유출,원남동사거리->성균관대입구,10455.0,37.5831,127.0009,14시,911.0
0,20170423.0,일,창경궁로(서울여자대학교),A-06,유출,원남동사거리->성균관대입구,10455.0,37.5831,127.0009,15시,959.0
0,20170423.0,일,창경궁로(서울여자대학교),A-06,유출,원남동사거리->성균관대입구,10455.0,37.5831,127.0009,16시,1014.0
0,20170423.0,일,창경궁로(서울여자대학교),A-06,유출,원남동사거리->성균관대입구,10455.0,37.5831,127.0009,17시,981.0
0,20170423.0,일,창경궁로(서울여자대학교),A-06,유출,원남동사거리->성균관대입구,10455.0,37.5831,127.0009,18시,944.0
0,20170423.0,일,창경궁로(서울여자대학교),A-06,유출,원남동사거리->성균관대입구,10455.0,37.5831,127.0009,19시,958.0
0,20170423.0,일,창경궁로(서울여자대학교),A-06,유출,원남동사거리->성균관대입구,10455.0,37.5831,127.0009,20시,922.0
0,20170424.0,월,창경궁로(서울여자대학교),A-06,유출,원남동사거리->성균관대입구,9510.0,37.5831,127.0009,8시,598.0
0,20170424.0,월,창경궁로(서울여자대학교),A-06,유출,원남동사거리->성균관대입구,9510.0,37.5831,127.0009,9시,583.0
0,20170424.0,월,창경궁로(서울여자대학교),A-06,유출,원남동사거리->성균관대입구,9510.0,37.5831,127.0009,10시,750.0
0,20170424.0,월,창경궁로(서울여자대학교),A-06,유출,원남동사거리->성균관대입구,9510.0,37.5831,127.0009,11시,690.0
0,20170424.0,월,창경궁로(서울여자대학교),A-06,유출,원남동사거리->성균관대입구,9510.0,37.5831,127.0009,12시,556.0
0,20170424.0,월,창경궁로(서울여자대학교),A-06,유출,원남동사거리->성균관대입구,9510.0,37.5831,127.0009,13시,458.0
0,20170424.0,월,창경궁로(서울여자대학교),A-06,유출,원남동사거리->성균관대입구,9510.0,37.5831,127.0009,14시,505.0
0,20170424.0,월,창경궁로(서울여자대학교),A-06,유출,원남동사거리->성균관대입구,9510.0,37.5831,127.0009,15시,593.0
0,20170424.0,월,창경궁로(서울여자대학교),A-06,유출,원남동사거리->성균관대입구,9510.0,37.5831,127.0009,16시,707.0
0,20170424.0,월,창경궁로(서울여자대학교),A-06,유출,원남동사거리->성균관대입구,9510.0,37.5831,127.0009,17시,791.0
0,20170424.0,월,창경궁로(서울여자대학교),A-06,유출,원남동사거리->성균관대입구,9510.0,37.5831,127.0009,18시,1130.0
0,20170424.0,월,창경궁로(서울여자대학교),A-06,유출,원남동사거리->성균관대입구,9510.0,37.5831,127.0009,19시,1102.0
0,20170424.0,월,창경궁로(서울여자대학교),A-06,유출,원남동사거리->성균관대입구,9510.0,37.5831,127.0009,20시,1047.0
0,20170425.0,화,창경궁로(서울여자대학교),A-06,유출,원남동사거리->성균관대입구,11788.0,37.5831,127.0009,8시,652.0
0,20170425.0,화,창경궁로(서울여자대학교),A-06,유출,원남동사거리->성균관대입구,11788.0,37.5831,127.0009,9시,611.0
0,20170425.0,화,창경궁로(서울여자대학교),A-06,유출,원남동사거리->성균관대입구,11788.0,37.5831,127.0009,10시,721.0
0,20170425.0,화,창경궁로(서울여자대학교),A-06,유출,원남동사거리->성균관대입구,11788.0,37.5831,127.0009,11시,860.0
0,20170425.0,화,창경궁로(서울여자대학교),A-06,유출,원남동사거리->성균관대입구,11788.0,37.5831,127.0009,12시,867.0
0,20170425.0,화,창경궁로(서울여자대학교),A-06,유출,원남동사거리->성균관대입구,11788.0,37.5831,127.0009,13시,814.0
0,20170425.0,화,창경궁로(서울여자대학교),A-06,유출,원남동사거리->성균관대입구,11788.0,37.5831,127.0009,14시,877.0
0,20170425.0,화,창경궁로(서울여자대학교),A-06,유출,원남동사거리->성균관대입구,11788.0,37.5831,127.0009,15시,983.0
0,20170425.0,화,창경궁로(서울여자대학교),A-06,유출,원남동사거리->성균관대입구,11788.0,37.5831,127.0009,16시,1036.0
0,20170425.0,화,창경궁로(서울여자대학교),A-06,유출,원남동사거리->성균관대입구,11788.0,37.5831,127.0009,17시,1059.0
0,20170425.0,화,창경궁로(서울여자대학교),A-06,유출,원남동사거리->성균관대입구,11788.0,37.5831,127.0009,18시,1173.0
0,20170425.0,화,창경궁로(서울여자대학교),A-06,유출,원남동사거리->성균관대입구,11788.0,37.5831,127.0009,19시,1084.0
0,20170425.0,화,창경궁로(서울여자대학교),A-06,유출,원남동사거리->성균관대입구,11788.0,37.5831,127.0009,20시,1051.0
0,20170426.0,수,창경궁로(서울여자대학교),A-06,유출,원남동사거리->성균관대입구,12029.0,37.5831,127.0009,8시,673.0
0,20170426.0,수,창경궁로(서울여자대학교),A-06,유출,원남동사거리->성균관대입구,12029.0,37.5831,127.0009,9시,701.0
0,20170426.0,수,창경궁로(서울여자대학교),A-06,유출,원남동사거리->성균관대입구,12029.0,37.5831,127.0009,10시,811.0
0,20170426.0,수,창경궁로(서울여자대학교),A-06,유출,원남동사거리->성균관대입구,12029.0,37.5831,127.0009,11시,887.0
0,20170426.0,수,창경궁로(서울여자대학교),A-06,유출,원남동사거리->성균관대입구,12029.0,37.5831,127.0009,12시,826.0
0,20170426.0,수,창경궁로(서울여자대학교),A-06,유출,원남동사거리->성균관대입구,12029.0,37.5831,127.0009,13시,862.0
0,20170426.0,수,창경궁로(서울여자대학교),A-06,유출,원남동사거리->성균관대입구,12029.0,37.5831,127.0009,14시,890.0
0,20170426.0,수,창경궁로(서울여자대학교),A-06,유출,원남동사거리->성균관대입구,12029.0,37.5831,127.0009,15시,992.0
0,20170426.0,수,창경궁로(서울여자대학교),A-06,유출,원남동사거리->성균관대입구,12029.0,37.5831,127.0009,16시,998.0
0,20170426.0,수,창경궁로(서울여자대학교),A-06,유출,원남동사거리->성균관대입구,12029.0,37.5831,127.0009,17시,1052.0
0,20170426.0,수,창경궁로(서울여자대학교),A-06,유출,원남동사거리->성균관대입구,12029.0,37.5831,127.0009,18시,1152.0
0,20170426.0,수,창경궁로(서울여자대학교),A-06,유출,원남동사거리->성균관대입구,12029.0,37.5831,127.0009,19시,1104.0
0,20170426.0,수,창경궁로(서울여자대학교),A-06,유출,원남동사거리->성균관대입구,12029.0,37.5831,127.0009,20시,1081.0
0,20170427.0,목,창경궁로(서울여자대학교),A-06,유출,원남동사거리->성균관대입구,11999.0,37.5831,127.0009,8시,662.0
0,20170427.0,목,창경궁로(서울여자대학교),A-06,유출,원남동사거리->성균관대입구,11999.0,37.5831,127.0009,9시,670.0
0,20170427.0,목,창경궁로(서울여자대학교),A-06,유출,원남동사거리->성균관대입구,11999.0,37.5831,127.0009,10시,775.0
0,20170427.0,목,창경궁로(서울여자대학교),A-06,유출,원남동사거리->성균관대입구,11999.0,37.5831,127.0009,11시,841.0
0,20170427.0,목,창경궁로(서울여자대학교),A-06,유출,원남동사거리->성균관대입구,11999.0,37.5831,127.0009,12시,801.0
0,20170427.0,목,창경궁로(서울여자대학교),A-06,유출,원남동사거리->성균관대입구,11999.0,37.5831,127.0009,13시,867.0
0,20170427.0,목,창경궁로(서울여자대학교),A-06,유출,원남동사거리->성균관대입구,11999.0,37.5831,127.0009,14시,901.0
0,20170427.0,목,창경궁로(서울여자대학교),A-06,유출,원남동사거리->성균관대입구,11999.0,37.5831,127.0009,15시,992.0
0,20170427.0,목,창경궁로(서울여자대학교),A-06,유출,원남동사거리->성균관대입구,11999.0,37.5831,127.0009,16시,1038.0
0,20170427.0,목,창경궁로(서울여자대학교),A-06,유출,원남동사거리->성균관대입구,11999.0,37.5831,127.0009,17시,1043.0
0,20170427.0,목,창경궁로(서울여자대학교),A-06,유출,원남동사거리->성균관대입구,11999.0,37.5831,127.0009,18시,1173.0
0,20170427.0,목,창경궁로(서울여자대학교),A-06,유출,원남동사거리->성균관대입구,11999.0,37.5831,127.0009,19시,1190.0
0,20170427.0,목,창경궁로(서울여자대학교),A-06,유출,원남동사거리->성균관대입구,11999.0,37.5831,127.0009,20시,1046.0
0,20170428.0,금,창경궁로(서울여자대학교),A-06,유출,원남동사거리->성균관대입구,11880.0,37.5831,127.0009,8시,696.0
0,20170428.0,금,창경궁로(서울여자대학교),A-06,유출,원남동사거리->성균관대입구,11880.0,37.5831,127.0009,9시,643.0
0,20170428.0,금,창경궁로(서울여자대학교),A-06,유출,원남동사거리->성균관대입구,11880.0,37.5831,127.0009,10시,699.0
0,20170428.0,금,창경궁로(서울여자대학교),A-06,유출,원남동사거리->성균관대입구,11880.0,37.5831,127.0009,11시,857.0
0,20170428.0,금,창경궁로(서울여자대학교),A-06,유출,원남동사거리->성균관대입구,11880.0,37.5831,127.0009,12시,830.0
0,20170428.0,금,창경궁로(서울여자대학교),A-06,유출,원남동사거리->성균관대입구,11880.0,37.5831,127.0009,13시,872.0
0,20170428.0,금,창경궁로(서울여자대학교),A-06,유출,원남동사거리->성균관대입구,11880.0,37.5831,127.0009,14시,911.0
0,20170428.0,금,창경궁로(서울여자대학교),A-06,유출,원남동사거리->성균관대입구,11880.0,37.5831,127.0009,15시,959.0
0,20170428.0,금,창경궁로(서울여자대학교),A-06,유출,원남동사거리->성균관대입구,11880.0,37.5831,127.0009,16시,1009.0
0,20170428.0,금,창경궁로(서울여자대학교),A-06,유출,원남동사거리->성균관대입구,11880.0,37.5831,127.0009,17시,1071.0
0,20170428.0,금,창경궁로(서울여자대학교),A-06,유출,원남동사거리->성균관대입구,11880.0,37.5831,127.0009,18시,1140.0
0,20170428.0,금,창경궁로(서울여자대학교),A-06,유출,원남동사거리->성균관대입구,11880.0,37.5831,127.0009,19시,1144.0
0,20170428.0,금,창경궁로(서울여자대학교),A-06,유출,원남동사거리->성균관대입구,11880.0,37.5831,127.0009,20시,1049.0
0,20170429.0,토,창경궁로(서울여자대학교),A-06,유출,원남동사거리->성균관대입구,11107.0,37.5831,127.0009,8시,636.0
0,20170429.0,토,창경궁로(서울여자대학교),A-06,유출,원남동사거리->성균관대입구,11107.0,37.5831,127.0009,9시,688.0
0,20170429.0,토,창경궁로(서울여자대학교),A-06,유출,원남동사거리->성균관대입구,11107.0,37.5831,127.0009,10시,770.0
0,20170429.0,토,창경궁로(서울여자대학교),A-06,유출,원남동사거리->성균관대입구,11107.0,37.5831,127.0009,11시,791.0
0,20170429.0,토,창경궁로(서울여자대학교),A-06,유출,원남동사거리->성균관대입구,11107.0,37.5831,127.0009,12시,829.0
0,20170429.0,토,창경궁로(서울여자대학교),A-06,유출,원남동사거리->성균관대입구,11107.0,37.5831,127.0009,13시,900.0
0,20170429.0,토,창경궁로(서울여자대학교),A-06,유출,원남동사거리->성균관대입구,11107.0,37.5831,127.0009,14시,931.0
0,20170429.0,토,창경궁로(서울여자대학교),A-06,유출,원남동사거리->성균관대입구,11107.0,37.5831,127.0009,15시,939.0
0,20170429.0,토,창경궁로(서울여자대학교),A-06,유출,원남동사거리->성균관대입구,11107.0,37.5831,127.0009,16시,950.0
0,20170429.0,토,창경궁로(서울여자대학교),A-06,유출,원남동사거리->성균관대입구,11107.0,37.5831,127.0009,17시,1060.0
0,20170429.0,토,창경궁로(서울여자대학교),A-06,유출,원남동사거리->성균관대입구,11107.0,37.5831,127.0009,18시,1009.0
0,20170429.0,토,창경궁로(서울여자대학교),A-06,유출,원남동사거리->성균관대입구,11107.0,37.5831,127.0009,19시,784.0
0,20170429.0,토,창경궁로(서울여자대학교),A-06,유출,원남동사거리->성균관대입구,11107.0,37.5831,127.0009,20시,820.0
0,20170430.0,일,창경궁로(서울여자대학교),A-06,유출,원남동사거리->성균관대입구,9490.0,37.5831,127.0009,8시,406.0
0,20170430.0,일,창경궁로(서울여자대학교),A-06,유출,원남동사거리->성균관대입구,9490.0,37.5831,127.0009,9시,430.0
0,20170430.0,일,창경궁로(서울여자대학교),A-06,유출,원남동사거리->성균관대입구,9490.0,37.5831,127.0009,10시,574.0
0,20170430.0,일,창경궁로(서울여자대학교),A-06,유출,원남동사거리->성균관대입구,9490.0,37.5831,127.0009,11시,543.0
0,20170430.0,일,창경궁로(서울여자대학교),A-06,유출,원남동사거리->성균관대입구,9490.0,37.5831,127.0009,12시,666.0
0,20170430.0,일,창경궁로(서울여자대학교),A-06,유출,원남동사거리->성균관대입구,9490.0,37.5831,127.0009,13시,784.0
0,20170430.0,일,창경궁로(서울여자대학교),A-06,유출,원남동사거리->성균관대입구,9490.0,37.5831,127.0009,14시,843.0
0,20170430.0,일,창경궁로(서울여자대학교),A-06,유출,원남동사거리->성균관대입구,9490.0,37.5831,127.0009,15시,844.0
0,20170430.0,일,창경궁로(서울여자대학교),A-06,유출,원남동사거리->성균관대입구,9490.0,37.5831,127.0009,16시,916.0
0,20170430.0,일,창경궁로(서울여자대학교),A-06,유출,원남동사거리->성균관대입구,9490.0,37.5831,127.0009,17시,837.0
0,20170430.0,일,창경궁로(서울여자대학교),A-06,유출,원남동사거리->성균관대입구,9490.0,37.5831,127.0009,18시,939.0
0,20170430.0,일,창경궁로(서울여자대학교),A-06,유출,원남동사거리->성균관대입구,9490.0,37.5831,127.0009,19시,838.0
0,20170430.0,일,창경궁로(서울여자대학교),A-06,유출,원남동사거리->성균관대입구,9490.0,37.5831,127.0009,20시,870.0
0,20170501.0,월,창경궁로(서울여자대학교),A-06,유입,성균관대입구->원남동사거리,18408.0,37.5831,127.0009,8시,1790.0
0,20170501.0,월,창경궁로(서울여자대학교),A-06,유입,성균관대입구->원남동사거리,18408.0,37.5831,127.0009,9시,1627.0
0,20170501.0,월,창경궁로(서울여자대학교),A-06,유입,성균관대입구->원남동사거리,18408.0,37.5831,127.0009,10시,1553.0
0,20170501.0,월,창경궁로(서울여자대학교),A-06,유입,성균관대입구->원남동사거리,18408.0,37.5831,127.0009,11시,1627.0
0,20170501.0,월,창경궁로(서울여자대학교),A-06,유입,성균관대입구->원남동사거리,18408.0,37.5831,127.0009,12시,1535.0
0,20170501.0,월,창경궁로(서울여자대학교),A-06,유입,성균관대입구->원남동사거리,18408.0,37.5831,127.0009,13시,1568.0
0,20170501.0,월,창경궁로(서울여자대학교),A-06,유입,성균관대입구->원남동사거리,18408.0,37.5831,127.0009,14시,1733.0
0,20170501.0,월,창경궁로(서울여자대학교),A-06,유입,성균관대입구->원남동사거리,18408.0,37.5831,127.0009,15시,1561.0
0,20170501.0,월,창경궁로(서울여자대학교),A-06,유입,성균관대입구->원남동사거리,18408.0,37.5831,127.0009,16시,1312.0
0,20170501.0,월,창경궁로(서울여자대학교),A-06,유입,성균관대입구->원남동사거리,18408.0,37.5831,127.0009,17시,1146.0
0,20170501.0,월,창경궁로(서울여자대학교),A-06,유입,성균관대입구->원남동사거리,18408.0,37.5831,127.0009,18시,1058.0
0,20170501.0,월,창경궁로(서울여자대학교),A-06,유입,성균관대입구->원남동사거리,18408.0,37.5831,127.0009,19시,918.0
0,20170501.0,월,창경궁로(서울여자대학교),A-06,유입,성균관대입구->원남동사거리,18408.0,37.5831,127.0009,20시,980.0
0,20170502.0,화,창경궁로(서울여자대학교),A-06,유입,성균관대입구->원남동사거리,18700.0,37.5831,127.0009,8시,2352.0
0,20170502.0,화,창경궁로(서울여자대학교),A-06,유입,성균관대입구->원남동사거리,18700.0,37.5831,127.0009,9시,1901.0
0,20170502.0,화,창경궁로(서울여자대학교),A-06,유입,성균관대입구->원남동사거리,18700.0,37.5831,127.0009,10시,1658.0
0,20170502.0,화,창경궁로(서울여자대학교),A-06,유입,성균관대입구->원남동사거리,18700.0,37.5831,127.0009,11시,1439.0
0,20170502.0,화,창경궁로(서울여자대학교),A-06,유입,성균관대입구->원남동사거리,18700.0,37.5831,127.0009,12시,1479.0
0,20170502.0,화,창경궁로(서울여자대학교),A-06,유입,성균관대입구->원남동사거리,18700.0,37.5831,127.0009,13시,1408.0
0,20170502.0,화,창경궁로(서울여자대학교),A-06,유입,성균관대입구->원남동사거리,18700.0,37.5831,127.0009,14시,1320.0
0,20170502.0,화,창경궁로(서울여자대학교),A-06,유입,성균관대입구->원남동사거리,18700.0,37.5831,127.0009,15시,1275.0
0,20170502.0,화,창경궁로(서울여자대학교),A-06,유입,성균관대입구->원남동사거리,18700.0,37.5831,127.0009,16시,1297.0
0,20170502.0,화,창경궁로(서울여자대학교),A-06,유입,성균관대입구->원남동사거리,18700.0,37.5831,127.0009,17시,1276.0
0,20170502.0,화,창경궁로(서울여자대학교),A-06,유입,성균관대입구->원남동사거리,18700.0,37.5831,127.0009,18시,1121.0
0,20170502.0,화,창경궁로(서울여자대학교),A-06,유입,성균관대입구->원남동사거리,18700.0,37.5831,127.0009,19시,1079.0
0,20170502.0,화,창경궁로(서울여자대학교),A-06,유입,성균관대입구->원남동사거리,18700.0,37.5831,127.0009,20시,1095.0
0,20170503.0,수,창경궁로(서울여자대학교),A-06,유입,성균관대입구->원남동사거리,18040.0,37.5831,127.0009,8시,1280.0
0,20170503.0,수,창경궁로(서울여자대학교),A-06,유입,성균관대입구->원남동사거리,18040.0,37.5831,127.0009,9시,1411.0
0,20170503.0,수,창경궁로(서울여자대학교),A-06,유입,성균관대입구->원남동사거리,18040.0,37.5831,127.0009,10시,1421.0
0,20170503.0,수,창경궁로(서울여자대학교),A-06,유입,성균관대입구->원남동사거리,18040.0,37.5831,127.0009,11시,1505.0
0,20170503.0,수,창경궁로(서울여자대학교),A-06,유입,성균관대입구->원남동사거리,18040.0,37.5831,127.0009,12시,1603.0
0,20170503.0,수,창경궁로(서울여자대학교),A-06,유입,성균관대입구->원남동사거리,18040.0,37.5831,127.0009,13시,1536.0
0,20170503.0,수,창경궁로(서울여자대학교),A-06,유입,성균관대입구->원남동사거리,18040.0,37.5831,127.0009,14시,1553.0
0,20170503.0,수,창경궁로(서울여자대학교),A-06,유입,성균관대입구->원남동사거리,18040.0,37.5831,127.0009,15시,1413.0
0,20170503.0,수,창경궁로(서울여자대학교),A-06,유입,성균관대입구->원남동사거리,18040.0,37.5831,127.0009,16시,1369.0
0,20170503.0,수,창경궁로(서울여자대학교),A-06,유입,성균관대입구->원남동사거리,18040.0,37.5831,127.0009,17시,1454.0
0,20170503.0,수,창경궁로(서울여자대학교),A-06,유입,성균관대입구->원남동사거리,18040.0,37.5831,127.0009,18시,1217.0
0,20170503.0,수,창경궁로(서울여자대학교),A-06,유입,성균관대입구->원남동사거리,18040.0,37.5831,127.0009,19시,1094.0
0,20170503.0,수,창경궁로(서울여자대학교),A-06,유입,성균관대입구->원남동사거리,18040.0,37.5831,127.0009,20시,1184.0
0,20170504.0,목,창경궁로(서울여자대학교),A-06,유입,성균관대입구->원남동사거리,18263.0,37.5831,127.0009,8시,1994.0
0,20170504.0,목,창경궁로(서울여자대학교),A-06,유입,성균관대입구->원남동사거리,18263.0,37.5831,127.0009,9시,1698.0
0,20170504.0,목,창경궁로(서울여자대학교),A-06,유입,성균관대입구->원남동사거리,18263.0,37.5831,127.0009,10시,1488.0
0,20170504.0,목,창경궁로(서울여자대학교),A-06,유입,성균관대입구->원남동사거리,18263.0,37.5831,127.0009,11시,1429.0
0,20170504.0,목,창경궁로(서울여자대학교),A-06,유입,성균관대입구->원남동사거리,18263.0,37.5831,127.0009,12시,1444.0
0,20170504.0,목,창경궁로(서울여자대학교),A-06,유입,성균관대입구->원남동사거리,18263.0,37.5831,127.0009,13시,1452.0
0,20170504.0,목,창경궁로(서울여자대학교),A-06,유입,성균관대입구->원남동사거리,18263.0,37.5831,127.0009,14시,1400.0
0,20170504.0,목,창경궁로(서울여자대학교),A-06,유입,성균관대입구->원남동사거리,18263.0,37.5831,127.0009,15시,1371.0
0,20170504.0,목,창경궁로(서울여자대학교),A-06,유입,성균관대입구->원남동사거리,18263.0,37.5831,127.0009,16시,1284.0
0,20170504.0,목,창경궁로(서울여자대학교),A-06,유입,성균관대입구->원남동사거리,18263.0,37.5831,127.0009,17시,1262.0
0,20170504.0,목,창경궁로(서울여자대학교),A-06,유입,성균관대입구->원남동사거리,18263.0,37.5831,127.0009,18시,1237.0
0,20170504.0,목,창경궁로(서울여자대학교),A-06,유입,성균관대입구->원남동사거리,18263.0,37.5831,127.0009,19시,1121.0
0,20170504.0,목,창경궁로(서울여자대학교),A-06,유입,성균관대입구->원남동사거리,18263.0,37.5831,127.0009,20시,1083.0
0,20170505.0,금,창경궁로(서울여자대학교),A-06,유입,성균관대입구->원남동사거리,16778.0,37.5831,127.0009,8시,1124.0
0,20170505.0,금,창경궁로(서울여자대학교),A-06,유입,성균관대입구->원남동사거리,16778.0,37.5831,127.0009,9시,1252.0
0,20170505.0,금,창경궁로(서울여자대학교),A-06,유입,성균관대입구->원남동사거리,16778.0,37.5831,127.0009,10시,1342.0
0,20170505.0,금,창경궁로(서울여자대학교),A-06,유입,성균관대입구->원남동사거리,16778.0,37.5831,127.0009,11시,1417.0
0,20170505.0,금,창경궁로(서울여자대학교),A-06,유입,성균관대입구->원남동사거리,16778.0,37.5831,127.0009,12시,1378.0
0,20170505.0,금,창경궁로(서울여자대학교),A-06,유입,성균관대입구->원남동사거리,16778.0,37.5831,127.0009,13시,1391.0
0,20170505.0,금,창경궁로(서울여자대학교),A-06,유입,성균관대입구->원남동사거리,16778.0,37.5831,127.0009,14시,1345.0
0,20170505.0,금,창경궁로(서울여자대학교),A-06,유입,성균관대입구->원남동사거리,16778.0,37.5831,127.0009,15시,1309.0
0,20170505.0,금,창경궁로(서울여자대학교),A-06,유입,성균관대입구->원남동사거리,16778.0,37.5831,127.0009,16시,1385.0
0,20170505.0,금,창경궁로(서울여자대학교),A-06,유입,성균관대입구->원남동사거리,16778.0,37.5831,127.0009,17시,1400.0
0,20170505.0,금,창경궁로(서울여자대학교),A-06,유입,성균관대입구->원남동사거리,16778.0,37.5831,127.0009,18시,1158.0
0,20170505.0,금,창경궁로(서울여자대학교),A-06,유입,성균관대입구->원남동사거리,16778.0,37.5831,127.0009,19시,1115.0
0,20170505.0,금,창경궁로(서울여자대학교),A-06,유입,성균관대입구->원남동사거리,16778.0,37.5831,127.0009,20시,1162.0
0,20170506.0,토,창경궁로(서울여자대학교),A-06,유입,성균관대입구->원남동사거리,16537.0,37.5831,127.0009,8시,1300.0
0,20170506.0,토,창경궁로(서울여자대학교),A-06,유입,성균관대입구->원남동사거리,16537.0,37.5831,127.0009,9시,1324.0
0,20170506.0,토,창경궁로(서울여자대학교),A-06,유입,성균관대입구->원남동사거리,16537.0,37.5831,127.0009,10시,1334.0
0,20170506.0,토,창경궁로(서울여자대학교),A-06,유입,성균관대입구->원남동사거리,16537.0,37.5831,127.0009,11시,1405.0
0,20170506.0,토,창경궁로(서울여자대학교),A-06,유입,성균관대입구->원남동사거리,16537.0,37.5831,127.0009,12시,1394.0
0,20170506.0,토,창경궁로(서울여자대학교),A-06,유입,성균관대입구->원남동사거리,16537.0,37.5831,127.0009,13시,1373.0
0,20170506.0,토,창경궁로(서울여자대학교),A-06,유입,성균관대입구->원남동사거리,16537.0,37.5831,127.0009,14시,1290.0
0,20170506.0,토,창경궁로(서울여자대학교),A-06,유입,성균관대입구->원남동사거리,16537.0,37.5831,127.0009,15시,1287.0
0,20170506.0,토,창경궁로(서울여자대학교),A-06,유입,성균관대입구->원남동사거리,16537.0,37.5831,127.0009,16시,1340.0
0,20170506.0,토,창경궁로(서울여자대학교),A-06,유입,성균관대입구->원남동사거리,16537.0,37.5831,127.0009,17시,1255.0
0,20170506.0,토,창경궁로(서울여자대학교),A-06,유입,성균관대입구->원남동사거리,16537.0,37.5831,127.0009,18시,1194.0
0,20170506.0,토,창경궁로(서울여자대학교),A-06,유입,성균관대입구->원남동사거리,16537.0,37.5831,127.0009,19시,1021.0
0,20170506.0,토,창경궁로(서울여자대학교),A-06,유입,성균관대입구->원남동사거리,16537.0,37.5831,127.0009,20시,1020.0
0,20170507.0,일,창경궁로(서울여자대학교),A-06,유입,성균관대입구->원남동사거리,16871.0,37.5831,127.0009,8시,1074.0
0,20170507.0,일,창경궁로(서울여자대학교),A-06,유입,성균관대입구->원남동사거리,16871.0,37.5831,127.0009,9시,1277.0
0,20170507.0,일,창경궁로(서울여자대학교),A-06,유입,성균관대입구->원남동사거리,16871.0,37.5831,127.0009,10시,1354.0
0,20170507.0,일,창경궁로(서울여자대학교),A-06,유입,성균관대입구->원남동사거리,16871.0,37.5831,127.0009,11시,1380.0
0,20170507.0,일,창경궁로(서울여자대학교),A-06,유입,성균관대입구->원남동사거리,16871.0,37.5831,127.0009,12시,1442.0
0,20170507.0,일,창경궁로(서울여자대학교),A-06,유입,성균관대입구->원남동사거리,16871.0,37.5831,127.0009,13시,1374.0
0,20170507.0,일,창경궁로(서울여자대학교),A-06,유입,성균관대입구->원남동사거리,16871.0,37.5831,127.0009,14시,1373.0
0,20170507.0,일,창경궁로(서울여자대학교),A-06,유입,성균관대입구->원남동사거리,16871.0,37.5831,127.0009,15시,1350.0
0,20170507.0,일,창경궁로(서울여자대학교),A-06,유입,성균관대입구->원남동사거리,16871.0,37.5831,127.0009,16시,1361.0
0,20170507.0,일,창경궁로(서울여자대학교),A-06,유입,성균관대입구->원남동사거리,16871.0,37.5831,127.0009,17시,1400.0
0,20170507.0,일,창경궁로(서울여자대학교),A-06,유입,성균관대입구->원남동사거리,16871.0,37.5831,127.0009,18시,1122.0
0,20170507.0,일,창경궁로(서울여자대학교),A-06,유입,성균관대입구->원남동사거리,16871.0,37.5831,127.0009,19시,1103.0
0,20170507.0,일,창경궁로(서울여자대학교),A-06,유입,성균관대입구->원남동사거리,16871.0,37.5831,127.0009,20시,1261.0
0,20170508.0,월,창경궁로(서울여자대학교),A-06,유입,성균관대입구->원남동사거리,18190.0,37.5831,127.0009,8시,2367.0
0,20170508.0,월,창경궁로(서울여자대학교),A-06,유입,성균관대입구->원남동사거리,18190.0,37.5831,127.0009,9시,1869.0
0,20170508.0,월,창경궁로(서울여자대학교),A-06,유입,성균관대입구->원남동사거리,18190.0,37.5831,127.0009,10시,1633.0
0,20170508.0,월,창경궁로(서울여자대학교),A-06,유입,성균관대입구->원남동사거리,18190.0,37.5831,127.0009,11시,1448.0
0,20170508.0,월,창경궁로(서울여자대학교),A-06,유입,성균관대입구->원남동사거리,18190.0,37.5831,127.0009,12시,1379.0
0,20170508.0,월,창경궁로(서울여자대학교),A-06,유입,성균관대입구->원남동사거리,18190.0,37.5831,127.0009,13시,1393.0
0,20170508.0,월,창경궁로(서울여자대학교),A-06,유입,성균관대입구->원남동사거리,18190.0,37.5831,127.0009,14시,1356.0
0,20170508.0,월,창경궁로(서울여자대학교),A-06,유입,성균관대입구->원남동사거리,18190.0,37.5831,127.0009,15시,1310.0
0,20170508.0,월,창경궁로(서울여자대학교),A-06,유입,성균관대입구->원남동사거리,18190.0,37.5831,127.0009,16시,1285.0
0,20170508.0,월,창경궁로(서울여자대학교),A-06,유입,성균관대입구->원남동사거리,18190.0,37.5831,127.0009,17시,1268.0
0,20170508.0,월,창경궁로(서울여자대학교),A-06,유입,성균관대입구->원남동사거리,18190.0,37.5831,127.0009,18시,1098.0
0,20170508.0,월,창경궁로(서울여자대학교),A-06,유입,성균관대입구->원남동사거리,18190.0,37.5831,127.0009,19시,877.0
0,20170508.0,월,창경궁로(서울여자대학교),A-06,유입,성균관대입구->원남동사거리,18190.0,37.5831,127.0009,20시,907.0
0,20170509.0,화,창경궁로(서울여자대학교),A-06,유입,성균관대입구->원남동사거리,16588.0,37.5831,127.0009,8시,1355.0
0,20170509.0,화,창경궁로(서울여자대학교),A-06,유입,성균관대입구->원남동사거리,16588.0,37.5831,127.0009,9시,1397.0
0,20170509.0,화,창경궁로(서울여자대학교),A-06,유입,성균관대입구->원남동사거리,16588.0,37.5831,127.0009,10시,1412.0
0,20170509.0,화,창경궁로(서울여자대학교),A-06,유입,성균관대입구->원남동사거리,16588.0,37.5831,127.0009,11시,1346.0
0,20170509.0,화,창경궁로(서울여자대학교),A-06,유입,성균관대입구->원남동사거리,16588.0,37.5831,127.0009,12시,1379.0
0,20170509.0,화,창경궁로(서울여자대학교),A-06,유입,성균관대입구->원남동사거리,16588.0,37.5831,127.0009,13시,1429.0
0,20170509.0,화,창경궁로(서울여자대학교),A-06,유입,성균관대입구->원남동사거리,16588.0,37.5831,127.0009,14시,1327.0
0,20170509.0,화,창경궁로(서울여자대학교),A-06,유입,성균관대입구->원남동사거리,16588.0,37.5831,127.0009,15시,1318.0
0,20170509.0,화,창경궁로(서울여자대학교),A-06,유입,성균관대입구->원남동사거리,16588.0,37.5831,127.0009,16시,1376.0
0,20170509.0,화,창경궁로(서울여자대학교),A-06,유입,성균관대입구->원남동사거리,16588.0,37.5831,127.0009,17시,1311.0
0,20170509.0,화,창경궁로(서울여자대학교),A-06,유입,성균관대입구->원남동사거리,16588.0,37.5831,127.0009,18시,1070.0
0,20170509.0,화,창경궁로(서울여자대학교),A-06,유입,성균관대입구->원남동사거리,16588.0,37.5831,127.0009,19시,935.0
0,20170509.0,화,창경궁로(서울여자대학교),A-06,유입,성균관대입구->원남동사거리,16588.0,37.5831,127.0009,20시,933.0
0,20170510.0,수,창경궁로(서울여자대학교),A-06,유입,성균관대입구->원남동사거리,18165.0,37.5831,127.0009,8시,2489.0
0,20170510.0,수,창경궁로(서울여자대학교),A-06,유입,성균관대입구->원남동사거리,18165.0,37.5831,127.0009,9시,2061.0
0,20170510.0,수,창경궁로(서울여자대학교),A-06,유입,성균관대입구->원남동사거리,18165.0,37.5831,127.0009,10시,1677.0
0,20170510.0,수,창경궁로(서울여자대학교),A-06,유입,성균관대입구->원남동사거리,18165.0,37.5831,127.0009,11시,1421.0
0,20170510.0,수,창경궁로(서울여자대학교),A-06,유입,성균관대입구->원남동사거리,18165.0,37.5831,127.0009,12시,1458.0
0,20170510.0,수,창경궁로(서울여자대학교),A-06,유입,성균관대입구->원남동사거리,18165.0,37.5831,127.0009,13시,1271.0
0,20170510.0,수,창경궁로(서울여자대학교),A-06,유입,성균관대입구->원남동사거리,18165.0,37.5831,127.0009,14시,1245.0
0,20170510.0,수,창경궁로(서울여자대학교),A-06,유입,성균관대입구->원남동사거리,18165.0,37.5831,127.0009,15시,1131.0
0,20170510.0,수,창경궁로(서울여자대학교),A-06,유입,성균관대입구->원남동사거리,18165.0,37.5831,127.0009,16시,1231.0
0,20170510.0,수,창경궁로(서울여자대학교),A-06,유입,성균관대입구->원남동사거리,18165.0,37.5831,127.0009,17시,1181.0
0,20170510.0,수,창경궁로(서울여자대학교),A-06,유입,성균관대입구->원남동사거리,18165.0,37.5831,127.0009,18시,1088.0
0,20170510.0,수,창경궁로(서울여자대학교),A-06,유입,성균관대입구->원남동사거리,18165.0,37.5831,127.0009,19시,903.0
0,20170510.0,수,창경궁로(서울여자대학교),A-06,유입,성균관대입구->원남동사거리,18165.0,37.5831,127.0009,20시,1009.0
0,20170511.0,목,창경궁로(서울여자대학교),A-06,유입,성균관대입구->원남동사거리,18330.0,37.5831,127.0009,8시,2181.0
0,20170511.0,목,창경궁로(서울여자대학교),A-06,유입,성균관대입구->원남동사거리,18330.0,37.5831,127.0009,9시,1922.0
0,20170511.0,목,창경궁로(서울여자대학교),A-06,유입,성균관대입구->원남동사거리,18330.0,37.5831,127.0009,10시,1737.0
0,20170511.0,목,창경궁로(서울여자대학교),A-06,유입,성균관대입구->원남동사거리,18330.0,37.5831,127.0009,11시,1408.0
0,20170511.0,목,창경궁로(서울여자대학교),A-06,유입,성균관대입구->원남동사거리,18330.0,37.5831,127.0009,12시,1451.0
0,20170511.0,목,창경궁로(서울여자대학교),A-06,유입,성균관대입구->원남동사거리,18330.0,37.5831,127.0009,13시,1352.0
0,20170511.0,목,창경궁로(서울여자대학교),A-06,유입,성균관대입구->원남동사거리,18330.0,37.5831,127.0009,14시,1260.0
0,20170511.0,목,창경궁로(서울여자대학교),A-06,유입,성균관대입구->원남동사거리,18330.0,37.5831,127.0009,15시,1337.0
0,20170511.0,목,창경궁로(서울여자대학교),A-06,유입,성균관대입구->원남동사거리,18330.0,37.5831,127.0009,16시,1292.0
0,20170511.0,목,창경궁로(서울여자대학교),A-06,유입,성균관대입구->원남동사거리,18330.0,37.5831,127.0009,17시,1231.0
0,20170511.0,목,창경궁로(서울여자대학교),A-06,유입,성균관대입구->원남동사거리,18330.0,37.5831,127.0009,18시,1140.0
0,20170511.0,목,창경궁로(서울여자대학교),A-06,유입,성균관대입구->원남동사거리,18330.0,37.5831,127.0009,19시,998.0
0,20170511.0,목,창경궁로(서울여자대학교),A-06,유입,성균관대입구->원남동사거리,18330.0,37.5831,127.0009,20시,1021.0
0,20170512.0,금,창경궁로(서울여자대학교),A-06,유입,성균관대입구->원남동사거리,18472.0,37.5831,127.0009,8시,2277.0
0,20170512.0,금,창경궁로(서울여자대학교),A-06,유입,성균관대입구->원남동사거리,18472.0,37.5831,127.0009,9시,1894.0
0,20170512.0,금,창경궁로(서울여자대학교),A-06,유입,성균관대입구->원남동사거리,18472.0,37.5831,127.0009,10시,1650.0
0,20170512.0,금,창경궁로(서울여자대학교),A-06,유입,성균관대입구->원남동사거리,18472.0,37.5831,127.0009,11시,1530.0
0,20170512.0,금,창경궁로(서울여자대학교),A-06,유입,성균관대입구->원남동사거리,18472.0,37.5831,127.0009,12시,1400.0
0,20170512.0,금,창경궁로(서울여자대학교),A-06,유입,성균관대입구->원남동사거리,18472.0,37.5831,127.0009,13시,1430.0
0,20170512.0,금,창경궁로(서울여자대학교),A-06,유입,성균관대입구->원남동사거리,18472.0,37.5831,127.0009,14시,1348.0
0,20170512.0,금,창경궁로(서울여자대학교),A-06,유입,성균관대입구->원남동사거리,18472.0,37.5831,127.0009,15시,1303.0
0,20170512.0,금,창경궁로(서울여자대학교),A-06,유입,성균관대입구->원남동사거리,18472.0,37.5831,127.0009,16시,1298.0
0,20170512.0,금,창경궁로(서울여자대학교),A-06,유입,성균관대입구->원남동사거리,18472.0,37.5831,127.0009,17시,1137.0
0,20170512.0,금,창경궁로(서울여자대학교),A-06,유입,성균관대입구->원남동사거리,18472.0,37.5831,127.0009,18시,1220.0
0,20170512.0,금,창경궁로(서울여자대학교),A-06,유입,성균관대입구->원남동사거리,18472.0,37.5831,127.0009,19시,931.0
0,20170512.0,금,창경궁로(서울여자대학교),A-06,유입,성균관대입구->원남동사거리,18472.0,37.5831,127.0009,20시,1054.0
0,20170513.0,토,창경궁로(서울여자대학교),A-06,유입,성균관대입구->원남동사거리,19121.0,37.5831,127.0009,8시,1645.0
0,20170513.0,토,창경궁로(서울여자대학교),A-06,유입,성균관대입구->원남동사거리,19121.0,37.5831,127.0009,9시,1652.0
0,20170513.0,토,창경궁로(서울여자대학교),A-06,유입,성균관대입구->원남동사거리,19121.0,37.5831,127.0009,10시,1658.0
0,20170513.0,토,창경궁로(서울여자대학교),A-06,유입,성균관대입구->원남동사거리,19121.0,37.5831,127.0009,11시,1571.0
0,20170513.0,토,창경궁로(서울여자대학교),A-06,유입,성균관대입구->원남동사거리,19121.0,37.5831,127.0009,12시,1623.0
0,20170513.0,토,창경궁로(서울여자대학교),A-06,유입,성균관대입구->원남동사거리,19121.0,37.5831,127.0009,13시,1657.0
0,20170513.0,토,창경궁로(서울여자대학교),A-06,유입,성균관대입구->원남동사거리,19121.0,37.5831,127.0009,14시,1484.0
0,20170513.0,토,창경궁로(서울여자대학교),A-06,유입,성균관대입구->원남동사거리,19121.0,37.5831,127.0009,15시,1492.0
0,20170513.0,토,창경궁로(서울여자대학교),A-06,유입,성균관대입구->원남동사거리,19121.0,37.5831,127.0009,16시,1508.0
0,20170513.0,토,창경궁로(서울여자대학교),A-06,유입,성균관대입구->원남동사거리,19121.0,37.5831,127.0009,17시,1440.0
0,20170513.0,토,창경궁로(서울여자대학교),A-06,유입,성균관대입구->원남동사거리,19121.0,37.5831,127.0009,18시,1293.0
0,20170513.0,토,창경궁로(서울여자대학교),A-06,유입,성균관대입구->원남동사거리,19121.0,37.5831,127.0009,19시,1056.0
0,20170513.0,토,창경궁로(서울여자대학교),A-06,유입,성균관대입구->원남동사거리,19121.0,37.5831,127.0009,20시,1042.0
0,20170514.0,일,창경궁로(서울여자대학교),A-06,유입,성균관대입구->원남동사거리,17007.0,37.5831,127.0009,8시,1117.0
0,20170514.0,일,창경궁로(서울여자대학교),A-06,유입,성균관대입구->원남동사거리,17007.0,37.5831,127.0009,9시,1340.0
0,20170514.0,일,창경궁로(서울여자대학교),A-06,유입,성균관대입구->원남동사거리,17007.0,37.5831,127.0009,10시,1397.0
0,20170514.0,일,창경궁로(서울여자대학교),A-06,유입,성균관대입구->원남동사거리,17007.0,37.5831,127.0009,11시,1321.0
0,20170514.0,일,창경궁로(서울여자대학교),A-06,유입,성균관대입구->원남동사거리,17007.0,37.5831,127.0009,12시,1484.0
0,20170514.0,일,창경궁로(서울여자대학교),A-06,유입,성균관대입구->원남동사거리,17007.0,37.5831,127.0009,13시,1512.0
0,20170514.0,일,창경궁로(서울여자대학교),A-06,유입,성균관대입구->원남동사거리,17007.0,37.5831,127.0009,14시,1531.0
0,20170514.0,일,창경궁로(서울여자대학교),A-06,유입,성균관대입구->원남동사거리,17007.0,37.5831,127.0009,15시,1440.0
0,20170514.0,일,창경궁로(서울여자대학교),A-06,유입,성균관대입구->원남동사거리,17007.0,37.5831,127.0009,16시,1362.0
0,20170514.0,일,창경궁로(서울여자대학교),A-06,유입,성균관대입구->원남동사거리,17007.0,37.5831,127.0009,17시,1348.0
0,20170514.0,일,창경궁로(서울여자대학교),A-06,유입,성균관대입구->원남동사거리,17007.0,37.5831,127.0009,18시,1147.0
0,20170514.0,일,창경궁로(서울여자대학교),A-06,유입,성균관대입구->원남동사거리,17007.0,37.5831,127.0009,19시,973.0
0,20170514.0,일,창경궁로(서울여자대학교),A-06,유입,성균관대입구->원남동사거리,17007.0,37.5831,127.0009,20시,1035.0
0,20170515.0,월,창경궁로(서울여자대학교),A-06,유입,성균관대입구->원남동사거리,18025.0,37.5831,127.0009,8시,2383.0
0,20170515.0,월,창경궁로(서울여자대학교),A-06,유입,성균관대입구->원남동사거리,18025.0,37.5831,127.0009,9시,1892.0
0,20170515.0,월,창경궁로(서울여자대학교),A-06,유입,성균관대입구->원남동사거리,18025.0,37.5831,127.0009,10시,1599.0
0,20170515.0,월,창경궁로(서울여자대학교),A-06,유입,성균관대입구->원남동사거리,18025.0,37.5831,127.0009,11시,1373.0
0,20170515.0,월,창경궁로(서울여자대학교),A-06,유입,성균관대입구->원남동사거리,18025.0,37.5831,127.0009,12시,1303.0
0,20170515.0,월,창경궁로(서울여자대학교),A-06,유입,성균관대입구->원남동사거리,18025.0,37.5831,127.0009,13시,1447.0
0,20170515.0,월,창경궁로(서울여자대학교),A-06,유입,성균관대입구->원남동사거리,18025.0,37.5831,127.0009,14시,1257.0
0,20170515.0,월,창경궁로(서울여자대학교),A-06,유입,성균관대입구->원남동사거리,18025.0,37.5831,127.0009,15시,1255.0
0,20170515.0,월,창경궁로(서울여자대학교),A-06,유입,성균관대입구->원남동사거리,18025.0,37.5831,127.0009,16시,1288.0
0,20170515.0,월,창경궁로(서울여자대학교),A-06,유입,성균관대입구->원남동사거리,18025.0,37.5831,127.0009,17시,1215.0
0,20170515.0,월,창경궁로(서울여자대학교),A-06,유입,성균관대입구->원남동사거리,18025.0,37.5831,127.0009,18시,1108.0
0,20170515.0,월,창경궁로(서울여자대학교),A-06,유입,성균관대입구->원남동사거리,18025.0,37.5831,127.0009,19시,941.0
0,20170515.0,월,창경궁로(서울여자대학교),A-06,유입,성균관대입구->원남동사거리,18025.0,37.5831,127.0009,20시,964.0
0,20170516.0,화,창경궁로(서울여자대학교),A-06,유입,성균관대입구->원남동사거리,17688.0,37.5831,127.0009,8시,2124.0
0,20170516.0,화,창경궁로(서울여자대학교),A-06,유입,성균관대입구->원남동사거리,17688.0,37.5831,127.0009,9시,1892.0
0,20170516.0,화,창경궁로(서울여자대학교),A-06,유입,성균관대입구->원남동사거리,17688.0,37.5831,127.0009,10시,1580.0
0,20170516.0,화,창경궁로(서울여자대학교),A-06,유입,성균관대입구->원남동사거리,17688.0,37.5831,127.0009,11시,1406.0
0,20170516.0,화,창경궁로(서울여자대학교),A-06,유입,성균관대입구->원남동사거리,17688.0,37.5831,127.0009,12시,1270.0
0,20170516.0,화,창경궁로(서울여자대학교),A-06,유입,성균관대입구->원남동사거리,17688.0,37.5831,127.0009,13시,1350.0
0,20170516.0,화,창경궁로(서울여자대학교),A-06,유입,성균관대입구->원남동사거리,17688.0,37.5831,127.0009,14시,1329.0
0,20170516.0,화,창경궁로(서울여자대학교),A-06,유입,성균관대입구->원남동사거리,17688.0,37.5831,127.0009,15시,1211.0
0,20170516.0,화,창경궁로(서울여자대학교),A-06,유입,성균관대입구->원남동사거리,17688.0,37.5831,127.0009,16시,1189.0
0,20170516.0,화,창경궁로(서울여자대학교),A-06,유입,성균관대입구->원남동사거리,17688.0,37.5831,127.0009,17시,1146.0
0,20170516.0,화,창경궁로(서울여자대학교),A-06,유입,성균관대입구->원남동사거리,17688.0,37.5831,127.0009,18시,1188.0
0,20170516.0,화,창경궁로(서울여자대학교),A-06,유입,성균관대입구->원남동사거리,17688.0,37.5831,127.0009,19시,999.0
0,20170516.0,화,창경궁로(서울여자대학교),A-06,유입,성균관대입구->원남동사거리,17688.0,37.5831,127.0009,20시,1004.0
0,20170517.0,수,창경궁로(서울여자대학교),A-06,유입,성균관대입구->원남동사거리,17913.0,37.5831,127.0009,8시,2201.0
0,20170517.0,수,창경궁로(서울여자대학교),A-06,유입,성균관대입구->원남동사거리,17913.0,37.5831,127.0009,9시,1980.0
0,20170517.0,수,창경궁로(서울여자대학교),A-06,유입,성균관대입구->원남동사거리,17913.0,37.5831,127.0009,10시,1547.0
0,20170517.0,수,창경궁로(서울여자대학교),A-06,유입,성균관대입구->원남동사거리,17913.0,37.5831,127.0009,11시,1423.0
0,20170517.0,수,창경궁로(서울여자대학교),A-06,유입,성균관대입구->원남동사거리,17913.0,37.5831,127.0009,12시,1336.0
0,20170517.0,수,창경궁로(서울여자대학교),A-06,유입,성균관대입구->원남동사거리,17913.0,37.5831,127.0009,13시,1384.0
0,20170517.0,수,창경궁로(서울여자대학교),A-06,유입,성균관대입구->원남동사거리,17913.0,37.5831,127.0009,14시,1301.0
0,20170517.0,수,창경궁로(서울여자대학교),A-06,유입,성균관대입구->원남동사거리,17913.0,37.5831,127.0009,15시,1150.0
0,20170517.0,수,창경궁로(서울여자대학교),A-06,유입,성균관대입구->원남동사거리,17913.0,37.5831,127.0009,16시,1320.0
0,20170517.0,수,창경궁로(서울여자대학교),A-06,유입,성균관대입구->원남동사거리,17913.0,37.5831,127.0009,17시,1210.0
0,20170517.0,수,창경궁로(서울여자대학교),A-06,유입,성균관대입구->원남동사거리,17913.0,37.5831,127.0009,18시,1074.0
0,20170517.0,수,창경궁로(서울여자대학교),A-06,유입,성균관대입구->원남동사거리,17913.0,37.5831,127.0009,19시,961.0
0,20170517.0,수,창경궁로(서울여자대학교),A-06,유입,성균관대입구->원남동사거리,17913.0,37.5831,127.0009,20시,1026.0
0,20170518.0,목,창경궁로(서울여자대학교),A-06,유입,성균관대입구->원남동사거리,17649.0,37.5831,127.0009,8시,2238.0
0,20170518.0,목,창경궁로(서울여자대학교),A-06,유입,성균관대입구->원남동사거리,17649.0,37.5831,127.0009,9시,1925.0
0,20170518.0,목,창경궁로(서울여자대학교),A-06,유입,성균관대입구->원남동사거리,17649.0,37.5831,127.0009,10시,1480.0
0,20170518.0,목,창경궁로(서울여자대학교),A-06,유입,성균관대입구->원남동사거리,17649.0,37.5831,127.0009,11시,1236.0
0,20170518.0,목,창경궁로(서울여자대학교),A-06,유입,성균관대입구->원남동사거리,17649.0,37.5831,127.0009,12시,1370.0
0,20170518.0,목,창경궁로(서울여자대학교),A-06,유입,성균관대입구->원남동사거리,17649.0,37.5831,127.0009,13시,1406.0
0,20170518.0,목,창경궁로(서울여자대학교),A-06,유입,성균관대입구->원남동사거리,17649.0,37.5831,127.0009,14시,1274.0
0,20170518.0,목,창경궁로(서울여자대학교),A-06,유입,성균관대입구->원남동사거리,17649.0,37.5831,127.0009,15시,1249.0
0,20170518.0,목,창경궁로(서울여자대학교),A-06,유입,성균관대입구->원남동사거리,17649.0,37.5831,127.0009,16시,1231.0
0,20170518.0,목,창경궁로(서울여자대학교),A-06,유입,성균관대입구->원남동사거리,17649.0,37.5831,127.0009,17시,1224.0
0,20170518.0,목,창경궁로(서울여자대학교),A-06,유입,성균관대입구->원남동사거리,17649.0,37.5831,127.0009,18시,1088.0
0,20170518.0,목,창경궁로(서울여자대학교),A-06,유입,성균관대입구->원남동사거리,17649.0,37.5831,127.0009,19시,945.0
0,20170518.0,목,창경궁로(서울여자대학교),A-06,유입,성균관대입구->원남동사거리,17649.0,37.5831,127.0009,20시,983.0
0,20170519.0,금,창경궁로(서울여자대학교),A-06,유입,성균관대입구->원남동사거리,18534.0,37.5831,127.0009,8시,2287.0
0,20170519.0,금,창경궁로(서울여자대학교),A-06,유입,성균관대입구->원남동사거리,18534.0,37.5831,127.0009,9시,1933.0
0,20170519.0,금,창경궁로(서울여자대학교),A-06,유입,성균관대입구->원남동사거리,18534.0,37.5831,127.0009,10시,1661.0
0,20170519.0,금,창경궁로(서울여자대학교),A-06,유입,성균관대입구->원남동사거리,18534.0,37.5831,127.0009,11시,1378.0
0,20170519.0,금,창경궁로(서울여자대학교),A-06,유입,성균관대입구->원남동사거리,18534.0,37.5831,127.0009,12시,1391.0
0,20170519.0,금,창경궁로(서울여자대학교),A-06,유입,성균관대입구->원남동사거리,18534.0,37.5831,127.0009,13시,1414.0
0,20170519.0,금,창경궁로(서울여자대학교),A-06,유입,성균관대입구->원남동사거리,18534.0,37.5831,127.0009,14시,1297.0
0,20170519.0,금,창경궁로(서울여자대학교),A-06,유입,성균관대입구->원남동사거리,18534.0,37.5831,127.0009,15시,1350.0
0,20170519.0,금,창경궁로(서울여자대학교),A-06,유입,성균관대입구->원남동사거리,18534.0,37.5831,127.0009,16시,1393.0
0,20170519.0,금,창경궁로(서울여자대학교),A-06,유입,성균관대입구->원남동사거리,18534.0,37.5831,127.0009,17시,1250.0
0,20170519.0,금,창경궁로(서울여자대학교),A-06,유입,성균관대입구->원남동사거리,18534.0,37.5831,127.0009,18시,1182.0
0,20170519.0,금,창경궁로(서울여자대학교),A-06,유입,성균관대입구->원남동사거리,18534.0,37.5831,127.0009,19시,957.0
0,20170519.0,금,창경궁로(서울여자대학교),A-06,유입,성균관대입구->원남동사거리,18534.0,37.5831,127.0009,20시,1041.0
0,20170520.0,토,창경궁로(서울여자대학교),A-06,유입,성균관대입구->원남동사거리,19491.0,37.5831,127.0009,8시,1624.0
0,20170520.0,토,창경궁로(서울여자대학교),A-06,유입,성균관대입구->원남동사거리,19491.0,37.5831,127.0009,9시,1753.0
0,20170520.0,토,창경궁로(서울여자대학교),A-06,유입,성균관대입구->원남동사거리,19491.0,37.5831,127.0009,10시,1660.0
0,20170520.0,토,창경궁로(서울여자대학교),A-06,유입,성균관대입구->원남동사거리,19491.0,37.5831,127.0009,11시,1653.0
0,20170520.0,토,창경궁로(서울여자대학교),A-06,유입,성균관대입구->원남동사거리,19491.0,37.5831,127.0009,12시,1614.0
0,20170520.0,토,창경궁로(서울여자대학교),A-06,유입,성균관대입구->원남동사거리,19491.0,37.5831,127.0009,13시,1605.0
0,20170520.0,토,창경궁로(서울여자대학교),A-06,유입,성균관대입구->원남동사거리,19491.0,37.5831,127.0009,14시,1648.0
0,20170520.0,토,창경궁로(서울여자대학교),A-06,유입,성균관대입구->원남동사거리,19491.0,37.5831,127.0009,15시,1562.0
0,20170520.0,토,창경궁로(서울여자대학교),A-06,유입,성균관대입구->원남동사거리,19491.0,37.5831,127.0009,16시,1425.0
0,20170520.0,토,창경궁로(서울여자대학교),A-06,유입,성균관대입구->원남동사거리,19491.0,37.5831,127.0009,17시,1500.0
0,20170520.0,토,창경궁로(서울여자대학교),A-06,유입,성균관대입구->원남동사거리,19491.0,37.5831,127.0009,18시,1209.0
0,20170520.0,토,창경궁로(서울여자대학교),A-06,유입,성균관대입구->원남동사거리,19491.0,37.5831,127.0009,19시,1106.0
0,20170520.0,토,창경궁로(서울여자대학교),A-06,유입,성균관대입구->원남동사거리,19491.0,37.5831,127.0009,20시,1132.0
0,20170521.0,일,창경궁로(서울여자대학교),A-06,유입,성균관대입구->원남동사거리,17090.0,37.5831,127.0009,8시,1134.0
0,20170521.0,일,창경궁로(서울여자대학교),A-06,유입,성균관대입구->원남동사거리,17090.0,37.5831,127.0009,9시,1413.0
0,20170521.0,일,창경궁로(서울여자대학교),A-06,유입,성균관대입구->원남동사거리,17090.0,37.5831,127.0009,10시,1371.0
0,20170521.0,일,창경궁로(서울여자대학교),A-06,유입,성균관대입구->원남동사거리,17090.0,37.5831,127.0009,11시,1417.0
0,20170521.0,일,창경궁로(서울여자대학교),A-06,유입,성균관대입구->원남동사거리,17090.0,37.5831,127.0009,12시,1423.0
0,20170521.0,일,창경궁로(서울여자대학교),A-06,유입,성균관대입구->원남동사거리,17090.0,37.5831,127.0009,13시,1424.0
0,20170521.0,일,창경궁로(서울여자대학교),A-06,유입,성균관대입구->원남동사거리,17090.0,37.5831,127.0009,14시,1436.0
0,20170521.0,일,창경궁로(서울여자대학교),A-06,유입,성균관대입구->원남동사거리,17090.0,37.5831,127.0009,15시,1354.0
0,20170521.0,일,창경궁로(서울여자대학교),A-06,유입,성균관대입구->원남동사거리,17090.0,37.5831,127.0009,16시,1396.0
0,20170521.0,일,창경궁로(서울여자대학교),A-06,유입,성균관대입구->원남동사거리,17090.0,37.5831,127.0009,17시,1274.0
0,20170521.0,일,창경궁로(서울여자대학교),A-06,유입,성균관대입구->원남동사거리,17090.0,37.5831,127.0009,18시,1249.0
0,20170521.0,일,창경궁로(서울여자대학교),A-06,유입,성균관대입구->원남동사거리,17090.0,37.5831,127.0009,19시,1103.0
0,20170521.0,일,창경궁로(서울여자대학교),A-06,유입,성균관대입구->원남동사거리,17090.0,37.5831,127.0009,20시,1096.0
0,20170522.0,월,창경궁로(서울여자대학교),A-06,유입,성균관대입구->원남동사거리,17631.0,37.5831,127.0009,8시,2334.0
0,20170522.0,월,창경궁로(서울여자대학교),A-06,유입,성균관대입구->원남동사거리,17631.0,37.5831,127.0009,9시,1815.0
0,20170522.0,월,창경궁로(서울여자대학교),A-06,유입,성균관대입구->원남동사거리,17631.0,37.5831,127.0009,10시,1558.0
0,20170522.0,월,창경궁로(서울여자대학교),A-06,유입,성균관대입구->원남동사거리,17631.0,37.5831,127.0009,11시,1367.0
0,20170522.0,월,창경궁로(서울여자대학교),A-06,유입,성균관대입구->원남동사거리,17631.0,37.5831,127.0009,12시,1321.0
0,20170522.0,월,창경궁로(서울여자대학교),A-06,유입,성균관대입구->원남동사거리,17631.0,37.5831,127.0009,13시,1300.0
0,20170522.0,월,창경궁로(서울여자대학교),A-06,유입,성균관대입구->원남동사거리,17631.0,37.5831,127.0009,14시,1325.0
0,20170522.0,월,창경궁로(서울여자대학교),A-06,유입,성균관대입구->원남동사거리,17631.0,37.5831,127.0009,15시,1235.0
0,20170522.0,월,창경궁로(서울여자대학교),A-06,유입,성균관대입구->원남동사거리,17631.0,37.5831,127.0009,16시,1227.0
0,20170522.0,월,창경궁로(서울여자대학교),A-06,유입,성균관대입구->원남동사거리,17631.0,37.5831,127.0009,17시,1187.0
0,20170522.0,월,창경궁로(서울여자대학교),A-06,유입,성균관대입구->원남동사거리,17631.0,37.5831,127.0009,18시,1129.0
0,20170522.0,월,창경궁로(서울여자대학교),A-06,유입,성균관대입구->원남동사거리,17631.0,37.5831,127.0009,19시,914.0
0,20170522.0,월,창경궁로(서울여자대학교),A-06,유입,성균관대입구->원남동사거리,17631.0,37.5831,127.0009,20시,919.0
0,20170523.0,화,창경궁로(서울여자대학교),A-06,유입,성균관대입구->원남동사거리,17416.0,37.5831,127.0009,8시,2225.0
0,20170523.0,화,창경궁로(서울여자대학교),A-06,유입,성균관대입구->원남동사거리,17416.0,37.5831,127.0009,9시,1841.0
0,20170523.0,화,창경궁로(서울여자대학교),A-06,유입,성균관대입구->원남동사거리,17416.0,37.5831,127.0009,10시,1662.0
0,20170523.0,화,창경궁로(서울여자대학교),A-06,유입,성균관대입구->원남동사거리,17416.0,37.5831,127.0009,11시,1361.0
0,20170523.0,화,창경궁로(서울여자대학교),A-06,유입,성균관대입구->원남동사거리,17416.0,37.5831,127.0009,12시,1377.0
0,20170523.0,화,창경궁로(서울여자대학교),A-06,유입,성균관대입구->원남동사거리,17416.0,37.5831,127.0009,13시,1318.0
0,20170523.0,화,창경궁로(서울여자대학교),A-06,유입,성균관대입구->원남동사거리,17416.0,37.5831,127.0009,14시,1199.0
0,20170523.0,화,창경궁로(서울여자대학교),A-06,유입,성균관대입구->원남동사거리,17416.0,37.5831,127.0009,15시,1206.0
0,20170523.0,화,창경궁로(서울여자대학교),A-06,유입,성균관대입구->원남동사거리,17416.0,37.5831,127.0009,16시,1236.0
0,20170523.0,화,창경궁로(서울여자대학교),A-06,유입,성균관대입구->원남동사거리,17416.0,37.5831,127.0009,17시,1200.0
0,20170523.0,화,창경궁로(서울여자대학교),A-06,유입,성균관대입구->원남동사거리,17416.0,37.5831,127.0009,18시,1074.0
0,20170523.0,화,창경궁로(서울여자대학교),A-06,유입,성균관대입구->원남동사거리,17416.0,37.5831,127.0009,19시,843.0
0,20170523.0,화,창경궁로(서울여자대학교),A-06,유입,성균관대입구->원남동사거리,17416.0,37.5831,127.0009,20시,874.0
0,20170524.0,수,창경궁로(서울여자대학교),A-06,유입,성균관대입구->원남동사거리,17869.0,37.5831,127.0009,8시,2331.0
0,20170524.0,수,창경궁로(서울여자대학교),A-06,유입,성균관대입구->원남동사거리,17869.0,37.5831,127.0009,9시,1839.0
0,20170524.0,수,창경궁로(서울여자대학교),A-06,유입,성균관대입구->원남동사거리,17869.0,37.5831,127.0009,10시,1695.0
0,20170524.0,수,창경궁로(서울여자대학교),A-06,유입,성균관대입구->원남동사거리,17869.0,37.5831,127.0009,11시,1440.0
0,20170524.0,수,창경궁로(서울여자대학교),A-06,유입,성균관대입구->원남동사거리,17869.0,37.5831,127.0009,12시,1208.0
0,20170524.0,수,창경궁로(서울여자대학교),A-06,유입,성균관대입구->원남동사거리,17869.0,37.5831,127.0009,13시,1395.0
0,20170524.0,수,창경궁로(서울여자대학교),A-06,유입,성균관대입구->원남동사거리,17869.0,37.5831,127.0009,14시,1222.0
0,20170524.0,수,창경궁로(서울여자대학교),A-06,유입,성균관대입구->원남동사거리,17869.0,37.5831,127.0009,15시,1275.0
0,20170524.0,수,창경궁로(서울여자대학교),A-06,유입,성균관대입구->원남동사거리,17869.0,37.5831,127.0009,16시,1334.0
0,20170524.0,수,창경궁로(서울여자대학교),A-06,유입,성균관대입구->원남동사거리,17869.0,37.5831,127.0009,17시,1188.0
0,20170524.0,수,창경궁로(서울여자대학교),A-06,유입,성균관대입구->원남동사거리,17869.0,37.5831,127.0009,18시,1024.0
0,20170524.0,수,창경궁로(서울여자대학교),A-06,유입,성균관대입구->원남동사거리,17869.0,37.5831,127.0009,19시,919.0
0,20170524.0,수,창경궁로(서울여자대학교),A-06,유입,성균관대입구->원남동사거리,17869.0,37.5831,127.0009,20시,999.0
0,20170525.0,목,창경궁로(서울여자대학교),A-06,유입,성균관대입구->원남동사거리,18507.0,37.5831,127.0009,8시,2269.0
0,20170525.0,목,창경궁로(서울여자대학교),A-06,유입,성균관대입구->원남동사거리,18507.0,37.5831,127.0009,9시,2017.0
0,20170525.0,목,창경궁로(서울여자대학교),A-06,유입,성균관대입구->원남동사거리,18507.0,37.5831,127.0009,10시,1609.0
0,20170525.0,목,창경궁로(서울여자대학교),A-06,유입,성균관대입구->원남동사거리,18507.0,37.5831,127.0009,11시,1588.0
0,20170525.0,목,창경궁로(서울여자대학교),A-06,유입,성균관대입구->원남동사거리,18507.0,37.5831,127.0009,12시,1366.0
0,20170525.0,목,창경궁로(서울여자대학교),A-06,유입,성균관대입구->원남동사거리,18507.0,37.5831,127.0009,13시,1345.0
0,20170525.0,목,창경궁로(서울여자대학교),A-06,유입,성균관대입구->원남동사거리,18507.0,37.5831,127.0009,14시,1313.0
0,20170525.0,목,창경궁로(서울여자대학교),A-06,유입,성균관대입구->원남동사거리,18507.0,37.5831,127.0009,15시,1284.0
0,20170525.0,목,창경궁로(서울여자대학교),A-06,유입,성균관대입구->원남동사거리,18507.0,37.5831,127.0009,16시,1281.0
0,20170525.0,목,창경궁로(서울여자대학교),A-06,유입,성균관대입구->원남동사거리,18507.0,37.5831,127.0009,17시,1221.0
0,20170525.0,목,창경궁로(서울여자대학교),A-06,유입,성균관대입구->원남동사거리,18507.0,37.5831,127.0009,18시,1169.0
0,20170525.0,목,창경궁로(서울여자대학교),A-06,유입,성균관대입구->원남동사거리,18507.0,37.5831,127.0009,19시,1020.0
0,20170525.0,목,창경궁로(서울여자대학교),A-06,유입,성균관대입구->원남동사거리,18507.0,37.5831,127.0009,20시,1025.0
0,20170526.0,금,창경궁로(서울여자대학교),A-06,유입,성균관대입구->원남동사거리,18574.0,37.5831,127.0009,8시,2376.0
0,20170526.0,금,창경궁로(서울여자대학교),A-06,유입,성균관대입구->원남동사거리,18574.0,37.5831,127.0009,9시,1944.0
0,20170526.0,금,창경궁로(서울여자대학교),A-06,유입,성균관대입구->원남동사거리,18574.0,37.5831,127.0009,10시,1603.0
0,20170526.0,금,창경궁로(서울여자대학교),A-06,유입,성균관대입구->원남동사거리,18574.0,37.5831,127.0009,11시,1429.0
0,20170526.0,금,창경궁로(서울여자대학교),A-06,유입,성균관대입구->원남동사거리,18574.0,37.5831,127.0009,12시,1402.0
0,20170526.0,금,창경궁로(서울여자대학교),A-06,유입,성균관대입구->원남동사거리,18574.0,37.5831,127.0009,13시,1346.0
0,20170526.0,금,창경궁로(서울여자대학교),A-06,유입,성균관대입구->원남동사거리,18574.0,37.5831,127.0009,14시,1348.0
0,20170526.0,금,창경궁로(서울여자대학교),A-06,유입,성균관대입구->원남동사거리,18574.0,37.5831,127.0009,15시,1249.0
0,20170526.0,금,창경궁로(서울여자대학교),A-06,유입,성균관대입구->원남동사거리,18574.0,37.5831,127.0009,16시,1413.0
0,20170526.0,금,창경궁로(서울여자대학교),A-06,유입,성균관대입구->원남동사거리,18574.0,37.5831,127.0009,17시,1185.0
0,20170526.0,금,창경궁로(서울여자대학교),A-06,유입,성균관대입구->원남동사거리,18574.0,37.5831,127.0009,18시,1223.0
0,20170526.0,금,창경궁로(서울여자대학교),A-06,유입,성균관대입구->원남동사거리,18574.0,37.5831,127.0009,19시,1029.0
0,20170526.0,금,창경궁로(서울여자대학교),A-06,유입,성균관대입구->원남동사거리,18574.0,37.5831,127.0009,20시,1027.0
0,20170527.0,토,창경궁로(서울여자대학교),A-06,유입,성균관대입구->원남동사거리,19246.0,37.5831,127.0009,8시,1643.0
0,20170527.0,토,창경궁로(서울여자대학교),A-06,유입,성균관대입구->원남동사거리,19246.0,37.5831,127.0009,9시,1738.0
0,20170527.0,토,창경궁로(서울여자대학교),A-06,유입,성균관대입구->원남동사거리,19246.0,37.5831,127.0009,10시,1689.0
0,20170527.0,토,창경궁로(서울여자대학교),A-06,유입,성균관대입구->원남동사거리,19246.0,37.5831,127.0009,11시,1735.0
0,20170527.0,토,창경궁로(서울여자대학교),A-06,유입,성균관대입구->원남동사거리,19246.0,37.5831,127.0009,12시,1631.0
0,20170527.0,토,창경궁로(서울여자대학교),A-06,유입,성균관대입구->원남동사거리,19246.0,37.5831,127.0009,13시,1618.0
0,20170527.0,토,창경궁로(서울여자대학교),A-06,유입,성균관대입구->원남동사거리,19246.0,37.5831,127.0009,14시,1558.0
0,20170527.0,토,창경궁로(서울여자대학교),A-06,유입,성균관대입구->원남동사거리,19246.0,37.5831,127.0009,15시,1487.0
0,20170527.0,토,창경궁로(서울여자대학교),A-06,유입,성균관대입구->원남동사거리,19246.0,37.5831,127.0009,16시,1450.0
0,20170527.0,토,창경궁로(서울여자대학교),A-06,유입,성균관대입구->원남동사거리,19246.0,37.5831,127.0009,17시,1257.0
0,20170527.0,토,창경궁로(서울여자대학교),A-06,유입,성균관대입구->원남동사거리,19246.0,37.5831,127.0009,18시,1167.0
0,20170527.0,토,창경궁로(서울여자대학교),A-06,유입,성균관대입구->원남동사거리,19246.0,37.5831,127.0009,19시,1147.0
0,20170527.0,토,창경궁로(서울여자대학교),A-06,유입,성균관대입구->원남동사거리,19246.0,37.5831,127.0009,20시,1126.0
0,20170528.0,일,창경궁로(서울여자대학교),A-06,유입,성균관대입구->원남동사거리,17015.0,37.5831,127.0009,8시,1122.0
0,20170528.0,일,창경궁로(서울여자대학교),A-06,유입,성균관대입구->원남동사거리,17015.0,37.5831,127.0009,9시,1377.0
0,20170528.0,일,창경궁로(서울여자대학교),A-06,유입,성균관대입구->원남동사거리,17015.0,37.5831,127.0009,10시,1495.0
0,20170528.0,일,창경궁로(서울여자대학교),A-06,유입,성균관대입구->원남동사거리,17015.0,37.5831,127.0009,11시,1403.0
0,20170528.0,일,창경궁로(서울여자대학교),A-06,유입,성균관대입구->원남동사거리,17015.0,37.5831,127.0009,12시,1446.0
0,20170528.0,일,창경궁로(서울여자대학교),A-06,유입,성균관대입구->원남동사거리,17015.0,37.5831,127.0009,13시,1508.0
0,20170528.0,일,창경궁로(서울여자대학교),A-06,유입,성균관대입구->원남동사거리,17015.0,37.5831,127.0009,14시,1486.0
0,20170528.0,일,창경궁로(서울여자대학교),A-06,유입,성균관대입구->원남동사거리,17015.0,37.5831,127.0009,15시,1366.0
0,20170528.0,일,창경궁로(서울여자대학교),A-06,유입,성균관대입구->원남동사거리,17015.0,37.5831,127.0009,16시,1265.0
0,20170528.0,일,창경궁로(서울여자대학교),A-06,유입,성균관대입구->원남동사거리,17015.0,37.5831,127.0009,17시,1282.0
0,20170528.0,일,창경궁로(서울여자대학교),A-06,유입,성균관대입구->원남동사거리,17015.0,37.5831,127.0009,18시,1093.0
0,20170528.0,일,창경궁로(서울여자대학교),A-06,유입,성균관대입구->원남동사거리,17015.0,37.5831,127.0009,19시,1055.0
0,20170528.0,일,창경궁로(서울여자대학교),A-06,유입,성균관대입구->원남동사거리,17015.0,37.5831,127.0009,20시,1117.0
0,20170529.0,월,창경궁로(서울여자대학교),A-06,유입,성균관대입구->원남동사거리,17514.0,37.5831,127.0009,8시,2352.0
0,20170529.0,월,창경궁로(서울여자대학교),A-06,유입,성균관대입구->원남동사거리,17514.0,37.5831,127.0009,9시,1793.0
0,20170529.0,월,창경궁로(서울여자대학교),A-06,유입,성균관대입구->원남동사거리,17514.0,37.5831,127.0009,10시,1611.0
0,20170529.0,월,창경궁로(서울여자대학교),A-06,유입,성균관대입구->원남동사거리,17514.0,37.5831,127.0009,11시,1353.0
0,20170529.0,월,창경궁로(서울여자대학교),A-06,유입,성균관대입구->원남동사거리,17514.0,37.5831,127.0009,12시,1307.0
0,20170529.0,월,창경궁로(서울여자대학교),A-06,유입,성균관대입구->원남동사거리,17514.0,37.5831,127.0009,13시,1386.0
0,20170529.0,월,창경궁로(서울여자대학교),A-06,유입,성균관대입구->원남동사거리,17514.0,37.5831,127.0009,14시,1243.0
0,20170529.0,월,창경궁로(서울여자대학교),A-06,유입,성균관대입구->원남동사거리,17514.0,37.5831,127.0009,15시,1166.0
0,20170529.0,월,창경궁로(서울여자대학교),A-06,유입,성균관대입구->원남동사거리,17514.0,37.5831,127.0009,16시,1199.0
0,20170529.0,월,창경궁로(서울여자대학교),A-06,유입,성균관대입구->원남동사거리,17514.0,37.5831,127.0009,17시,1163.0
0,20170529.0,월,창경궁로(서울여자대학교),A-06,유입,성균관대입구->원남동사거리,17514.0,37.5831,127.0009,18시,1074.0
0,20170529.0,월,창경궁로(서울여자대학교),A-06,유입,성균관대입구->원남동사거리,17514.0,37.5831,127.0009,19시,904.0
0,20170529.0,월,창경궁로(서울여자대학교),A-06,유입,성균관대입구->원남동사거리,17514.0,37.5831,127.0009,20시,963.0
0,20170530.0,화,창경궁로(서울여자대학교),A-06,유입,성균관대입구->원남동사거리,17261.0,37.5831,127.0009,8시,2276.0
0,20170530.0,화,창경궁로(서울여자대학교),A-06,유입,성균관대입구->원남동사거리,17261.0,37.5831,127.0009,9시,1949.0
0,20170530.0,화,창경궁로(서울여자대학교),A-06,유입,성균관대입구->원남동사거리,17261.0,37.5831,127.0009,10시,1124.0
0,20170530.0,화,창경궁로(서울여자대학교),A-06,유입,성균관대입구->원남동사거리,17261.0,37.5831,127.0009,11시,1264.0
0,20170530.0,화,창경궁로(서울여자대학교),A-06,유입,성균관대입구->원남동사거리,17261.0,37.5831,127.0009,12시,1317.0
0,20170530.0,화,창경궁로(서울여자대학교),A-06,유입,성균관대입구->원남동사거리,17261.0,37.5831,127.0009,13시,1286.0
0,20170530.0,화,창경궁로(서울여자대학교),A-06,유입,성균관대입구->원남동사거리,17261.0,37.5831,127.0009,14시,1322.0
0,20170530.0,화,창경궁로(서울여자대학교),A-06,유입,성균관대입구->원남동사거리,17261.0,37.5831,127.0009,15시,1172.0
0,20170530.0,화,창경궁로(서울여자대학교),A-06,유입,성균관대입구->원남동사거리,17261.0,37.5831,127.0009,16시,1281.0
0,20170530.0,화,창경궁로(서울여자대학교),A-06,유입,성균관대입구->원남동사거리,17261.0,37.5831,127.0009,17시,1270.0
0,20170530.0,화,창경궁로(서울여자대학교),A-06,유입,성균관대입구->원남동사거리,17261.0,37.5831,127.0009,18시,1110.0
0,20170530.0,화,창경궁로(서울여자대학교),A-06,유입,성균관대입구->원남동사거리,17261.0,37.5831,127.0009,19시,964.0
0,20170530.0,화,창경궁로(서울여자대학교),A-06,유입,성균관대입구->원남동사거리,17261.0,37.5831,127.0009,20시,926.0
0,20170531.0,수,창경궁로(서울여자대학교),A-06,유입,성균관대입구->원남동사거리,17745.0,37.5831,127.0009,8시,2312.0
0,20170531.0,수,창경궁로(서울여자대학교),A-06,유입,성균관대입구->원남동사거리,17745.0,37.5831,127.0009,9시,1876.0
0,20170531.0,수,창경궁로(서울여자대학교),A-06,유입,성균관대입구->원남동사거리,17745.0,37.5831,127.0009,10시,1516.0
0,20170531.0,수,창경궁로(서울여자대학교),A-06,유입,성균관대입구->원남동사거리,17745.0,37.5831,127.0009,11시,1415.0
0,20170531.0,수,창경궁로(서울여자대학교),A-06,유입,성균관대입구->원남동사거리,17745.0,37.5831,127.0009,12시,1401.0
0,20170531.0,수,창경궁로(서울여자대학교),A-06,유입,성균관대입구->원남동사거리,17745.0,37.5831,127.0009,13시,1305.0
0,20170531.0,수,창경궁로(서울여자대학교),A-06,유입,성균관대입구->원남동사거리,17745.0,37.5831,127.0009,14시,1201.0
0,20170531.0,수,창경궁로(서울여자대학교),A-06,유입,성균관대입구->원남동사거리,17745.0,37.5831,127.0009,15시,1241.0
0,20170531.0,수,창경궁로(서울여자대학교),A-06,유입,성균관대입구->원남동사거리,17745.0,37.5831,127.0009,16시,1191.0
0,20170531.0,수,창경궁로(서울여자대학교),A-06,유입,성균관대입구->원남동사거리,17745.0,37.5831,127.0009,17시,1235.0
0,20170531.0,수,창경궁로(서울여자대학교),A-06,유입,성균관대입구->원남동사거리,17745.0,37.5831,127.0009,18시,1084.0
0,20170531.0,수,창경궁로(서울여자대학교),A-06,유입,성균관대입구->원남동사거리,17745.0,37.5831,127.0009,19시,981.0
0,20170531.0,수,창경궁로(서울여자대학교),A-06,유입,성균관대입구->원남동사거리,17745.0,37.5831,127.0009,20시,987.0
0,20170501.0,월,창경궁로(서울여자대학교),A-06,유출,원남동사거리->성균관대입구,12674.0,37.5831,127.0009,8시,603.0
0,20170501.0,월,창경궁로(서울여자대학교),A-06,유출,원남동사거리->성균관대입구,12674.0,37.5831,127.0009,9시,679.0
0,20170501.0,월,창경궁로(서울여자대학교),A-06,유출,원남동사거리->성균관대입구,12674.0,37.5831,127.0009,10시,859.0
0,20170501.0,월,창경궁로(서울여자대학교),A-06,유출,원남동사거리->성균관대입구,12674.0,37.5831,127.0009,11시,996.0
0,20170501.0,월,창경궁로(서울여자대학교),A-06,유출,원남동사거리->성균관대입구,12674.0,37.5831,127.0009,12시,1060.0
0,20170501.0,월,창경궁로(서울여자대학교),A-06,유출,원남동사거리->성균관대입구,12674.0,37.5831,127.0009,13시,1023.0
0,20170501.0,월,창경궁로(서울여자대학교),A-06,유출,원남동사거리->성균관대입구,12674.0,37.5831,127.0009,14시,1230.0
0,20170501.0,월,창경궁로(서울여자대학교),A-06,유출,원남동사거리->성균관대입구,12674.0,37.5831,127.0009,15시,1312.0
0,20170501.0,월,창경궁로(서울여자대학교),A-06,유출,원남동사거리->성균관대입구,12674.0,37.5831,127.0009,16시,1180.0
0,20170501.0,월,창경궁로(서울여자대학교),A-06,유출,원남동사거리->성균관대입구,12674.0,37.5831,127.0009,17시,1056.0
0,20170501.0,월,창경궁로(서울여자대학교),A-06,유출,원남동사거리->성균관대입구,12674.0,37.5831,127.0009,18시,1062.0
0,20170501.0,월,창경궁로(서울여자대학교),A-06,유출,원남동사거리->성균관대입구,12674.0,37.5831,127.0009,19시,803.0
0,20170501.0,월,창경궁로(서울여자대학교),A-06,유출,원남동사거리->성균관대입구,12674.0,37.5831,127.0009,20시,811.0
0,20170502.0,화,창경궁로(서울여자대학교),A-06,유출,원남동사거리->성균관대입구,11877.0,37.5831,127.0009,8시,669.0
0,20170502.0,화,창경궁로(서울여자대학교),A-06,유출,원남동사거리->성균관대입구,11877.0,37.5831,127.0009,9시,683.0
0,20170502.0,화,창경궁로(서울여자대학교),A-06,유출,원남동사거리->성균관대입구,11877.0,37.5831,127.0009,10시,762.0
0,20170502.0,화,창경궁로(서울여자대학교),A-06,유출,원남동사거리->성균관대입구,11877.0,37.5831,127.0009,11시,895.0
0,20170502.0,화,창경궁로(서울여자대학교),A-06,유출,원남동사거리->성균관대입구,11877.0,37.5831,127.0009,12시,793.0
0,20170502.0,화,창경궁로(서울여자대학교),A-06,유출,원남동사거리->성균관대입구,11877.0,37.5831,127.0009,13시,884.0
0,20170502.0,화,창경궁로(서울여자대학교),A-06,유출,원남동사거리->성균관대입구,11877.0,37.5831,127.0009,14시,867.0
0,20170502.0,화,창경궁로(서울여자대학교),A-06,유출,원남동사거리->성균관대입구,11877.0,37.5831,127.0009,15시,1007.0
0,20170502.0,화,창경궁로(서울여자대학교),A-06,유출,원남동사거리->성균관대입구,11877.0,37.5831,127.0009,16시,1097.0
0,20170502.0,화,창경궁로(서울여자대학교),A-06,유출,원남동사거리->성균관대입구,11877.0,37.5831,127.0009,17시,996.0
0,20170502.0,화,창경궁로(서울여자대학교),A-06,유출,원남동사거리->성균관대입구,11877.0,37.5831,127.0009,18시,1084.0
0,20170502.0,화,창경궁로(서울여자대학교),A-06,유출,원남동사거리->성균관대입구,11877.0,37.5831,127.0009,19시,1103.0
0,20170502.0,화,창경궁로(서울여자대학교),A-06,유출,원남동사거리->성균관대입구,11877.0,37.5831,127.0009,20시,1037.0
0,20170503.0,수,창경궁로(서울여자대학교),A-06,유출,원남동사거리->성균관대입구,10261.0,37.5831,127.0009,8시,434.0
0,20170503.0,수,창경궁로(서울여자대학교),A-06,유출,원남동사거리->성균관대입구,10261.0,37.5831,127.0009,9시,564.0
0,20170503.0,수,창경궁로(서울여자대학교),A-06,유출,원남동사거리->성균관대입구,10261.0,37.5831,127.0009,10시,666.0
0,20170503.0,수,창경궁로(서울여자대학교),A-06,유출,원남동사거리->성균관대입구,10261.0,37.5831,127.0009,11시,652.0
0,20170503.0,수,창경궁로(서울여자대학교),A-06,유출,원남동사거리->성균관대입구,10261.0,37.5831,127.0009,12시,718.0
0,20170503.0,수,창경궁로(서울여자대학교),A-06,유출,원남동사거리->성균관대입구,10261.0,37.5831,127.0009,13시,812.0
0,20170503.0,수,창경궁로(서울여자대학교),A-06,유출,원남동사거리->성균관대입구,10261.0,37.5831,127.0009,14시,877.0
0,20170503.0,수,창경궁로(서울여자대학교),A-06,유출,원남동사거리->성균관대입구,10261.0,37.5831,127.0009,15시,908.0
0,20170503.0,수,창경궁로(서울여자대학교),A-06,유출,원남동사거리->성균관대입구,10261.0,37.5831,127.0009,16시,927.0
0,20170503.0,수,창경궁로(서울여자대학교),A-06,유출,원남동사거리->성균관대입구,10261.0,37.5831,127.0009,17시,993.0
0,20170503.0,수,창경궁로(서울여자대학교),A-06,유출,원남동사거리->성균관대입구,10261.0,37.5831,127.0009,18시,959.0
0,20170503.0,수,창경궁로(서울여자대학교),A-06,유출,원남동사거리->성균관대입구,10261.0,37.5831,127.0009,19시,874.0
0,20170503.0,수,창경궁로(서울여자대학교),A-06,유출,원남동사거리->성균관대입구,10261.0,37.5831,127.0009,20시,877.0
0,20170504.0,목,창경궁로(서울여자대학교),A-06,유출,원남동사거리->성균관대입구,11959.0,37.5831,127.0009,8시,683.0
0,20170504.0,목,창경궁로(서울여자대학교),A-06,유출,원남동사거리->성균관대입구,11959.0,37.5831,127.0009,9시,725.0
0,20170504.0,목,창경궁로(서울여자대학교),A-06,유출,원남동사거리->성균관대입구,11959.0,37.5831,127.0009,10시,817.0
0,20170504.0,목,창경궁로(서울여자대학교),A-06,유출,원남동사거리->성균관대입구,11959.0,37.5831,127.0009,11시,807.0
0,20170504.0,목,창경궁로(서울여자대학교),A-06,유출,원남동사거리->성균관대입구,11959.0,37.5831,127.0009,12시,813.0
0,20170504.0,목,창경궁로(서울여자대학교),A-06,유출,원남동사거리->성균관대입구,11959.0,37.5831,127.0009,13시,843.0
0,20170504.0,목,창경궁로(서울여자대학교),A-06,유출,원남동사거리->성균관대입구,11959.0,37.5831,127.0009,14시,880.0
0,20170504.0,목,창경궁로(서울여자대학교),A-06,유출,원남동사거리->성균관대입구,11959.0,37.5831,127.0009,15시,990.0
0,20170504.0,목,창경궁로(서울여자대학교),A-06,유출,원남동사거리->성균관대입구,11959.0,37.5831,127.0009,16시,1053.0
0,20170504.0,목,창경궁로(서울여자대학교),A-06,유출,원남동사거리->성균관대입구,11959.0,37.5831,127.0009,17시,1026.0
0,20170504.0,목,창경궁로(서울여자대학교),A-06,유출,원남동사거리->성균관대입구,11959.0,37.5831,127.0009,18시,1171.0
0,20170504.0,목,창경궁로(서울여자대학교),A-06,유출,원남동사거리->성균관대입구,11959.0,37.5831,127.0009,19시,1076.0
0,20170504.0,목,창경궁로(서울여자대학교),A-06,유출,원남동사거리->성균관대입구,11959.0,37.5831,127.0009,20시,1075.0
0,20170505.0,금,창경궁로(서울여자대학교),A-06,유출,원남동사거리->성균관대입구,9575.0,37.5831,127.0009,8시,395.0
0,20170505.0,금,창경궁로(서울여자대학교),A-06,유출,원남동사거리->성균관대입구,9575.0,37.5831,127.0009,9시,512.0
0,20170505.0,금,창경궁로(서울여자대학교),A-06,유출,원남동사거리->성균관대입구,9575.0,37.5831,127.0009,10시,532.0
0,20170505.0,금,창경궁로(서울여자대학교),A-06,유출,원남동사거리->성균관대입구,9575.0,37.5831,127.0009,11시,573.0
0,20170505.0,금,창경궁로(서울여자대학교),A-06,유출,원남동사거리->성균관대입구,9575.0,37.5831,127.0009,12시,643.0
0,20170505.0,금,창경궁로(서울여자대학교),A-06,유출,원남동사거리->성균관대입구,9575.0,37.5831,127.0009,13시,796.0
0,20170505.0,금,창경궁로(서울여자대학교),A-06,유출,원남동사거리->성균관대입구,9575.0,37.5831,127.0009,14시,733.0
0,20170505.0,금,창경궁로(서울여자대학교),A-06,유출,원남동사거리->성균관대입구,9575.0,37.5831,127.0009,15시,860.0
0,20170505.0,금,창경궁로(서울여자대학교),A-06,유출,원남동사거리->성균관대입구,9575.0,37.5831,127.0009,16시,926.0
0,20170505.0,금,창경궁로(서울여자대학교),A-06,유출,원남동사거리->성균관대입구,9575.0,37.5831,127.0009,17시,966.0
0,20170505.0,금,창경궁로(서울여자대학교),A-06,유출,원남동사거리->성균관대입구,9575.0,37.5831,127.0009,18시,899.0
0,20170505.0,금,창경궁로(서울여자대학교),A-06,유출,원남동사거리->성균관대입구,9575.0,37.5831,127.0009,19시,860.0
0,20170505.0,금,창경궁로(서울여자대학교),A-06,유출,원남동사거리->성균관대입구,9575.0,37.5831,127.0009,20시,880.0
0,20170506.0,토,창경궁로(서울여자대학교),A-06,유출,원남동사거리->성균관대입구,10247.0,37.5831,127.0009,8시,466.0
0,20170506.0,토,창경궁로(서울여자대학교),A-06,유출,원남동사거리->성균관대입구,10247.0,37.5831,127.0009,9시,536.0
0,20170506.0,토,창경궁로(서울여자대학교),A-06,유출,원남동사거리->성균관대입구,10247.0,37.5831,127.0009,10시,610.0
0,20170506.0,토,창경궁로(서울여자대학교),A-06,유출,원남동사거리->성균관대입구,10247.0,37.5831,127.0009,11시,753.0
0,20170506.0,토,창경궁로(서울여자대학교),A-06,유출,원남동사거리->성균관대입구,10247.0,37.5831,127.0009,12시,787.0
0,20170506.0,토,창경궁로(서울여자대학교),A-06,유출,원남동사거리->성균관대입구,10247.0,37.5831,127.0009,13시,851.0
0,20170506.0,토,창경궁로(서울여자대학교),A-06,유출,원남동사거리->성균관대입구,10247.0,37.5831,127.0009,14시,919.0
0,20170506.0,토,창경궁로(서울여자대학교),A-06,유출,원남동사거리->성균관대입구,10247.0,37.5831,127.0009,15시,839.0
0,20170506.0,토,창경궁로(서울여자대학교),A-06,유출,원남동사거리->성균관대입구,10247.0,37.5831,127.0009,16시,956.0
0,20170506.0,토,창경궁로(서울여자대학교),A-06,유출,원남동사거리->성균관대입구,10247.0,37.5831,127.0009,17시,894.0
0,20170506.0,토,창경궁로(서울여자대학교),A-06,유출,원남동사거리->성균관대입구,10247.0,37.5831,127.0009,18시,901.0
0,20170506.0,토,창경궁로(서울여자대학교),A-06,유출,원남동사거리->성균관대입구,10247.0,37.5831,127.0009,19시,918.0
0,20170506.0,토,창경궁로(서울여자대학교),A-06,유출,원남동사거리->성균관대입구,10247.0,37.5831,127.0009,20시,817.0
0,20170507.0,일,창경궁로(서울여자대학교),A-06,유출,원남동사거리->성균관대입구,10194.0,37.5831,127.0009,8시,404.0
0,20170507.0,일,창경궁로(서울여자대학교),A-06,유출,원남동사거리->성균관대입구,10194.0,37.5831,127.0009,9시,509.0
0,20170507.0,일,창경궁로(서울여자대학교),A-06,유출,원남동사거리->성균관대입구,10194.0,37.5831,127.0009,10시,595.0
0,20170507.0,일,창경궁로(서울여자대학교),A-06,유출,원남동사거리->성균관대입구,10194.0,37.5831,127.0009,11시,631.0
0,20170507.0,일,창경궁로(서울여자대학교),A-06,유출,원남동사거리->성균관대입구,10194.0,37.5831,127.0009,12시,826.0
0,20170507.0,일,창경궁로(서울여자대학교),A-06,유출,원남동사거리->성균관대입구,10194.0,37.5831,127.0009,13시,800.0
0,20170507.0,일,창경궁로(서울여자대학교),A-06,유출,원남동사거리->성균관대입구,10194.0,37.5831,127.0009,14시,918.0
0,20170507.0,일,창경궁로(서울여자대학교),A-06,유출,원남동사거리->성균관대입구,10194.0,37.5831,127.0009,15시,876.0
0,20170507.0,일,창경궁로(서울여자대학교),A-06,유출,원남동사거리->성균관대입구,10194.0,37.5831,127.0009,16시,933.0
0,20170507.0,일,창경궁로(서울여자대학교),A-06,유출,원남동사거리->성균관대입구,10194.0,37.5831,127.0009,17시,966.0
0,20170507.0,일,창경궁로(서울여자대학교),A-06,유출,원남동사거리->성균관대입구,10194.0,37.5831,127.0009,18시,945.0
0,20170507.0,일,창경궁로(서울여자대학교),A-06,유출,원남동사거리->성균관대입구,10194.0,37.5831,127.0009,19시,948.0
0,20170507.0,일,창경궁로(서울여자대학교),A-06,유출,원남동사거리->성균관대입구,10194.0,37.5831,127.0009,20시,843.0
0,20170508.0,월,창경궁로(서울여자대학교),A-06,유출,원남동사거리->성균관대입구,11573.0,37.5831,127.0009,8시,643.0
0,20170508.0,월,창경궁로(서울여자대학교),A-06,유출,원남동사거리->성균관대입구,11573.0,37.5831,127.0009,9시,595.0
0,20170508.0,월,창경궁로(서울여자대학교),A-06,유출,원남동사거리->성균관대입구,11573.0,37.5831,127.0009,10시,674.0
0,20170508.0,월,창경궁로(서울여자대학교),A-06,유출,원남동사거리->성균관대입구,11573.0,37.5831,127.0009,11시,793.0
0,20170508.0,월,창경궁로(서울여자대학교),A-06,유출,원남동사거리->성균관대입구,11573.0,37.5831,127.0009,12시,861.0
0,20170508.0,월,창경궁로(서울여자대학교),A-06,유출,원남동사거리->성균관대입구,11573.0,37.5831,127.0009,13시,883.0
0,20170508.0,월,창경궁로(서울여자대학교),A-06,유출,원남동사거리->성균관대입구,11573.0,37.5831,127.0009,14시,938.0
0,20170508.0,월,창경궁로(서울여자대학교),A-06,유출,원남동사거리->성균관대입구,11573.0,37.5831,127.0009,15시,993.0
0,20170508.0,월,창경궁로(서울여자대학교),A-06,유출,원남동사거리->성균관대입구,11573.0,37.5831,127.0009,16시,1045.0
0,20170508.0,월,창경궁로(서울여자대학교),A-06,유출,원남동사거리->성균관대입구,11573.0,37.5831,127.0009,17시,1038.0
0,20170508.0,월,창경궁로(서울여자대학교),A-06,유출,원남동사거리->성균관대입구,11573.0,37.5831,127.0009,18시,992.0
0,20170508.0,월,창경궁로(서울여자대학교),A-06,유출,원남동사거리->성균관대입구,11573.0,37.5831,127.0009,19시,1070.0
0,20170508.0,월,창경궁로(서울여자대학교),A-06,유출,원남동사거리->성균관대입구,11573.0,37.5831,127.0009,20시,1048.0
0,20170509.0,화,창경궁로(서울여자대학교),A-06,유출,원남동사거리->성균관대입구,9888.0,37.5831,127.0009,8시,467.0
0,20170509.0,화,창경궁로(서울여자대학교),A-06,유출,원남동사거리->성균관대입구,9888.0,37.5831,127.0009,9시,511.0
0,20170509.0,화,창경궁로(서울여자대학교),A-06,유출,원남동사거리->성균관대입구,9888.0,37.5831,127.0009,10시,601.0
0,20170509.0,화,창경궁로(서울여자대학교),A-06,유출,원남동사거리->성균관대입구,9888.0,37.5831,127.0009,11시,633.0
0,20170509.0,화,창경궁로(서울여자대학교),A-06,유출,원남동사거리->성균관대입구,9888.0,37.5831,127.0009,12시,762.0
0,20170509.0,화,창경궁로(서울여자대학교),A-06,유출,원남동사거리->성균관대입구,9888.0,37.5831,127.0009,13시,789.0
0,20170509.0,화,창경궁로(서울여자대학교),A-06,유출,원남동사거리->성균관대입구,9888.0,37.5831,127.0009,14시,868.0
0,20170509.0,화,창경궁로(서울여자대학교),A-06,유출,원남동사거리->성균관대입구,9888.0,37.5831,127.0009,15시,903.0
0,20170509.0,화,창경궁로(서울여자대학교),A-06,유출,원남동사거리->성균관대입구,9888.0,37.5831,127.0009,16시,986.0
0,20170509.0,화,창경궁로(서울여자대학교),A-06,유출,원남동사거리->성균관대입구,9888.0,37.5831,127.0009,17시,955.0
0,20170509.0,화,창경궁로(서울여자대학교),A-06,유출,원남동사거리->성균관대입구,9888.0,37.5831,127.0009,18시,907.0
0,20170509.0,화,창경궁로(서울여자대학교),A-06,유출,원남동사거리->성균관대입구,9888.0,37.5831,127.0009,19시,748.0
0,20170509.0,화,창경궁로(서울여자대학교),A-06,유출,원남동사거리->성균관대입구,9888.0,37.5831,127.0009,20시,758.0
0,20170510.0,수,창경궁로(서울여자대학교),A-06,유출,원남동사거리->성균관대입구,11508.0,37.5831,127.0009,8시,637.0
0,20170510.0,수,창경궁로(서울여자대학교),A-06,유출,원남동사거리->성균관대입구,11508.0,37.5831,127.0009,9시,647.0
0,20170510.0,수,창경궁로(서울여자대학교),A-06,유출,원남동사거리->성균관대입구,11508.0,37.5831,127.0009,10시,717.0
0,20170510.0,수,창경궁로(서울여자대학교),A-06,유출,원남동사거리->성균관대입구,11508.0,37.5831,127.0009,11시,792.0
0,20170510.0,수,창경궁로(서울여자대학교),A-06,유출,원남동사거리->성균관대입구,11508.0,37.5831,127.0009,12시,892.0
0,20170510.0,수,창경궁로(서울여자대학교),A-06,유출,원남동사거리->성균관대입구,11508.0,37.5831,127.0009,13시,769.0
0,20170510.0,수,창경궁로(서울여자대학교),A-06,유출,원남동사거리->성균관대입구,11508.0,37.5831,127.0009,14시,895.0
0,20170510.0,수,창경궁로(서울여자대학교),A-06,유출,원남동사거리->성균관대입구,11508.0,37.5831,127.0009,15시,883.0
0,20170510.0,수,창경궁로(서울여자대학교),A-06,유출,원남동사거리->성균관대입구,11508.0,37.5831,127.0009,16시,983.0
0,20170510.0,수,창경궁로(서울여자대학교),A-06,유출,원남동사거리->성균관대입구,11508.0,37.5831,127.0009,17시,1023.0
0,20170510.0,수,창경궁로(서울여자대학교),A-06,유출,원남동사거리->성균관대입구,11508.0,37.5831,127.0009,18시,1148.0
0,20170510.0,수,창경궁로(서울여자대학교),A-06,유출,원남동사거리->성균관대입구,11508.0,37.5831,127.0009,19시,1132.0
0,20170510.0,수,창경궁로(서울여자대학교),A-06,유출,원남동사거리->성균관대입구,11508.0,37.5831,127.0009,20시,990.0
0,20170511.0,목,창경궁로(서울여자대학교),A-06,유출,원남동사거리->성균관대입구,12056.0,37.5831,127.0009,8시,619.0
0,20170511.0,목,창경궁로(서울여자대학교),A-06,유출,원남동사거리->성균관대입구,12056.0,37.5831,127.0009,9시,722.0
0,20170511.0,목,창경궁로(서울여자대학교),A-06,유출,원남동사거리->성균관대입구,12056.0,37.5831,127.0009,10시,691.0
0,20170511.0,목,창경궁로(서울여자대학교),A-06,유출,원남동사거리->성균관대입구,12056.0,37.5831,127.0009,11시,873.0
0,20170511.0,목,창경궁로(서울여자대학교),A-06,유출,원남동사거리->성균관대입구,12056.0,37.5831,127.0009,12시,848.0
0,20170511.0,목,창경궁로(서울여자대학교),A-06,유출,원남동사거리->성균관대입구,12056.0,37.5831,127.0009,13시,828.0
0,20170511.0,목,창경궁로(서울여자대학교),A-06,유출,원남동사거리->성균관대입구,12056.0,37.5831,127.0009,14시,918.0
0,20170511.0,목,창경궁로(서울여자대학교),A-06,유출,원남동사거리->성균관대입구,12056.0,37.5831,127.0009,15시,1019.0
0,20170511.0,목,창경궁로(서울여자대학교),A-06,유출,원남동사거리->성균관대입구,12056.0,37.5831,127.0009,16시,1100.0
0,20170511.0,목,창경궁로(서울여자대학교),A-06,유출,원남동사거리->성균관대입구,12056.0,37.5831,127.0009,17시,1058.0
0,20170511.0,목,창경궁로(서울여자대학교),A-06,유출,원남동사거리->성균관대입구,12056.0,37.5831,127.0009,18시,1197.0
0,20170511.0,목,창경궁로(서울여자대학교),A-06,유출,원남동사거리->성균관대입구,12056.0,37.5831,127.0009,19시,1123.0
0,20170511.0,목,창경궁로(서울여자대학교),A-06,유출,원남동사거리->성균관대입구,12056.0,37.5831,127.0009,20시,1060.0
0,20170512.0,금,창경궁로(서울여자대학교),A-06,유출,원남동사거리->성균관대입구,12010.0,37.5831,127.0009,8시,687.0
0,20170512.0,금,창경궁로(서울여자대학교),A-06,유출,원남동사거리->성균관대입구,12010.0,37.5831,127.0009,9시,693.0
0,20170512.0,금,창경궁로(서울여자대학교),A-06,유출,원남동사거리->성균관대입구,12010.0,37.5831,127.0009,10시,754.0
0,20170512.0,금,창경궁로(서울여자대학교),A-06,유출,원남동사거리->성균관대입구,12010.0,37.5831,127.0009,11시,838.0
0,20170512.0,금,창경궁로(서울여자대학교),A-06,유출,원남동사거리->성균관대입구,12010.0,37.5831,127.0009,12시,858.0
0,20170512.0,금,창경궁로(서울여자대학교),A-06,유출,원남동사거리->성균관대입구,12010.0,37.5831,127.0009,13시,833.0
0,20170512.0,금,창경궁로(서울여자대학교),A-06,유출,원남동사거리->성균관대입구,12010.0,37.5831,127.0009,14시,966.0
0,20170512.0,금,창경궁로(서울여자대학교),A-06,유출,원남동사거리->성균관대입구,12010.0,37.5831,127.0009,15시,961.0
0,20170512.0,금,창경궁로(서울여자대학교),A-06,유출,원남동사거리->성균관대입구,12010.0,37.5831,127.0009,16시,1005.0
0,20170512.0,금,창경궁로(서울여자대학교),A-06,유출,원남동사거리->성균관대입구,12010.0,37.5831,127.0009,17시,1080.0
0,20170512.0,금,창경궁로(서울여자대학교),A-06,유출,원남동사거리->성균관대입구,12010.0,37.5831,127.0009,18시,1171.0
0,20170512.0,금,창경궁로(서울여자대학교),A-06,유출,원남동사거리->성균관대입구,12010.0,37.5831,127.0009,19시,1092.0
0,20170512.0,금,창경궁로(서울여자대학교),A-06,유출,원남동사거리->성균관대입구,12010.0,37.5831,127.0009,20시,1072.0
0,20170513.0,토,창경궁로(서울여자대학교),A-06,유출,원남동사거리->성균관대입구,11710.0,37.5831,127.0009,8시,618.0
0,20170513.0,토,창경궁로(서울여자대학교),A-06,유출,원남동사거리->성균관대입구,11710.0,37.5831,127.0009,9시,746.0
0,20170513.0,토,창경궁로(서울여자대학교),A-06,유출,원남동사거리->성균관대입구,11710.0,37.5831,127.0009,10시,783.0
0,20170513.0,토,창경궁로(서울여자대학교),A-06,유출,원남동사거리->성균관대입구,11710.0,37.5831,127.0009,11시,825.0
0,20170513.0,토,창경궁로(서울여자대학교),A-06,유출,원남동사거리->성균관대입구,11710.0,37.5831,127.0009,12시,890.0
0,20170513.0,토,창경궁로(서울여자대학교),A-06,유출,원남동사거리->성균관대입구,11710.0,37.5831,127.0009,13시,933.0
0,20170513.0,토,창경궁로(서울여자대학교),A-06,유출,원남동사거리->성균관대입구,11710.0,37.5831,127.0009,14시,950.0
0,20170513.0,토,창경궁로(서울여자대학교),A-06,유출,원남동사거리->성균관대입구,11710.0,37.5831,127.0009,15시,928.0
0,20170513.0,토,창경궁로(서울여자대학교),A-06,유출,원남동사거리->성균관대입구,11710.0,37.5831,127.0009,16시,1018.0
0,20170513.0,토,창경궁로(서울여자대학교),A-06,유출,원남동사거리->성균관대입구,11710.0,37.5831,127.0009,17시,1038.0
0,20170513.0,토,창경궁로(서울여자대학교),A-06,유출,원남동사거리->성균관대입구,11710.0,37.5831,127.0009,18시,1109.0
0,20170513.0,토,창경궁로(서울여자대학교),A-06,유출,원남동사거리->성균관대입구,11710.0,37.5831,127.0009,19시,950.0
0,20170513.0,토,창경궁로(서울여자대학교),A-06,유출,원남동사거리->성균관대입구,11710.0,37.5831,127.0009,20시,922.0
0,20170514.0,일,창경궁로(서울여자대학교),A-06,유출,원남동사거리->성균관대입구,10677.0,37.5831,127.0009,8시,427.0
0,20170514.0,일,창경궁로(서울여자대학교),A-06,유출,원남동사거리->성균관대입구,10677.0,37.5831,127.0009,9시,599.0
0,20170514.0,일,창경궁로(서울여자대학교),A-06,유출,원남동사거리->성균관대입구,10677.0,37.5831,127.0009,10시,597.0
0,20170514.0,일,창경궁로(서울여자대학교),A-06,유출,원남동사거리->성균관대입구,10677.0,37.5831,127.0009,11시,611.0
0,20170514.0,일,창경궁로(서울여자대학교),A-06,유출,원남동사거리->성균관대입구,10677.0,37.5831,127.0009,12시,774.0
0,20170514.0,일,창경궁로(서울여자대학교),A-06,유출,원남동사거리->성균관대입구,10677.0,37.5831,127.0009,13시,819.0
0,20170514.0,일,창경궁로(서울여자대학교),A-06,유출,원남동사거리->성균관대입구,10677.0,37.5831,127.0009,14시,960.0
0,20170514.0,일,창경궁로(서울여자대학교),A-06,유출,원남동사거리->성균관대입구,10677.0,37.5831,127.0009,15시,998.0
0,20170514.0,일,창경궁로(서울여자대학교),A-06,유출,원남동사거리->성균관대입구,10677.0,37.5831,127.0009,16시,967.0
0,20170514.0,일,창경궁로(서울여자대학교),A-06,유출,원남동사거리->성균관대입구,10677.0,37.5831,127.0009,17시,1091.0
0,20170514.0,일,창경궁로(서울여자대학교),A-06,유출,원남동사거리->성균관대입구,10677.0,37.5831,127.0009,18시,1052.0
0,20170514.0,일,창경궁로(서울여자대학교),A-06,유출,원남동사거리->성균관대입구,10677.0,37.5831,127.0009,19시,884.0
0,20170514.0,일,창경궁로(서울여자대학교),A-06,유출,원남동사거리->성균관대입구,10677.0,37.5831,127.0009,20시,898.0
0,20170515.0,월,창경궁로(서울여자대학교),A-06,유출,원남동사거리->성균관대입구,11694.0,37.5831,127.0009,8시,655.0
0,20170515.0,월,창경궁로(서울여자대학교),A-06,유출,원남동사거리->성균관대입구,11694.0,37.5831,127.0009,9시,625.0
0,20170515.0,월,창경궁로(서울여자대학교),A-06,유출,원남동사거리->성균관대입구,11694.0,37.5831,127.0009,10시,788.0
0,20170515.0,월,창경궁로(서울여자대학교),A-06,유출,원남동사거리->성균관대입구,11694.0,37.5831,127.0009,11시,857.0
0,20170515.0,월,창경궁로(서울여자대학교),A-06,유출,원남동사거리->성균관대입구,11694.0,37.5831,127.0009,12시,839.0
0,20170515.0,월,창경궁로(서울여자대학교),A-06,유출,원남동사거리->성균관대입구,11694.0,37.5831,127.0009,13시,846.0
0,20170515.0,월,창경궁로(서울여자대학교),A-06,유출,원남동사거리->성균관대입구,11694.0,37.5831,127.0009,14시,887.0
0,20170515.0,월,창경궁로(서울여자대학교),A-06,유출,원남동사거리->성균관대입구,11694.0,37.5831,127.0009,15시,926.0
0,20170515.0,월,창경궁로(서울여자대학교),A-06,유출,원남동사거리->성균관대입구,11694.0,37.5831,127.0009,16시,998.0
0,20170515.0,월,창경궁로(서울여자대학교),A-06,유출,원남동사거리->성균관대입구,11694.0,37.5831,127.0009,17시,1083.0
0,20170515.0,월,창경궁로(서울여자대학교),A-06,유출,원남동사거리->성균관대입구,11694.0,37.5831,127.0009,18시,1078.0
0,20170515.0,월,창경궁로(서울여자대학교),A-06,유출,원남동사거리->성균관대입구,11694.0,37.5831,127.0009,19시,1156.0
0,20170515.0,월,창경궁로(서울여자대학교),A-06,유출,원남동사거리->성균관대입구,11694.0,37.5831,127.0009,20시,956.0
0,20170516.0,화,창경궁로(서울여자대학교),A-06,유출,원남동사거리->성균관대입구,11686.0,37.5831,127.0009,8시,684.0
0,20170516.0,화,창경궁로(서울여자대학교),A-06,유출,원남동사거리->성균관대입구,11686.0,37.5831,127.0009,9시,684.0
0,20170516.0,화,창경궁로(서울여자대학교),A-06,유출,원남동사거리->성균관대입구,11686.0,37.5831,127.0009,10시,643.0
0,20170516.0,화,창경궁로(서울여자대학교),A-06,유출,원남동사거리->성균관대입구,11686.0,37.5831,127.0009,11시,793.0
0,20170516.0,화,창경궁로(서울여자대학교),A-06,유출,원남동사거리->성균관대입구,11686.0,37.5831,127.0009,12시,823.0
0,20170516.0,화,창경궁로(서울여자대학교),A-06,유출,원남동사거리->성균관대입구,11686.0,37.5831,127.0009,13시,819.0
0,20170516.0,화,창경궁로(서울여자대학교),A-06,유출,원남동사거리->성균관대입구,11686.0,37.5831,127.0009,14시,867.0
0,20170516.0,화,창경궁로(서울여자대학교),A-06,유출,원남동사거리->성균관대입구,11686.0,37.5831,127.0009,15시,954.0
0,20170516.0,화,창경궁로(서울여자대학교),A-06,유출,원남동사거리->성균관대입구,11686.0,37.5831,127.0009,16시,1022.0
0,20170516.0,화,창경궁로(서울여자대학교),A-06,유출,원남동사거리->성균관대입구,11686.0,37.5831,127.0009,17시,1099.0
0,20170516.0,화,창경궁로(서울여자대학교),A-06,유출,원남동사거리->성균관대입구,11686.0,37.5831,127.0009,18시,1192.0
0,20170516.0,화,창경궁로(서울여자대학교),A-06,유출,원남동사거리->성균관대입구,11686.0,37.5831,127.0009,19시,1081.0
0,20170516.0,화,창경궁로(서울여자대학교),A-06,유출,원남동사거리->성균관대입구,11686.0,37.5831,127.0009,20시,1025.0
0,20170517.0,수,창경궁로(서울여자대학교),A-06,유출,원남동사거리->성균관대입구,11906.0,37.5831,127.0009,8시,651.0
0,20170517.0,수,창경궁로(서울여자대학교),A-06,유출,원남동사거리->성균관대입구,11906.0,37.5831,127.0009,9시,666.0
0,20170517.0,수,창경궁로(서울여자대학교),A-06,유출,원남동사거리->성균관대입구,11906.0,37.5831,127.0009,10시,717.0
0,20170517.0,수,창경궁로(서울여자대학교),A-06,유출,원남동사거리->성균관대입구,11906.0,37.5831,127.0009,11시,920.0
0,20170517.0,수,창경궁로(서울여자대학교),A-06,유출,원남동사거리->성균관대입구,11906.0,37.5831,127.0009,12시,862.0
0,20170517.0,수,창경궁로(서울여자대학교),A-06,유출,원남동사거리->성균관대입구,11906.0,37.5831,127.0009,13시,827.0
0,20170517.0,수,창경궁로(서울여자대학교),A-06,유출,원남동사거리->성균관대입구,11906.0,37.5831,127.0009,14시,913.0
0,20170517.0,수,창경궁로(서울여자대학교),A-06,유출,원남동사거리->성균관대입구,11906.0,37.5831,127.0009,15시,972.0
0,20170517.0,수,창경궁로(서울여자대학교),A-06,유출,원남동사거리->성균관대입구,11906.0,37.5831,127.0009,16시,1020.0
0,20170517.0,수,창경궁로(서울여자대학교),A-06,유출,원남동사거리->성균관대입구,11906.0,37.5831,127.0009,17시,1067.0
0,20170517.0,수,창경궁로(서울여자대학교),A-06,유출,원남동사거리->성균관대입구,11906.0,37.5831,127.0009,18시,1110.0
0,20170517.0,수,창경궁로(서울여자대학교),A-06,유출,원남동사거리->성균관대입구,11906.0,37.5831,127.0009,19시,1105.0
0,20170517.0,수,창경궁로(서울여자대학교),A-06,유출,원남동사거리->성균관대입구,11906.0,37.5831,127.0009,20시,1076.0
0,20170518.0,목,창경궁로(서울여자대학교),A-06,유출,원남동사거리->성균관대입구,11917.0,37.5831,127.0009,8시,693.0
0,20170518.0,목,창경궁로(서울여자대학교),A-06,유출,원남동사거리->성균관대입구,11917.0,37.5831,127.0009,9시,702.0
0,20170518.0,목,창경궁로(서울여자대학교),A-06,유출,원남동사거리->성균관대입구,11917.0,37.5831,127.0009,10시,746.0
0,20170518.0,목,창경궁로(서울여자대학교),A-06,유출,원남동사거리->성균관대입구,11917.0,37.5831,127.0009,11시,872.0
0,20170518.0,목,창경궁로(서울여자대학교),A-06,유출,원남동사거리->성균관대입구,11917.0,37.5831,127.0009,12시,860.0
0,20170518.0,목,창경궁로(서울여자대학교),A-06,유출,원남동사거리->성균관대입구,11917.0,37.5831,127.0009,13시,812.0
0,20170518.0,목,창경궁로(서울여자대학교),A-06,유출,원남동사거리->성균관대입구,11917.0,37.5831,127.0009,14시,869.0
0,20170518.0,목,창경궁로(서울여자대학교),A-06,유출,원남동사거리->성균관대입구,11917.0,37.5831,127.0009,15시,954.0
0,20170518.0,목,창경궁로(서울여자대학교),A-06,유출,원남동사거리->성균관대입구,11917.0,37.5831,127.0009,16시,1064.0
0,20170518.0,목,창경궁로(서울여자대학교),A-06,유출,원남동사거리->성균관대입구,11917.0,37.5831,127.0009,17시,1018.0
0,20170518.0,목,창경궁로(서울여자대학교),A-06,유출,원남동사거리->성균관대입구,11917.0,37.5831,127.0009,18시,1167.0
0,20170518.0,목,창경궁로(서울여자대학교),A-06,유출,원남동사거리->성균관대입구,11917.0,37.5831,127.0009,19시,1155.0
0,20170518.0,목,창경궁로(서울여자대학교),A-06,유출,원남동사거리->성균관대입구,11917.0,37.5831,127.0009,20시,1005.0
0,20170519.0,금,창경궁로(서울여자대학교),A-06,유출,원남동사거리->성균관대입구,12029.0,37.5831,127.0009,8시,673.0
0,20170519.0,금,창경궁로(서울여자대학교),A-06,유출,원남동사거리->성균관대입구,12029.0,37.5831,127.0009,9시,683.0
0,20170519.0,금,창경궁로(서울여자대학교),A-06,유출,원남동사거리->성균관대입구,12029.0,37.5831,127.0009,10시,808.0
0,20170519.0,금,창경궁로(서울여자대학교),A-06,유출,원남동사거리->성균관대입구,12029.0,37.5831,127.0009,11시,847.0
0,20170519.0,금,창경궁로(서울여자대학교),A-06,유출,원남동사거리->성균관대입구,12029.0,37.5831,127.0009,12시,878.0
0,20170519.0,금,창경궁로(서울여자대학교),A-06,유출,원남동사거리->성균관대입구,12029.0,37.5831,127.0009,13시,861.0
0,20170519.0,금,창경궁로(서울여자대학교),A-06,유출,원남동사거리->성균관대입구,12029.0,37.5831,127.0009,14시,845.0
0,20170519.0,금,창경궁로(서울여자대학교),A-06,유출,원남동사거리->성균관대입구,12029.0,37.5831,127.0009,15시,1000.0
0,20170519.0,금,창경궁로(서울여자대학교),A-06,유출,원남동사거리->성균관대입구,12029.0,37.5831,127.0009,16시,1049.0
0,20170519.0,금,창경궁로(서울여자대학교),A-06,유출,원남동사거리->성균관대입구,12029.0,37.5831,127.0009,17시,1058.0
0,20170519.0,금,창경궁로(서울여자대학교),A-06,유출,원남동사거리->성균관대입구,12029.0,37.5831,127.0009,18시,1120.0
0,20170519.0,금,창경궁로(서울여자대학교),A-06,유출,원남동사거리->성균관대입구,12029.0,37.5831,127.0009,19시,1101.0
0,20170519.0,금,창경궁로(서울여자대학교),A-06,유출,원남동사거리->성균관대입구,12029.0,37.5831,127.0009,20시,1106.0
0,20170520.0,토,창경궁로(서울여자대학교),A-06,유출,원남동사거리->성균관대입구,11445.0,37.5831,127.0009,8시,635.0
0,20170520.0,토,창경궁로(서울여자대학교),A-06,유출,원남동사거리->성균관대입구,11445.0,37.5831,127.0009,9시,762.0
0,20170520.0,토,창경궁로(서울여자대학교),A-06,유출,원남동사거리->성균관대입구,11445.0,37.5831,127.0009,10시,794.0
0,20170520.0,토,창경궁로(서울여자대학교),A-06,유출,원남동사거리->성균관대입구,11445.0,37.5831,127.0009,11시,771.0
0,20170520.0,토,창경궁로(서울여자대학교),A-06,유출,원남동사거리->성균관대입구,11445.0,37.5831,127.0009,12시,819.0
0,20170520.0,토,창경궁로(서울여자대학교),A-06,유출,원남동사거리->성균관대입구,11445.0,37.5831,127.0009,13시,873.0
0,20170520.0,토,창경궁로(서울여자대학교),A-06,유출,원남동사거리->성균관대입구,11445.0,37.5831,127.0009,14시,882.0
0,20170520.0,토,창경궁로(서울여자대학교),A-06,유출,원남동사거리->성균관대입구,11445.0,37.5831,127.0009,15시,935.0
0,20170520.0,토,창경궁로(서울여자대학교),A-06,유출,원남동사거리->성균관대입구,11445.0,37.5831,127.0009,16시,924.0
0,20170520.0,토,창경궁로(서울여자대학교),A-06,유출,원남동사거리->성균관대입구,11445.0,37.5831,127.0009,17시,1044.0
0,20170520.0,토,창경궁로(서울여자대학교),A-06,유출,원남동사거리->성균관대입구,11445.0,37.5831,127.0009,18시,1034.0
0,20170520.0,토,창경궁로(서울여자대학교),A-06,유출,원남동사거리->성균관대입구,11445.0,37.5831,127.0009,19시,996.0
0,20170520.0,토,창경궁로(서울여자대학교),A-06,유출,원남동사거리->성균관대입구,11445.0,37.5831,127.0009,20시,976.0
0,20170521.0,일,창경궁로(서울여자대학교),A-06,유출,원남동사거리->성균관대입구,10510.0,37.5831,127.0009,8시,455.0
0,20170521.0,일,창경궁로(서울여자대학교),A-06,유출,원남동사거리->성균관대입구,10510.0,37.5831,127.0009,9시,547.0
0,20170521.0,일,창경궁로(서울여자대학교),A-06,유출,원남동사거리->성균관대입구,10510.0,37.5831,127.0009,10시,645.0
0,20170521.0,일,창경궁로(서울여자대학교),A-06,유출,원남동사거리->성균관대입구,10510.0,37.5831,127.0009,11시,668.0
0,20170521.0,일,창경궁로(서울여자대학교),A-06,유출,원남동사거리->성균관대입구,10510.0,37.5831,127.0009,12시,713.0
0,20170521.0,일,창경궁로(서울여자대학교),A-06,유출,원남동사거리->성균관대입구,10510.0,37.5831,127.0009,13시,826.0
0,20170521.0,일,창경궁로(서울여자대학교),A-06,유출,원남동사거리->성균관대입구,10510.0,37.5831,127.0009,14시,932.0
0,20170521.0,일,창경궁로(서울여자대학교),A-06,유출,원남동사거리->성균관대입구,10510.0,37.5831,127.0009,15시,937.0
0,20170521.0,일,창경궁로(서울여자대학교),A-06,유출,원남동사거리->성균관대입구,10510.0,37.5831,127.0009,16시,1073.0
0,20170521.0,일,창경궁로(서울여자대학교),A-06,유출,원남동사거리->성균관대입구,10510.0,37.5831,127.0009,17시,982.0
0,20170521.0,일,창경궁로(서울여자대학교),A-06,유출,원남동사거리->성균관대입구,10510.0,37.5831,127.0009,18시,992.0
0,20170521.0,일,창경궁로(서울여자대학교),A-06,유출,원남동사거리->성균관대입구,10510.0,37.5831,127.0009,19시,872.0
0,20170521.0,일,창경궁로(서울여자대학교),A-06,유출,원남동사거리->성균관대입구,10510.0,37.5831,127.0009,20시,868.0
0,20170522.0,월,창경궁로(서울여자대학교),A-06,유출,원남동사거리->성균관대입구,11452.0,37.5831,127.0009,8시,608.0
0,20170522.0,월,창경궁로(서울여자대학교),A-06,유출,원남동사거리->성균관대입구,11452.0,37.5831,127.0009,9시,561.0
0,20170522.0,월,창경궁로(서울여자대학교),A-06,유출,원남동사거리->성균관대입구,11452.0,37.5831,127.0009,10시,646.0
0,20170522.0,월,창경궁로(서울여자대학교),A-06,유출,원남동사거리->성균관대입구,11452.0,37.5831,127.0009,11시,779.0
0,20170522.0,월,창경궁로(서울여자대학교),A-06,유출,원남동사거리->성균관대입구,11452.0,37.5831,127.0009,12시,821.0
0,20170522.0,월,창경궁로(서울여자대학교),A-06,유출,원남동사거리->성균관대입구,11452.0,37.5831,127.0009,13시,819.0
0,20170522.0,월,창경궁로(서울여자대학교),A-06,유출,원남동사거리->성균관대입구,11452.0,37.5831,127.0009,14시,823.0
0,20170522.0,월,창경궁로(서울여자대학교),A-06,유출,원남동사거리->성균관대입구,11452.0,37.5831,127.0009,15시,984.0
0,20170522.0,월,창경궁로(서울여자대학교),A-06,유출,원남동사거리->성균관대입구,11452.0,37.5831,127.0009,16시,1013.0
0,20170522.0,월,창경궁로(서울여자대학교),A-06,유출,원남동사거리->성균관대입구,11452.0,37.5831,127.0009,17시,1043.0
0,20170522.0,월,창경궁로(서울여자대학교),A-06,유출,원남동사거리->성균관대입구,11452.0,37.5831,127.0009,18시,1203.0
0,20170522.0,월,창경궁로(서울여자대학교),A-06,유출,원남동사거리->성균관대입구,11452.0,37.5831,127.0009,19시,1126.0
0,20170522.0,월,창경궁로(서울여자대학교),A-06,유출,원남동사거리->성균관대입구,11452.0,37.5831,127.0009,20시,1026.0
0,20170523.0,화,창경궁로(서울여자대학교),A-06,유출,원남동사거리->성균관대입구,11458.0,37.5831,127.0009,8시,642.0
0,20170523.0,화,창경궁로(서울여자대학교),A-06,유출,원남동사거리->성균관대입구,11458.0,37.5831,127.0009,9시,615.0
0,20170523.0,화,창경궁로(서울여자대학교),A-06,유출,원남동사거리->성균관대입구,11458.0,37.5831,127.0009,10시,656.0
0,20170523.0,화,창경궁로(서울여자대학교),A-06,유출,원남동사거리->성균관대입구,11458.0,37.5831,127.0009,11시,811.0
0,20170523.0,화,창경궁로(서울여자대학교),A-06,유출,원남동사거리->성균관대입구,11458.0,37.5831,127.0009,12시,798.0
0,20170523.0,화,창경궁로(서울여자대학교),A-06,유출,원남동사거리->성균관대입구,11458.0,37.5831,127.0009,13시,831.0
0,20170523.0,화,창경궁로(서울여자대학교),A-06,유출,원남동사거리->성균관대입구,11458.0,37.5831,127.0009,14시,843.0
0,20170523.0,화,창경궁로(서울여자대학교),A-06,유출,원남동사거리->성균관대입구,11458.0,37.5831,127.0009,15시,970.0
0,20170523.0,화,창경궁로(서울여자대학교),A-06,유출,원남동사거리->성균관대입구,11458.0,37.5831,127.0009,16시,1045.0
0,20170523.0,화,창경궁로(서울여자대학교),A-06,유출,원남동사거리->성균관대입구,11458.0,37.5831,127.0009,17시,1020.0
0,20170523.0,화,창경궁로(서울여자대학교),A-06,유출,원남동사거리->성균관대입구,11458.0,37.5831,127.0009,18시,1106.0
0,20170523.0,화,창경궁로(서울여자대학교),A-06,유출,원남동사거리->성균관대입구,11458.0,37.5831,127.0009,19시,1085.0
0,20170523.0,화,창경궁로(서울여자대학교),A-06,유출,원남동사거리->성균관대입구,11458.0,37.5831,127.0009,20시,1036.0
0,20170524.0,수,창경궁로(서울여자대학교),A-06,유출,원남동사거리->성균관대입구,11786.0,37.5831,127.0009,8시,671.0
0,20170524.0,수,창경궁로(서울여자대학교),A-06,유출,원남동사거리->성균관대입구,11786.0,37.5831,127.0009,9시,677.0
0,20170524.0,수,창경궁로(서울여자대학교),A-06,유출,원남동사거리->성균관대입구,11786.0,37.5831,127.0009,10시,712.0
0,20170524.0,수,창경궁로(서울여자대학교),A-06,유출,원남동사거리->성균관대입구,11786.0,37.5831,127.0009,11시,892.0
0,20170524.0,수,창경궁로(서울여자대학교),A-06,유출,원남동사거리->성균관대입구,11786.0,37.5831,127.0009,12시,861.0
0,20170524.0,수,창경궁로(서울여자대학교),A-06,유출,원남동사거리->성균관대입구,11786.0,37.5831,127.0009,13시,845.0
0,20170524.0,수,창경궁로(서울여자대학교),A-06,유출,원남동사거리->성균관대입구,11786.0,37.5831,127.0009,14시,810.0
0,20170524.0,수,창경궁로(서울여자대학교),A-06,유출,원남동사거리->성균관대입구,11786.0,37.5831,127.0009,15시,989.0
0,20170524.0,수,창경궁로(서울여자대학교),A-06,유출,원남동사거리->성균관대입구,11786.0,37.5831,127.0009,16시,1014.0
0,20170524.0,수,창경궁로(서울여자대학교),A-06,유출,원남동사거리->성균관대입구,11786.0,37.5831,127.0009,17시,1043.0
0,20170524.0,수,창경궁로(서울여자대학교),A-06,유출,원남동사거리->성균관대입구,11786.0,37.5831,127.0009,18시,1106.0
0,20170524.0,수,창경궁로(서울여자대학교),A-06,유출,원남동사거리->성균관대입구,11786.0,37.5831,127.0009,19시,1135.0
0,20170524.0,수,창경궁로(서울여자대학교),A-06,유출,원남동사거리->성균관대입구,11786.0,37.5831,127.0009,20시,1031.0
0,20170525.0,목,창경궁로(서울여자대학교),A-06,유출,원남동사거리->성균관대입구,12146.0,37.5831,127.0009,8시,667.0
0,20170525.0,목,창경궁로(서울여자대학교),A-06,유출,원남동사거리->성균관대입구,12146.0,37.5831,127.0009,9시,731.0
0,20170525.0,목,창경궁로(서울여자대학교),A-06,유출,원남동사거리->성균관대입구,12146.0,37.5831,127.0009,10시,710.0
0,20170525.0,목,창경궁로(서울여자대학교),A-06,유출,원남동사거리->성균관대입구,12146.0,37.5831,127.0009,11시,895.0
0,20170525.0,목,창경궁로(서울여자대학교),A-06,유출,원남동사거리->성균관대입구,12146.0,37.5831,127.0009,12시,850.0
0,20170525.0,목,창경궁로(서울여자대학교),A-06,유출,원남동사거리->성균관대입구,12146.0,37.5831,127.0009,13시,853.0
0,20170525.0,목,창경궁로(서울여자대학교),A-06,유출,원남동사거리->성균관대입구,12146.0,37.5831,127.0009,14시,912.0
0,20170525.0,목,창경궁로(서울여자대학교),A-06,유출,원남동사거리->성균관대입구,12146.0,37.5831,127.0009,15시,1011.0
0,20170525.0,목,창경궁로(서울여자대학교),A-06,유출,원남동사거리->성균관대입구,12146.0,37.5831,127.0009,16시,1049.0
0,20170525.0,목,창경궁로(서울여자대학교),A-06,유출,원남동사거리->성균관대입구,12146.0,37.5831,127.0009,17시,1095.0
0,20170525.0,목,창경궁로(서울여자대학교),A-06,유출,원남동사거리->성균관대입구,12146.0,37.5831,127.0009,18시,1173.0
0,20170525.0,목,창경궁로(서울여자대학교),A-06,유출,원남동사거리->성균관대입구,12146.0,37.5831,127.0009,19시,1121.0
0,20170525.0,목,창경궁로(서울여자대학교),A-06,유출,원남동사거리->성균관대입구,12146.0,37.5831,127.0009,20시,1079.0
0,20170526.0,금,창경궁로(서울여자대학교),A-06,유출,원남동사거리->성균관대입구,11992.0,37.5831,127.0009,8시,648.0
0,20170526.0,금,창경궁로(서울여자대학교),A-06,유출,원남동사거리->성균관대입구,11992.0,37.5831,127.0009,9시,664.0
0,20170526.0,금,창경궁로(서울여자대학교),A-06,유출,원남동사거리->성균관대입구,11992.0,37.5831,127.0009,10시,882.0
0,20170526.0,금,창경궁로(서울여자대학교),A-06,유출,원남동사거리->성균관대입구,11992.0,37.5831,127.0009,11시,1023.0
0,20170526.0,금,창경궁로(서울여자대학교),A-06,유출,원남동사거리->성균관대입구,11992.0,37.5831,127.0009,12시,883.0
0,20170526.0,금,창경궁로(서울여자대학교),A-06,유출,원남동사거리->성균관대입구,11992.0,37.5831,127.0009,13시,811.0
0,20170526.0,금,창경궁로(서울여자대학교),A-06,유출,원남동사거리->성균관대입구,11992.0,37.5831,127.0009,14시,924.0
0,20170526.0,금,창경궁로(서울여자대학교),A-06,유출,원남동사거리->성균관대입구,11992.0,37.5831,127.0009,15시,959.0
0,20170526.0,금,창경궁로(서울여자대학교),A-06,유출,원남동사거리->성균관대입구,11992.0,37.5831,127.0009,16시,1009.0
0,20170526.0,금,창경궁로(서울여자대학교),A-06,유출,원남동사거리->성균관대입구,11992.0,37.5831,127.0009,17시,957.0
0,20170526.0,금,창경궁로(서울여자대학교),A-06,유출,원남동사거리->성균관대입구,11992.0,37.5831,127.0009,18시,1072.0
0,20170526.0,금,창경궁로(서울여자대학교),A-06,유출,원남동사거리->성균관대입구,11992.0,37.5831,127.0009,19시,1136.0
0,20170526.0,금,창경궁로(서울여자대학교),A-06,유출,원남동사거리->성균관대입구,11992.0,37.5831,127.0009,20시,1024.0
0,20170527.0,토,창경궁로(서울여자대학교),A-06,유출,원남동사거리->성균관대입구,13293.0,37.5831,127.0009,8시,643.0
0,20170527.0,토,창경궁로(서울여자대학교),A-06,유출,원남동사거리->성균관대입구,13293.0,37.5831,127.0009,9시,910.0
0,20170527.0,토,창경궁로(서울여자대학교),A-06,유출,원남동사거리->성균관대입구,13293.0,37.5831,127.0009,10시,935.0
0,20170527.0,토,창경궁로(서울여자대학교),A-06,유출,원남동사거리->성균관대입구,13293.0,37.5831,127.0009,11시,1084.0
0,20170527.0,토,창경궁로(서울여자대학교),A-06,유출,원남동사거리->성균관대입구,13293.0,37.5831,127.0009,12시,1085.0
0,20170527.0,토,창경궁로(서울여자대학교),A-06,유출,원남동사거리->성균관대입구,13293.0,37.5831,127.0009,13시,1163.0
0,20170527.0,토,창경궁로(서울여자대학교),A-06,유출,원남동사거리->성균관대입구,13293.0,37.5831,127.0009,14시,1191.0
0,20170527.0,토,창경궁로(서울여자대학교),A-06,유출,원남동사거리->성균관대입구,13293.0,37.5831,127.0009,15시,1227.0
0,20170527.0,토,창경궁로(서울여자대학교),A-06,유출,원남동사거리->성균관대입구,13293.0,37.5831,127.0009,16시,1037.0
0,20170527.0,토,창경궁로(서울여자대학교),A-06,유출,원남동사거리->성균관대입구,13293.0,37.5831,127.0009,17시,1071.0
0,20170527.0,토,창경궁로(서울여자대학교),A-06,유출,원남동사거리->성균관대입구,13293.0,37.5831,127.0009,18시,984.0
0,20170527.0,토,창경궁로(서울여자대학교),A-06,유출,원남동사거리->성균관대입구,13293.0,37.5831,127.0009,19시,977.0
0,20170527.0,토,창경궁로(서울여자대학교),A-06,유출,원남동사거리->성균관대입구,13293.0,37.5831,127.0009,20시,986.0
0,20170528.0,일,창경궁로(서울여자대학교),A-06,유출,원남동사거리->성균관대입구,10521.0,37.5831,127.0009,8시,392.0
0,20170528.0,일,창경궁로(서울여자대학교),A-06,유출,원남동사거리->성균관대입구,10521.0,37.5831,127.0009,9시,525.0
0,20170528.0,일,창경궁로(서울여자대학교),A-06,유출,원남동사거리->성균관대입구,10521.0,37.5831,127.0009,10시,632.0
0,20170528.0,일,창경궁로(서울여자대학교),A-06,유출,원남동사거리->성균관대입구,10521.0,37.5831,127.0009,11시,631.0
0,20170528.0,일,창경궁로(서울여자대학교),A-06,유출,원남동사거리->성균관대입구,10521.0,37.5831,127.0009,12시,742.0
0,20170528.0,일,창경궁로(서울여자대학교),A-06,유출,원남동사거리->성균관대입구,10521.0,37.5831,127.0009,13시,860.0
0,20170528.0,일,창경궁로(서울여자대학교),A-06,유출,원남동사거리->성균관대입구,10521.0,37.5831,127.0009,14시,847.0
0,20170528.0,일,창경궁로(서울여자대학교),A-06,유출,원남동사거리->성균관대입구,10521.0,37.5831,127.0009,15시,999.0
0,20170528.0,일,창경궁로(서울여자대학교),A-06,유출,원남동사거리->성균관대입구,10521.0,37.5831,127.0009,16시,1021.0
0,20170528.0,일,창경궁로(서울여자대학교),A-06,유출,원남동사거리->성균관대입구,10521.0,37.5831,127.0009,17시,1032.0
0,20170528.0,일,창경궁로(서울여자대학교),A-06,유출,원남동사거리->성균관대입구,10521.0,37.5831,127.0009,18시,1008.0
0,20170528.0,일,창경궁로(서울여자대학교),A-06,유출,원남동사거리->성균관대입구,10521.0,37.5831,127.0009,19시,906.0
0,20170528.0,일,창경궁로(서울여자대학교),A-06,유출,원남동사거리->성균관대입구,10521.0,37.5831,127.0009,20시,926.0
0,20170529.0,월,창경궁로(서울여자대학교),A-06,유출,원남동사거리->성균관대입구,11606.0,37.5831,127.0009,8시,618.0
0,20170529.0,월,창경궁로(서울여자대학교),A-06,유출,원남동사거리->성균관대입구,11606.0,37.5831,127.0009,9시,635.0
0,20170529.0,월,창경궁로(서울여자대학교),A-06,유출,원남동사거리->성균관대입구,11606.0,37.5831,127.0009,10시,684.0
0,20170529.0,월,창경궁로(서울여자대학교),A-06,유출,원남동사거리->성균관대입구,11606.0,37.5831,127.0009,11시,910.0
0,20170529.0,월,창경궁로(서울여자대학교),A-06,유출,원남동사거리->성균관대입구,11606.0,37.5831,127.0009,12시,807.0
0,20170529.0,월,창경궁로(서울여자대학교),A-06,유출,원남동사거리->성균관대입구,11606.0,37.5831,127.0009,13시,832.0
0,20170529.0,월,창경궁로(서울여자대학교),A-06,유출,원남동사거리->성균관대입구,11606.0,37.5831,127.0009,14시,839.0
0,20170529.0,월,창경궁로(서울여자대학교),A-06,유출,원남동사거리->성균관대입구,11606.0,37.5831,127.0009,15시,966.0
0,20170529.0,월,창경궁로(서울여자대학교),A-06,유출,원남동사거리->성균관대입구,11606.0,37.5831,127.0009,16시,1065.0
0,20170529.0,월,창경궁로(서울여자대학교),A-06,유출,원남동사거리->성균관대입구,11606.0,37.5831,127.0009,17시,989.0
0,20170529.0,월,창경궁로(서울여자대학교),A-06,유출,원남동사거리->성균관대입구,11606.0,37.5831,127.0009,18시,1191.0
0,20170529.0,월,창경궁로(서울여자대학교),A-06,유출,원남동사거리->성균관대입구,11606.0,37.5831,127.0009,19시,1124.0
0,20170529.0,월,창경궁로(서울여자대학교),A-06,유출,원남동사거리->성균관대입구,11606.0,37.5831,127.0009,20시,946.0
0,20170530.0,화,창경궁로(서울여자대학교),A-06,유출,원남동사거리->성균관대입구,11474.0,37.5831,127.0009,8시,689.0
0,20170530.0,화,창경궁로(서울여자대학교),A-06,유출,원남동사거리->성균관대입구,11474.0,37.5831,127.0009,9시,573.0
0,20170530.0,화,창경궁로(서울여자대학교),A-06,유출,원남동사거리->성균관대입구,11474.0,37.5831,127.0009,10시,584.0
0,20170530.0,화,창경궁로(서울여자대학교),A-06,유출,원남동사거리->성균관대입구,11474.0,37.5831,127.0009,11시,737.0
0,20170530.0,화,창경궁로(서울여자대학교),A-06,유출,원남동사거리->성균관대입구,11474.0,37.5831,127.0009,12시,847.0
0,20170530.0,화,창경궁로(서울여자대학교),A-06,유출,원남동사거리->성균관대입구,11474.0,37.5831,127.0009,13시,824.0
0,20170530.0,화,창경궁로(서울여자대학교),A-06,유출,원남동사거리->성균관대입구,11474.0,37.5831,127.0009,14시,905.0
0,20170530.0,화,창경궁로(서울여자대학교),A-06,유출,원남동사거리->성균관대입구,11474.0,37.5831,127.0009,15시,959.0
0,20170530.0,화,창경궁로(서울여자대학교),A-06,유출,원남동사거리->성균관대입구,11474.0,37.5831,127.0009,16시,1034.0
0,20170530.0,화,창경궁로(서울여자대학교),A-06,유출,원남동사거리->성균관대입구,11474.0,37.5831,127.0009,17시,1038.0
0,20170530.0,화,창경궁로(서울여자대학교),A-06,유출,원남동사거리->성균관대입구,11474.0,37.5831,127.0009,18시,1147.0
0,20170530.0,화,창경궁로(서울여자대학교),A-06,유출,원남동사거리->성균관대입구,11474.0,37.5831,127.0009,19시,1141.0
0,20170530.0,화,창경궁로(서울여자대학교),A-06,유출,원남동사거리->성균관대입구,11474.0,37.5831,127.0009,20시,996.0
0,20170531.0,수,창경궁로(서울여자대학교),A-06,유출,원남동사거리->성균관대입구,11792.0,37.5831,127.0009,8시,654.0
0,20170531.0,수,창경궁로(서울여자대학교),A-06,유출,원남동사거리->성균관대입구,11792.0,37.5831,127.0009,9시,643.0
0,20170531.0,수,창경궁로(서울여자대학교),A-06,유출,원남동사거리->성균관대입구,11792.0,37.5831,127.0009,10시,715.0
0,20170531.0,수,창경궁로(서울여자대학교),A-06,유출,원남동사거리->성균관대입구,11792.0,37.5831,127.0009,11시,845.0
0,20170531.0,수,창경궁로(서울여자대학교),A-06,유출,원남동사거리->성균관대입구,11792.0,37.5831,127.0009,12시,807.0
0,20170531.0,수,창경궁로(서울여자대학교),A-06,유출,원남동사거리->성균관대입구,11792.0,37.5831,127.0009,13시,827.0
0,20170531.0,수,창경궁로(서울여자대학교),A-06,유출,원남동사거리->성균관대입구,11792.0,37.5831,127.0009,14시,893.0
0,20170531.0,수,창경궁로(서울여자대학교),A-06,유출,원남동사거리->성균관대입구,11792.0,37.5831,127.0009,15시,995.0
0,20170531.0,수,창경궁로(서울여자대학교),A-06,유출,원남동사거리->성균관대입구,11792.0,37.5831,127.0009,16시,1029.0
0,20170531.0,수,창경궁로(서울여자대학교),A-06,유출,원남동사거리->성균관대입구,11792.0,37.5831,127.0009,17시,1020.0
0,20170531.0,수,창경궁로(서울여자대학교),A-06,유출,원남동사거리->성균관대입구,11792.0,37.5831,127.0009,18시,1195.0
0,20170531.0,수,창경궁로(서울여자대학교),A-06,유출,원남동사거리->성균관대입구,11792.0,37.5831,127.0009,19시,1152.0
0,20170531.0,수,창경궁로(서울여자대학교),A-06,유출,원남동사거리->성균관대입구,11792.0,37.5831,127.0009,20시,1017.0
0,20170601.0,목,창경궁로(서울여자대학교),A-06,유입,성균관대입구->원남동사거리,17698.0,37.5831,127.0009,8시,2351.0
0,20170601.0,목,창경궁로(서울여자대학교),A-06,유입,성균관대입구->원남동사거리,17698.0,37.5831,127.0009,9시,1985.0
0,20170601.0,목,창경궁로(서울여자대학교),A-06,유입,성균관대입구->원남동사거리,17698.0,37.5831,127.0009,10시,1528.0
0,20170601.0,목,창경궁로(서울여자대학교),A-06,유입,성균관대입구->원남동사거리,17698.0,37.5831,127.0009,11시,1281.0
0,20170601.0,목,창경궁로(서울여자대학교),A-06,유입,성균관대입구->원남동사거리,17698.0,37.5831,127.0009,12시,1236.0
0,20170601.0,목,창경궁로(서울여자대학교),A-06,유입,성균관대입구->원남동사거리,17698.0,37.5831,127.0009,13시,1317.0
0,20170601.0,목,창경궁로(서울여자대학교),A-06,유입,성균관대입구->원남동사거리,17698.0,37.5831,127.0009,14시,1290.0
0,20170601.0,목,창경궁로(서울여자대학교),A-06,유입,성균관대입구->원남동사거리,17698.0,37.5831,127.0009,15시,1217.0
0,20170601.0,목,창경궁로(서울여자대학교),A-06,유입,성균관대입구->원남동사거리,17698.0,37.5831,127.0009,16시,1215.0
0,20170601.0,목,창경궁로(서울여자대학교),A-06,유입,성균관대입구->원남동사거리,17698.0,37.5831,127.0009,17시,1205.0
0,20170601.0,목,창경궁로(서울여자대학교),A-06,유입,성균관대입구->원남동사거리,17698.0,37.5831,127.0009,18시,1158.0
0,20170601.0,목,창경궁로(서울여자대학교),A-06,유입,성균관대입구->원남동사거리,17698.0,37.5831,127.0009,19시,903.0
0,20170601.0,목,창경궁로(서울여자대학교),A-06,유입,성균관대입구->원남동사거리,17698.0,37.5831,127.0009,20시,1012.0
0,20170602.0,금,창경궁로(서울여자대학교),A-06,유입,성균관대입구->원남동사거리,17853.0,37.5831,127.0009,8시,2247.0
0,20170602.0,금,창경궁로(서울여자대학교),A-06,유입,성균관대입구->원남동사거리,17853.0,37.5831,127.0009,9시,1726.0
0,20170602.0,금,창경궁로(서울여자대학교),A-06,유입,성균관대입구->원남동사거리,17853.0,37.5831,127.0009,10시,1474.0
0,20170602.0,금,창경궁로(서울여자대학교),A-06,유입,성균관대입구->원남동사거리,17853.0,37.5831,127.0009,11시,1338.0
0,20170602.0,금,창경궁로(서울여자대학교),A-06,유입,성균관대입구->원남동사거리,17853.0,37.5831,127.0009,12시,1396.0
0,20170602.0,금,창경궁로(서울여자대학교),A-06,유입,성균관대입구->원남동사거리,17853.0,37.5831,127.0009,13시,1364.0
0,20170602.0,금,창경궁로(서울여자대학교),A-06,유입,성균관대입구->원남동사거리,17853.0,37.5831,127.0009,14시,1327.0
0,20170602.0,금,창경궁로(서울여자대학교),A-06,유입,성균관대입구->원남동사거리,17853.0,37.5831,127.0009,15시,1257.0
0,20170602.0,금,창경궁로(서울여자대학교),A-06,유입,성균관대입구->원남동사거리,17853.0,37.5831,127.0009,16시,1315.0
0,20170602.0,금,창경궁로(서울여자대학교),A-06,유입,성균관대입구->원남동사거리,17853.0,37.5831,127.0009,17시,1175.0
0,20170602.0,금,창경궁로(서울여자대학교),A-06,유입,성균관대입구->원남동사거리,17853.0,37.5831,127.0009,18시,1141.0
0,20170602.0,금,창경궁로(서울여자대학교),A-06,유입,성균관대입구->원남동사거리,17853.0,37.5831,127.0009,19시,1024.0
0,20170602.0,금,창경궁로(서울여자대학교),A-06,유입,성균관대입구->원남동사거리,17853.0,37.5831,127.0009,20시,1069.0
0,20170603.0,토,창경궁로(서울여자대학교),A-06,유입,성균관대입구->원남동사거리,18463.0,37.5831,127.0009,8시,1561.0
0,20170603.0,토,창경궁로(서울여자대학교),A-06,유입,성균관대입구->원남동사거리,18463.0,37.5831,127.0009,9시,1636.0
0,20170603.0,토,창경궁로(서울여자대학교),A-06,유입,성균관대입구->원남동사거리,18463.0,37.5831,127.0009,10시,1645.0
0,20170603.0,토,창경궁로(서울여자대학교),A-06,유입,성균관대입구->원남동사거리,18463.0,37.5831,127.0009,11시,1571.0
0,20170603.0,토,창경궁로(서울여자대학교),A-06,유입,성균관대입구->원남동사거리,18463.0,37.5831,127.0009,12시,1527.0
0,20170603.0,토,창경궁로(서울여자대학교),A-06,유입,성균관대입구->원남동사거리,18463.0,37.5831,127.0009,13시,1497.0
0,20170603.0,토,창경궁로(서울여자대학교),A-06,유입,성균관대입구->원남동사거리,18463.0,37.5831,127.0009,14시,1446.0
0,20170603.0,토,창경궁로(서울여자대학교),A-06,유입,성균관대입구->원남동사거리,18463.0,37.5831,127.0009,15시,1444.0
0,20170603.0,토,창경궁로(서울여자대학교),A-06,유입,성균관대입구->원남동사거리,18463.0,37.5831,127.0009,16시,1408.0
0,20170603.0,토,창경궁로(서울여자대학교),A-06,유입,성균관대입구->원남동사거리,18463.0,37.5831,127.0009,17시,1374.0
0,20170603.0,토,창경궁로(서울여자대학교),A-06,유입,성균관대입구->원남동사거리,18463.0,37.5831,127.0009,18시,1187.0
0,20170603.0,토,창경궁로(서울여자대학교),A-06,유입,성균관대입구->원남동사거리,18463.0,37.5831,127.0009,19시,1058.0
0,20170603.0,토,창경궁로(서울여자대학교),A-06,유입,성균관대입구->원남동사거리,18463.0,37.5831,127.0009,20시,1109.0
0,20170604.0,일,창경궁로(서울여자대학교),A-06,유입,성균관대입구->원남동사거리,16336.0,37.5831,127.0009,8시,1089.0
0,20170604.0,일,창경궁로(서울여자대학교),A-06,유입,성균관대입구->원남동사거리,16336.0,37.5831,127.0009,9시,1323.0
0,20170604.0,일,창경궁로(서울여자대학교),A-06,유입,성균관대입구->원남동사거리,16336.0,37.5831,127.0009,10시,1441.0
0,20170604.0,일,창경궁로(서울여자대학교),A-06,유입,성균관대입구->원남동사거리,16336.0,37.5831,127.0009,11시,1363.0
0,20170604.0,일,창경궁로(서울여자대학교),A-06,유입,성균관대입구->원남동사거리,16336.0,37.5831,127.0009,12시,1391.0
0,20170604.0,일,창경궁로(서울여자대학교),A-06,유입,성균관대입구->원남동사거리,16336.0,37.5831,127.0009,13시,1440.0
0,20170604.0,일,창경궁로(서울여자대학교),A-06,유입,성균관대입구->원남동사거리,16336.0,37.5831,127.0009,14시,1408.0
0,20170604.0,일,창경궁로(서울여자대학교),A-06,유입,성균관대입구->원남동사거리,16336.0,37.5831,127.0009,15시,1346.0
0,20170604.0,일,창경궁로(서울여자대학교),A-06,유입,성균관대입구->원남동사거리,16336.0,37.5831,127.0009,16시,1266.0
0,20170604.0,일,창경궁로(서울여자대학교),A-06,유입,성균관대입구->원남동사거리,16336.0,37.5831,127.0009,17시,1255.0
0,20170604.0,일,창경궁로(서울여자대학교),A-06,유입,성균관대입구->원남동사거리,16336.0,37.5831,127.0009,18시,1022.0
0,20170604.0,일,창경궁로(서울여자대학교),A-06,유입,성균관대입구->원남동사거리,16336.0,37.5831,127.0009,19시,975.0
0,20170604.0,일,창경궁로(서울여자대학교),A-06,유입,성균관대입구->원남동사거리,16336.0,37.5831,127.0009,20시,1017.0
0,20170605.0,월,창경궁로(서울여자대학교),A-06,유입,성균관대입구->원남동사거리,18336.0,37.5831,127.0009,8시,2210.0
0,20170605.0,월,창경궁로(서울여자대학교),A-06,유입,성균관대입구->원남동사거리,18336.0,37.5831,127.0009,9시,1775.0
0,20170605.0,월,창경궁로(서울여자대학교),A-06,유입,성균관대입구->원남동사거리,18336.0,37.5831,127.0009,10시,1518.0
0,20170605.0,월,창경궁로(서울여자대학교),A-06,유입,성균관대입구->원남동사거리,18336.0,37.5831,127.0009,11시,1362.0
0,20170605.0,월,창경궁로(서울여자대학교),A-06,유입,성균관대입구->원남동사거리,18336.0,37.5831,127.0009,12시,1381.0
0,20170605.0,월,창경궁로(서울여자대학교),A-06,유입,성균관대입구->원남동사거리,18336.0,37.5831,127.0009,13시,1398.0
0,20170605.0,월,창경궁로(서울여자대학교),A-06,유입,성균관대입구->원남동사거리,18336.0,37.5831,127.0009,14시,1409.0
0,20170605.0,월,창경궁로(서울여자대학교),A-06,유입,성균관대입구->원남동사거리,18336.0,37.5831,127.0009,15시,1380.0
0,20170605.0,월,창경궁로(서울여자대학교),A-06,유입,성균관대입구->원남동사거리,18336.0,37.5831,127.0009,16시,1325.0
0,20170605.0,월,창경궁로(서울여자대학교),A-06,유입,성균관대입구->원남동사거리,18336.0,37.5831,127.0009,17시,1353.0
0,20170605.0,월,창경궁로(서울여자대학교),A-06,유입,성균관대입구->원남동사거리,18336.0,37.5831,127.0009,18시,1200.0
0,20170605.0,월,창경궁로(서울여자대학교),A-06,유입,성균관대입구->원남동사거리,18336.0,37.5831,127.0009,19시,1011.0
0,20170605.0,월,창경궁로(서울여자대학교),A-06,유입,성균관대입구->원남동사거리,18336.0,37.5831,127.0009,20시,1014.0
0,20170606.0,화,창경궁로(서울여자대학교),A-06,유입,성균관대입구->원남동사거리,16813.0,37.5831,127.0009,8시,1337.0
0,20170606.0,화,창경궁로(서울여자대학교),A-06,유입,성균관대입구->원남동사거리,16813.0,37.5831,127.0009,9시,1405.0
0,20170606.0,화,창경궁로(서울여자대학교),A-06,유입,성균관대입구->원남동사거리,16813.0,37.5831,127.0009,10시,1471.0
0,20170606.0,화,창경궁로(서울여자대학교),A-06,유입,성균관대입구->원남동사거리,16813.0,37.5831,127.0009,11시,1420.0
0,20170606.0,화,창경궁로(서울여자대학교),A-06,유입,성균관대입구->원남동사거리,16813.0,37.5831,127.0009,12시,1364.0
0,20170606.0,화,창경궁로(서울여자대학교),A-06,유입,성균관대입구->원남동사거리,16813.0,37.5831,127.0009,13시,1407.0
0,20170606.0,화,창경궁로(서울여자대학교),A-06,유입,성균관대입구->원남동사거리,16813.0,37.5831,127.0009,14시,1305.0
0,20170606.0,화,창경궁로(서울여자대학교),A-06,유입,성균관대입구->원남동사거리,16813.0,37.5831,127.0009,15시,1369.0
0,20170606.0,화,창경궁로(서울여자대학교),A-06,유입,성균관대입구->원남동사거리,16813.0,37.5831,127.0009,16시,1321.0
0,20170606.0,화,창경궁로(서울여자대학교),A-06,유입,성균관대입구->원남동사거리,16813.0,37.5831,127.0009,17시,1296.0
0,20170606.0,화,창경궁로(서울여자대학교),A-06,유입,성균관대입구->원남동사거리,16813.0,37.5831,127.0009,18시,1131.0
0,20170606.0,화,창경궁로(서울여자대학교),A-06,유입,성균관대입구->원남동사거리,16813.0,37.5831,127.0009,19시,949.0
0,20170606.0,화,창경궁로(서울여자대학교),A-06,유입,성균관대입구->원남동사거리,16813.0,37.5831,127.0009,20시,1038.0
0,20170607.0,수,창경궁로(서울여자대학교),A-06,유입,성균관대입구->원남동사거리,17299.0,37.5831,127.0009,8시,2127.0
0,20170607.0,수,창경궁로(서울여자대학교),A-06,유입,성균관대입구->원남동사거리,17299.0,37.5831,127.0009,9시,1906.0
0,20170607.0,수,창경궁로(서울여자대학교),A-06,유입,성균관대입구->원남동사거리,17299.0,37.5831,127.0009,10시,1572.0
0,20170607.0,수,창경궁로(서울여자대학교),A-06,유입,성균관대입구->원남동사거리,17299.0,37.5831,127.0009,11시,1360.0
0,20170607.0,수,창경궁로(서울여자대학교),A-06,유입,성균관대입구->원남동사거리,17299.0,37.5831,127.0009,12시,1322.0
0,20170607.0,수,창경궁로(서울여자대학교),A-06,유입,성균관대입구->원남동사거리,17299.0,37.5831,127.0009,13시,1371.0
0,20170607.0,수,창경궁로(서울여자대학교),A-06,유입,성균관대입구->원남동사거리,17299.0,37.5831,127.0009,14시,1245.0
0,20170607.0,수,창경궁로(서울여자대학교),A-06,유입,성균관대입구->원남동사거리,17299.0,37.5831,127.0009,15시,1233.0
0,20170607.0,수,창경궁로(서울여자대학교),A-06,유입,성균관대입구->원남동사거리,17299.0,37.5831,127.0009,16시,1139.0
0,20170607.0,수,창경궁로(서울여자대학교),A-06,유입,성균관대입구->원남동사거리,17299.0,37.5831,127.0009,17시,1139.0
0,20170607.0,수,창경궁로(서울여자대학교),A-06,유입,성균관대입구->원남동사거리,17299.0,37.5831,127.0009,18시,1050.0
0,20170607.0,수,창경궁로(서울여자대학교),A-06,유입,성균관대입구->원남동사거리,17299.0,37.5831,127.0009,19시,876.0
0,20170607.0,수,창경궁로(서울여자대학교),A-06,유입,성균관대입구->원남동사거리,17299.0,37.5831,127.0009,20시,959.0
0,20170608.0,목,창경궁로(서울여자대학교),A-06,유입,성균관대입구->원남동사거리,17565.0,37.5831,127.0009,8시,2261.0
0,20170608.0,목,창경궁로(서울여자대학교),A-06,유입,성균관대입구->원남동사거리,17565.0,37.5831,127.0009,9시,1997.0
0,20170608.0,목,창경궁로(서울여자대학교),A-06,유입,성균관대입구->원남동사거리,17565.0,37.5831,127.0009,10시,1676.0
0,20170608.0,목,창경궁로(서울여자대학교),A-06,유입,성균관대입구->원남동사거리,17565.0,37.5831,127.0009,11시,1478.0
0,20170608.0,목,창경궁로(서울여자대학교),A-06,유입,성균관대입구->원남동사거리,17565.0,37.5831,127.0009,12시,1276.0
0,20170608.0,목,창경궁로(서울여자대학교),A-06,유입,성균관대입구->원남동사거리,17565.0,37.5831,127.0009,13시,1358.0
0,20170608.0,목,창경궁로(서울여자대학교),A-06,유입,성균관대입구->원남동사거리,17565.0,37.5831,127.0009,14시,1200.0
0,20170608.0,목,창경궁로(서울여자대학교),A-06,유입,성균관대입구->원남동사거리,17565.0,37.5831,127.0009,15시,1225.0
0,20170608.0,목,창경궁로(서울여자대학교),A-06,유입,성균관대입구->원남동사거리,17565.0,37.5831,127.0009,16시,1191.0
0,20170608.0,목,창경궁로(서울여자대학교),A-06,유입,성균관대입구->원남동사거리,17565.0,37.5831,127.0009,17시,1092.0
0,20170608.0,목,창경궁로(서울여자대학교),A-06,유입,성균관대입구->원남동사거리,17565.0,37.5831,127.0009,18시,1027.0
0,20170608.0,목,창경궁로(서울여자대학교),A-06,유입,성균관대입구->원남동사거리,17565.0,37.5831,127.0009,19시,835.0
0,20170608.0,목,창경궁로(서울여자대학교),A-06,유입,성균관대입구->원남동사거리,17565.0,37.5831,127.0009,20시,949.0
0,20170609.0,금,창경궁로(서울여자대학교),A-06,유입,성균관대입구->원남동사거리,18262.0,37.5831,127.0009,8시,2326.0
0,20170609.0,금,창경궁로(서울여자대학교),A-06,유입,성균관대입구->원남동사거리,18262.0,37.5831,127.0009,9시,1987.0
0,20170609.0,금,창경궁로(서울여자대학교),A-06,유입,성균관대입구->원남동사거리,18262.0,37.5831,127.0009,10시,1572.0
0,20170609.0,금,창경궁로(서울여자대학교),A-06,유입,성균관대입구->원남동사거리,18262.0,37.5831,127.0009,11시,1514.0
0,20170609.0,금,창경궁로(서울여자대학교),A-06,유입,성균관대입구->원남동사거리,18262.0,37.5831,127.0009,12시,1345.0
0,20170609.0,금,창경궁로(서울여자대학교),A-06,유입,성균관대입구->원남동사거리,18262.0,37.5831,127.0009,13시,1372.0
0,20170609.0,금,창경궁로(서울여자대학교),A-06,유입,성균관대입구->원남동사거리,18262.0,37.5831,127.0009,14시,1316.0
0,20170609.0,금,창경궁로(서울여자대학교),A-06,유입,성균관대입구->원남동사거리,18262.0,37.5831,127.0009,15시,1299.0
0,20170609.0,금,창경궁로(서울여자대학교),A-06,유입,성균관대입구->원남동사거리,18262.0,37.5831,127.0009,16시,1412.0
0,20170609.0,금,창경궁로(서울여자대학교),A-06,유입,성균관대입구->원남동사거리,18262.0,37.5831,127.0009,17시,1171.0
0,20170609.0,금,창경궁로(서울여자대학교),A-06,유입,성균관대입구->원남동사거리,18262.0,37.5831,127.0009,18시,1028.0
0,20170609.0,금,창경궁로(서울여자대학교),A-06,유입,성균관대입구->원남동사거리,18262.0,37.5831,127.0009,19시,954.0
0,20170609.0,금,창경궁로(서울여자대학교),A-06,유입,성균관대입구->원남동사거리,18262.0,37.5831,127.0009,20시,966.0
0,20170611.0,일,창경궁로(서울여자대학교),A-06,유입,성균관대입구->원남동사거리,16560.0,37.5831,127.0009,8시,1110.0
0,20170611.0,일,창경궁로(서울여자대학교),A-06,유입,성균관대입구->원남동사거리,16560.0,37.5831,127.0009,9시,1358.0
0,20170611.0,일,창경궁로(서울여자대학교),A-06,유입,성균관대입구->원남동사거리,16560.0,37.5831,127.0009,10시,1356.0
0,20170611.0,일,창경궁로(서울여자대학교),A-06,유입,성균관대입구->원남동사거리,16560.0,37.5831,127.0009,11시,1372.0
0,20170611.0,일,창경궁로(서울여자대학교),A-06,유입,성균관대입구->원남동사거리,16560.0,37.5831,127.0009,12시,1439.0
0,20170611.0,일,창경궁로(서울여자대학교),A-06,유입,성균관대입구->원남동사거리,16560.0,37.5831,127.0009,13시,1426.0
0,20170611.0,일,창경궁로(서울여자대학교),A-06,유입,성균관대입구->원남동사거리,16560.0,37.5831,127.0009,14시,1517.0
0,20170611.0,일,창경궁로(서울여자대학교),A-06,유입,성균관대입구->원남동사거리,16560.0,37.5831,127.0009,15시,1307.0
0,20170611.0,일,창경궁로(서울여자대학교),A-06,유입,성균관대입구->원남동사거리,16560.0,37.5831,127.0009,16시,1316.0
0,20170611.0,일,창경궁로(서울여자대학교),A-06,유입,성균관대입구->원남동사거리,16560.0,37.5831,127.0009,17시,1325.0
0,20170611.0,일,창경궁로(서울여자대학교),A-06,유입,성균관대입구->원남동사거리,16560.0,37.5831,127.0009,18시,1055.0
0,20170611.0,일,창경궁로(서울여자대학교),A-06,유입,성균관대입구->원남동사거리,16560.0,37.5831,127.0009,19시,983.0
0,20170611.0,일,창경궁로(서울여자대학교),A-06,유입,성균관대입구->원남동사거리,16560.0,37.5831,127.0009,20시,996.0
0,20170612.0,월,창경궁로(서울여자대학교),A-06,유입,성균관대입구->원남동사거리,17146.0,37.5831,127.0009,8시,2328.0
0,20170612.0,월,창경궁로(서울여자대학교),A-06,유입,성균관대입구->원남동사거리,17146.0,37.5831,127.0009,9시,1835.0
0,20170612.0,월,창경궁로(서울여자대학교),A-06,유입,성균관대입구->원남동사거리,17146.0,37.5831,127.0009,10시,1535.0
0,20170612.0,월,창경궁로(서울여자대학교),A-06,유입,성균관대입구->원남동사거리,17146.0,37.5831,127.0009,11시,1401.0
0,20170612.0,월,창경궁로(서울여자대학교),A-06,유입,성균관대입구->원남동사거리,17146.0,37.5831,127.0009,12시,1301.0
0,20170612.0,월,창경궁로(서울여자대학교),A-06,유입,성균관대입구->원남동사거리,17146.0,37.5831,127.0009,13시,1294.0
0,20170612.0,월,창경궁로(서울여자대학교),A-06,유입,성균관대입구->원남동사거리,17146.0,37.5831,127.0009,14시,1245.0
0,20170612.0,월,창경궁로(서울여자대학교),A-06,유입,성균관대입구->원남동사거리,17146.0,37.5831,127.0009,15시,1183.0
0,20170612.0,월,창경궁로(서울여자대학교),A-06,유입,성균관대입구->원남동사거리,17146.0,37.5831,127.0009,16시,1199.0
0,20170612.0,월,창경궁로(서울여자대학교),A-06,유입,성균관대입구->원남동사거리,17146.0,37.5831,127.0009,17시,1140.0
0,20170612.0,월,창경궁로(서울여자대학교),A-06,유입,성균관대입구->원남동사거리,17146.0,37.5831,127.0009,18시,970.0
0,20170612.0,월,창경궁로(서울여자대학교),A-06,유입,성균관대입구->원남동사거리,17146.0,37.5831,127.0009,19시,824.0
0,20170612.0,월,창경궁로(서울여자대학교),A-06,유입,성균관대입구->원남동사거리,17146.0,37.5831,127.0009,20시,891.0
0,20170613.0,화,창경궁로(서울여자대학교),A-06,유입,성균관대입구->원남동사거리,17265.0,37.5831,127.0009,8시,2299.0
0,20170613.0,화,창경궁로(서울여자대학교),A-06,유입,성균관대입구->원남동사거리,17265.0,37.5831,127.0009,9시,1908.0
0,20170613.0,화,창경궁로(서울여자대학교),A-06,유입,성균관대입구->원남동사거리,17265.0,37.5831,127.0009,10시,1554.0
0,20170613.0,화,창경궁로(서울여자대학교),A-06,유입,성균관대입구->원남동사거리,17265.0,37.5831,127.0009,11시,1410.0
0,20170613.0,화,창경궁로(서울여자대학교),A-06,유입,성균관대입구->원남동사거리,17265.0,37.5831,127.0009,12시,1325.0
0,20170613.0,화,창경궁로(서울여자대학교),A-06,유입,성균관대입구->원남동사거리,17265.0,37.5831,127.0009,13시,1368.0
0,20170613.0,화,창경궁로(서울여자대학교),A-06,유입,성균관대입구->원남동사거리,17265.0,37.5831,127.0009,14시,1286.0
0,20170613.0,화,창경궁로(서울여자대학교),A-06,유입,성균관대입구->원남동사거리,17265.0,37.5831,127.0009,15시,1097.0
0,20170613.0,화,창경궁로(서울여자대학교),A-06,유입,성균관대입구->원남동사거리,17265.0,37.5831,127.0009,16시,1190.0
0,20170613.0,화,창경궁로(서울여자대학교),A-06,유입,성균관대입구->원남동사거리,17265.0,37.5831,127.0009,17시,1080.0
0,20170613.0,화,창경궁로(서울여자대학교),A-06,유입,성균관대입구->원남동사거리,17265.0,37.5831,127.0009,18시,1027.0
0,20170613.0,화,창경궁로(서울여자대학교),A-06,유입,성균관대입구->원남동사거리,17265.0,37.5831,127.0009,19시,797.0
0,20170613.0,화,창경궁로(서울여자대학교),A-06,유입,성균관대입구->원남동사거리,17265.0,37.5831,127.0009,20시,924.0
0,20170614.0,수,창경궁로(서울여자대학교),A-06,유입,성균관대입구->원남동사거리,17204.0,37.5831,127.0009,8시,2240.0
0,20170614.0,수,창경궁로(서울여자대학교),A-06,유입,성균관대입구->원남동사거리,17204.0,37.5831,127.0009,9시,1803.0
0,20170614.0,수,창경궁로(서울여자대학교),A-06,유입,성균관대입구->원남동사거리,17204.0,37.5831,127.0009,10시,1454.0
0,20170614.0,수,창경궁로(서울여자대학교),A-06,유입,성균관대입구->원남동사거리,17204.0,37.5831,127.0009,11시,1397.0
0,20170614.0,수,창경궁로(서울여자대학교),A-06,유입,성균관대입구->원남동사거리,17204.0,37.5831,127.0009,12시,1294.0
0,20170614.0,수,창경궁로(서울여자대학교),A-06,유입,성균관대입구->원남동사거리,17204.0,37.5831,127.0009,13시,1341.0
0,20170614.0,수,창경궁로(서울여자대학교),A-06,유입,성균관대입구->원남동사거리,17204.0,37.5831,127.0009,14시,1239.0
0,20170614.0,수,창경궁로(서울여자대학교),A-06,유입,성균관대입구->원남동사거리,17204.0,37.5831,127.0009,15시,1230.0
0,20170614.0,수,창경궁로(서울여자대학교),A-06,유입,성균관대입구->원남동사거리,17204.0,37.5831,127.0009,16시,1280.0
0,20170614.0,수,창경궁로(서울여자대학교),A-06,유입,성균관대입구->원남동사거리,17204.0,37.5831,127.0009,17시,1137.0
0,20170614.0,수,창경궁로(서울여자대학교),A-06,유입,성균관대입구->원남동사거리,17204.0,37.5831,127.0009,18시,961.0
0,20170614.0,수,창경궁로(서울여자대학교),A-06,유입,성균관대입구->원남동사거리,17204.0,37.5831,127.0009,19시,887.0
0,20170614.0,수,창경궁로(서울여자대학교),A-06,유입,성균관대입구->원남동사거리,17204.0,37.5831,127.0009,20시,941.0
0,20170615.0,목,창경궁로(서울여자대학교),A-06,유입,성균관대입구->원남동사거리,17274.0,37.5831,127.0009,8시,2244.0
0,20170615.0,목,창경궁로(서울여자대학교),A-06,유입,성균관대입구->원남동사거리,17274.0,37.5831,127.0009,9시,1921.0
0,20170615.0,목,창경궁로(서울여자대학교),A-06,유입,성균관대입구->원남동사거리,17274.0,37.5831,127.0009,10시,1507.0
0,20170615.0,목,창경궁로(서울여자대학교),A-06,유입,성균관대입구->원남동사거리,17274.0,37.5831,127.0009,11시,1381.0
0,20170615.0,목,창경궁로(서울여자대학교),A-06,유입,성균관대입구->원남동사거리,17274.0,37.5831,127.0009,12시,1300.0
0,20170615.0,목,창경궁로(서울여자대학교),A-06,유입,성균관대입구->원남동사거리,17274.0,37.5831,127.0009,13시,1345.0
0,20170615.0,목,창경궁로(서울여자대학교),A-06,유입,성균관대입구->원남동사거리,17274.0,37.5831,127.0009,14시,1275.0
0,20170615.0,목,창경궁로(서울여자대학교),A-06,유입,성균관대입구->원남동사거리,17274.0,37.5831,127.0009,15시,1198.0
0,20170615.0,목,창경궁로(서울여자대학교),A-06,유입,성균관대입구->원남동사거리,17274.0,37.5831,127.0009,16시,1172.0
0,20170615.0,목,창경궁로(서울여자대학교),A-06,유입,성균관대입구->원남동사거리,17274.0,37.5831,127.0009,17시,1104.0
0,20170615.0,목,창경궁로(서울여자대학교),A-06,유입,성균관대입구->원남동사거리,17274.0,37.5831,127.0009,18시,986.0
0,20170615.0,목,창경궁로(서울여자대학교),A-06,유입,성균관대입구->원남동사거리,17274.0,37.5831,127.0009,19시,897.0
0,20170615.0,목,창경궁로(서울여자대학교),A-06,유입,성균관대입구->원남동사거리,17274.0,37.5831,127.0009,20시,944.0
0,20170616.0,금,창경궁로(서울여자대학교),A-06,유입,성균관대입구->원남동사거리,17580.0,37.5831,127.0009,8시,2216.0
0,20170616.0,금,창경궁로(서울여자대학교),A-06,유입,성균관대입구->원남동사거리,17580.0,37.5831,127.0009,9시,1884.0
0,20170616.0,금,창경궁로(서울여자대학교),A-06,유입,성균관대입구->원남동사거리,17580.0,37.5831,127.0009,10시,1492.0
0,20170616.0,금,창경궁로(서울여자대학교),A-06,유입,성균관대입구->원남동사거리,17580.0,37.5831,127.0009,11시,1442.0
0,20170616.0,금,창경궁로(서울여자대학교),A-06,유입,성균관대입구->원남동사거리,17580.0,37.5831,127.0009,12시,1332.0
0,20170616.0,금,창경궁로(서울여자대학교),A-06,유입,성균관대입구->원남동사거리,17580.0,37.5831,127.0009,13시,1317.0
0,20170616.0,금,창경궁로(서울여자대학교),A-06,유입,성균관대입구->원남동사거리,17580.0,37.5831,127.0009,14시,1288.0
0,20170616.0,금,창경궁로(서울여자대학교),A-06,유입,성균관대입구->원남동사거리,17580.0,37.5831,127.0009,15시,1229.0
0,20170616.0,금,창경궁로(서울여자대학교),A-06,유입,성균관대입구->원남동사거리,17580.0,37.5831,127.0009,16시,1339.0
0,20170616.0,금,창경궁로(서울여자대학교),A-06,유입,성균관대입구->원남동사거리,17580.0,37.5831,127.0009,17시,1164.0
0,20170616.0,금,창경궁로(서울여자대학교),A-06,유입,성균관대입구->원남동사거리,17580.0,37.5831,127.0009,18시,1058.0
0,20170616.0,금,창경궁로(서울여자대학교),A-06,유입,성균관대입구->원남동사거리,17580.0,37.5831,127.0009,19시,851.0
0,20170616.0,금,창경궁로(서울여자대학교),A-06,유입,성균관대입구->원남동사거리,17580.0,37.5831,127.0009,20시,968.0
0,20170617.0,토,창경궁로(서울여자대학교),A-06,유입,성균관대입구->원남동사거리,18636.0,37.5831,127.0009,8시,1578.0
0,20170617.0,토,창경궁로(서울여자대학교),A-06,유입,성균관대입구->원남동사거리,18636.0,37.5831,127.0009,9시,1647.0
0,20170617.0,토,창경궁로(서울여자대학교),A-06,유입,성균관대입구->원남동사거리,18636.0,37.5831,127.0009,10시,1580.0
0,20170617.0,토,창경궁로(서울여자대학교),A-06,유입,성균관대입구->원남동사거리,18636.0,37.5831,127.0009,11시,1519.0
0,20170617.0,토,창경궁로(서울여자대학교),A-06,유입,성균관대입구->원남동사거리,18636.0,37.5831,127.0009,12시,1642.0
0,20170617.0,토,창경궁로(서울여자대학교),A-06,유입,성균관대입구->원남동사거리,18636.0,37.5831,127.0009,13시,1543.0
0,20170617.0,토,창경궁로(서울여자대학교),A-06,유입,성균관대입구->원남동사거리,18636.0,37.5831,127.0009,14시,1524.0
0,20170617.0,토,창경궁로(서울여자대학교),A-06,유입,성균관대입구->원남동사거리,18636.0,37.5831,127.0009,15시,1416.0
0,20170617.0,토,창경궁로(서울여자대학교),A-06,유입,성균관대입구->원남동사거리,18636.0,37.5831,127.0009,16시,1480.0
0,20170617.0,토,창경궁로(서울여자대학교),A-06,유입,성균관대입구->원남동사거리,18636.0,37.5831,127.0009,17시,1318.0
0,20170617.0,토,창경궁로(서울여자대학교),A-06,유입,성균관대입구->원남동사거리,18636.0,37.5831,127.0009,18시,1225.0
0,20170617.0,토,창경궁로(서울여자대학교),A-06,유입,성균관대입구->원남동사거리,18636.0,37.5831,127.0009,19시,1037.0
0,20170617.0,토,창경궁로(서울여자대학교),A-06,유입,성균관대입구->원남동사거리,18636.0,37.5831,127.0009,20시,1127.0
0,20170618.0,일,창경궁로(서울여자대학교),A-06,유입,성균관대입구->원남동사거리,16213.0,37.5831,127.0009,8시,1100.0
0,20170618.0,일,창경궁로(서울여자대학교),A-06,유입,성균관대입구->원남동사거리,16213.0,37.5831,127.0009,9시,1309.0
0,20170618.0,일,창경궁로(서울여자대학교),A-06,유입,성균관대입구->원남동사거리,16213.0,37.5831,127.0009,10시,1375.0
0,20170618.0,일,창경궁로(서울여자대학교),A-06,유입,성균관대입구->원남동사거리,16213.0,37.5831,127.0009,11시,1339.0
0,20170618.0,일,창경궁로(서울여자대학교),A-06,유입,성균관대입구->원남동사거리,16213.0,37.5831,127.0009,12시,1331.0
0,20170618.0,일,창경궁로(서울여자대학교),A-06,유입,성균관대입구->원남동사거리,16213.0,37.5831,127.0009,13시,1412.0
0,20170618.0,일,창경궁로(서울여자대학교),A-06,유입,성균관대입구->원남동사거리,16213.0,37.5831,127.0009,14시,1370.0
0,20170618.0,일,창경궁로(서울여자대학교),A-06,유입,성균관대입구->원남동사거리,16213.0,37.5831,127.0009,15시,1297.0
0,20170618.0,일,창경궁로(서울여자대학교),A-06,유입,성균관대입구->원남동사거리,16213.0,37.5831,127.0009,16시,1254.0
0,20170618.0,일,창경궁로(서울여자대학교),A-06,유입,성균관대입구->원남동사거리,16213.0,37.5831,127.0009,17시,1194.0
0,20170618.0,일,창경궁로(서울여자대학교),A-06,유입,성균관대입구->원남동사거리,16213.0,37.5831,127.0009,18시,1133.0
0,20170618.0,일,창경궁로(서울여자대학교),A-06,유입,성균관대입구->원남동사거리,16213.0,37.5831,127.0009,19시,1037.0
0,20170618.0,일,창경궁로(서울여자대학교),A-06,유입,성균관대입구->원남동사거리,16213.0,37.5831,127.0009,20시,1062.0
0,20170619.0,월,창경궁로(서울여자대학교),A-06,유입,성균관대입구->원남동사거리,17386.0,37.5831,127.0009,8시,2398.0
0,20170619.0,월,창경궁로(서울여자대학교),A-06,유입,성균관대입구->원남동사거리,17386.0,37.5831,127.0009,9시,1786.0
0,20170619.0,월,창경궁로(서울여자대학교),A-06,유입,성균관대입구->원남동사거리,17386.0,37.5831,127.0009,10시,1500.0
0,20170619.0,월,창경궁로(서울여자대학교),A-06,유입,성균관대입구->원남동사거리,17386.0,37.5831,127.0009,11시,1409.0
0,20170619.0,월,창경궁로(서울여자대학교),A-06,유입,성균관대입구->원남동사거리,17386.0,37.5831,127.0009,12시,1242.0
0,20170619.0,월,창경궁로(서울여자대학교),A-06,유입,성균관대입구->원남동사거리,17386.0,37.5831,127.0009,13시,1293.0
0,20170619.0,월,창경궁로(서울여자대학교),A-06,유입,성균관대입구->원남동사거리,17386.0,37.5831,127.0009,14시,1284.0
0,20170619.0,월,창경궁로(서울여자대학교),A-06,유입,성균관대입구->원남동사거리,17386.0,37.5831,127.0009,15시,1267.0
0,20170619.0,월,창경궁로(서울여자대학교),A-06,유입,성균관대입구->원남동사거리,17386.0,37.5831,127.0009,16시,1211.0
0,20170619.0,월,창경궁로(서울여자대학교),A-06,유입,성균관대입구->원남동사거리,17386.0,37.5831,127.0009,17시,1178.0
0,20170619.0,월,창경궁로(서울여자대학교),A-06,유입,성균관대입구->원남동사거리,17386.0,37.5831,127.0009,18시,1015.0
0,20170619.0,월,창경궁로(서울여자대학교),A-06,유입,성균관대입구->원남동사거리,17386.0,37.5831,127.0009,19시,854.0
0,20170619.0,월,창경궁로(서울여자대학교),A-06,유입,성균관대입구->원남동사거리,17386.0,37.5831,127.0009,20시,949.0
0,20170620.0,화,창경궁로(서울여자대학교),A-06,유입,성균관대입구->원남동사거리,17159.0,37.5831,127.0009,8시,2335.0
0,20170620.0,화,창경궁로(서울여자대학교),A-06,유입,성균관대입구->원남동사거리,17159.0,37.5831,127.0009,9시,1874.0
0,20170620.0,화,창경궁로(서울여자대학교),A-06,유입,성균관대입구->원남동사거리,17159.0,37.5831,127.0009,10시,1554.0
0,20170620.0,화,창경궁로(서울여자대학교),A-06,유입,성균관대입구->원남동사거리,17159.0,37.5831,127.0009,11시,1453.0
0,20170620.0,화,창경궁로(서울여자대학교),A-06,유입,성균관대입구->원남동사거리,17159.0,37.5831,127.0009,12시,1317.0
0,20170620.0,화,창경궁로(서울여자대학교),A-06,유입,성균관대입구->원남동사거리,17159.0,37.5831,127.0009,13시,1307.0
0,20170620.0,화,창경궁로(서울여자대학교),A-06,유입,성균관대입구->원남동사거리,17159.0,37.5831,127.0009,14시,1320.0
0,20170620.0,화,창경궁로(서울여자대학교),A-06,유입,성균관대입구->원남동사거리,17159.0,37.5831,127.0009,15시,1214.0
0,20170620.0,화,창경궁로(서울여자대학교),A-06,유입,성균관대입구->원남동사거리,17159.0,37.5831,127.0009,16시,1088.0
0,20170620.0,화,창경궁로(서울여자대학교),A-06,유입,성균관대입구->원남동사거리,17159.0,37.5831,127.0009,17시,954.0
0,20170620.0,화,창경궁로(서울여자대학교),A-06,유입,성균관대입구->원남동사거리,17159.0,37.5831,127.0009,18시,959.0
0,20170620.0,화,창경궁로(서울여자대학교),A-06,유입,성균관대입구->원남동사거리,17159.0,37.5831,127.0009,19시,839.0
0,20170620.0,화,창경궁로(서울여자대학교),A-06,유입,성균관대입구->원남동사거리,17159.0,37.5831,127.0009,20시,945.0
0,20170621.0,수,창경궁로(서울여자대학교),A-06,유입,성균관대입구->원남동사거리,17567.0,37.5831,127.0009,8시,2198.0
0,20170621.0,수,창경궁로(서울여자대학교),A-06,유입,성균관대입구->원남동사거리,17567.0,37.5831,127.0009,9시,1849.0
0,20170621.0,수,창경궁로(서울여자대학교),A-06,유입,성균관대입구->원남동사거리,17567.0,37.5831,127.0009,10시,1546.0
0,20170621.0,수,창경궁로(서울여자대학교),A-06,유입,성균관대입구->원남동사거리,17567.0,37.5831,127.0009,11시,1398.0
0,20170621.0,수,창경궁로(서울여자대학교),A-06,유입,성균관대입구->원남동사거리,17567.0,37.5831,127.0009,12시,1344.0
0,20170621.0,수,창경궁로(서울여자대학교),A-06,유입,성균관대입구->원남동사거리,17567.0,37.5831,127.0009,13시,1304.0
0,20170621.0,수,창경궁로(서울여자대학교),A-06,유입,성균관대입구->원남동사거리,17567.0,37.5831,127.0009,14시,1283.0
0,20170621.0,수,창경궁로(서울여자대학교),A-06,유입,성균관대입구->원남동사거리,17567.0,37.5831,127.0009,15시,1257.0
0,20170621.0,수,창경궁로(서울여자대학교),A-06,유입,성균관대입구->원남동사거리,17567.0,37.5831,127.0009,16시,1202.0
0,20170621.0,수,창경궁로(서울여자대학교),A-06,유입,성균관대입구->원남동사거리,17567.0,37.5831,127.0009,17시,1167.0
0,20170621.0,수,창경궁로(서울여자대학교),A-06,유입,성균관대입구->원남동사거리,17567.0,37.5831,127.0009,18시,1072.0
0,20170621.0,수,창경궁로(서울여자대학교),A-06,유입,성균관대입구->원남동사거리,17567.0,37.5831,127.0009,19시,926.0
0,20170621.0,수,창경궁로(서울여자대학교),A-06,유입,성균관대입구->원남동사거리,17567.0,37.5831,127.0009,20시,1021.0
0,20170622.0,목,창경궁로(서울여자대학교),A-06,유입,성균관대입구->원남동사거리,17401.0,37.5831,127.0009,8시,2273.0
0,20170622.0,목,창경궁로(서울여자대학교),A-06,유입,성균관대입구->원남동사거리,17401.0,37.5831,127.0009,9시,1825.0
0,20170622.0,목,창경궁로(서울여자대학교),A-06,유입,성균관대입구->원남동사거리,17401.0,37.5831,127.0009,10시,1472.0
0,20170622.0,목,창경궁로(서울여자대학교),A-06,유입,성균관대입구->원남동사거리,17401.0,37.5831,127.0009,11시,1445.0
0,20170622.0,목,창경궁로(서울여자대학교),A-06,유입,성균관대입구->원남동사거리,17401.0,37.5831,127.0009,12시,1307.0
0,20170622.0,목,창경궁로(서울여자대학교),A-06,유입,성균관대입구->원남동사거리,17401.0,37.5831,127.0009,13시,1410.0
0,20170622.0,목,창경궁로(서울여자대학교),A-06,유입,성균관대입구->원남동사거리,17401.0,37.5831,127.0009,14시,1246.0
0,20170622.0,목,창경궁로(서울여자대학교),A-06,유입,성균관대입구->원남동사거리,17401.0,37.5831,127.0009,15시,1176.0
0,20170622.0,목,창경궁로(서울여자대학교),A-06,유입,성균관대입구->원남동사거리,17401.0,37.5831,127.0009,16시,1210.0
0,20170622.0,목,창경궁로(서울여자대학교),A-06,유입,성균관대입구->원남동사거리,17401.0,37.5831,127.0009,17시,1148.0
0,20170622.0,목,창경궁로(서울여자대학교),A-06,유입,성균관대입구->원남동사거리,17401.0,37.5831,127.0009,18시,993.0
0,20170622.0,목,창경궁로(서울여자대학교),A-06,유입,성균관대입구->원남동사거리,17401.0,37.5831,127.0009,19시,925.0
0,20170622.0,목,창경궁로(서울여자대학교),A-06,유입,성균관대입구->원남동사거리,17401.0,37.5831,127.0009,20시,971.0
0,20170623.0,금,창경궁로(서울여자대학교),A-06,유입,성균관대입구->원남동사거리,17842.0,37.5831,127.0009,8시,2267.0
0,20170623.0,금,창경궁로(서울여자대학교),A-06,유입,성균관대입구->원남동사거리,17842.0,37.5831,127.0009,9시,1879.0
0,20170623.0,금,창경궁로(서울여자대학교),A-06,유입,성균관대입구->원남동사거리,17842.0,37.5831,127.0009,10시,1636.0
0,20170623.0,금,창경궁로(서울여자대학교),A-06,유입,성균관대입구->원남동사거리,17842.0,37.5831,127.0009,11시,1418.0
0,20170623.0,금,창경궁로(서울여자대학교),A-06,유입,성균관대입구->원남동사거리,17842.0,37.5831,127.0009,12시,1340.0
0,20170623.0,금,창경궁로(서울여자대학교),A-06,유입,성균관대입구->원남동사거리,17842.0,37.5831,127.0009,13시,1340.0
0,20170623.0,금,창경궁로(서울여자대학교),A-06,유입,성균관대입구->원남동사거리,17842.0,37.5831,127.0009,14시,1336.0
0,20170623.0,금,창경궁로(서울여자대학교),A-06,유입,성균관대입구->원남동사거리,17842.0,37.5831,127.0009,15시,1197.0
0,20170623.0,금,창경궁로(서울여자대학교),A-06,유입,성균관대입구->원남동사거리,17842.0,37.5831,127.0009,16시,1270.0
0,20170623.0,금,창경궁로(서울여자대학교),A-06,유입,성균관대입구->원남동사거리,17842.0,37.5831,127.0009,17시,1120.0
0,20170623.0,금,창경궁로(서울여자대학교),A-06,유입,성균관대입구->원남동사거리,17842.0,37.5831,127.0009,18시,1052.0
0,20170623.0,금,창경궁로(서울여자대학교),A-06,유입,성균관대입구->원남동사거리,17842.0,37.5831,127.0009,19시,951.0
0,20170623.0,금,창경궁로(서울여자대학교),A-06,유입,성균관대입구->원남동사거리,17842.0,37.5831,127.0009,20시,1036.0
0,20170624.0,토,창경궁로(서울여자대학교),A-06,유입,성균관대입구->원남동사거리,18571.0,37.5831,127.0009,8시,1614.0
0,20170624.0,토,창경궁로(서울여자대학교),A-06,유입,성균관대입구->원남동사거리,18571.0,37.5831,127.0009,9시,1576.0
0,20170624.0,토,창경궁로(서울여자대학교),A-06,유입,성균관대입구->원남동사거리,18571.0,37.5831,127.0009,10시,1607.0
0,20170624.0,토,창경궁로(서울여자대학교),A-06,유입,성균관대입구->원남동사거리,18571.0,37.5831,127.0009,11시,1597.0
0,20170624.0,토,창경궁로(서울여자대학교),A-06,유입,성균관대입구->원남동사거리,18571.0,37.5831,127.0009,12시,1659.0
0,20170624.0,토,창경궁로(서울여자대학교),A-06,유입,성균관대입구->원남동사거리,18571.0,37.5831,127.0009,13시,1546.0
0,20170624.0,토,창경궁로(서울여자대학교),A-06,유입,성균관대입구->원남동사거리,18571.0,37.5831,127.0009,14시,1499.0
0,20170624.0,토,창경궁로(서울여자대학교),A-06,유입,성균관대입구->원남동사거리,18571.0,37.5831,127.0009,15시,1436.0
0,20170624.0,토,창경궁로(서울여자대학교),A-06,유입,성균관대입구->원남동사거리,18571.0,37.5831,127.0009,16시,1415.0
0,20170624.0,토,창경궁로(서울여자대학교),A-06,유입,성균관대입구->원남동사거리,18571.0,37.5831,127.0009,17시,1279.0
0,20170624.0,토,창경궁로(서울여자대학교),A-06,유입,성균관대입구->원남동사거리,18571.0,37.5831,127.0009,18시,1221.0
0,20170624.0,토,창경궁로(서울여자대학교),A-06,유입,성균관대입구->원남동사거리,18571.0,37.5831,127.0009,19시,1048.0
0,20170624.0,토,창경궁로(서울여자대학교),A-06,유입,성균관대입구->원남동사거리,18571.0,37.5831,127.0009,20시,1074.0
0,20170625.0,일,창경궁로(서울여자대학교),A-06,유입,성균관대입구->원남동사거리,16744.0,37.5831,127.0009,8시,1124.0
0,20170625.0,일,창경궁로(서울여자대학교),A-06,유입,성균관대입구->원남동사거리,16744.0,37.5831,127.0009,9시,1297.0
0,20170625.0,일,창경궁로(서울여자대학교),A-06,유입,성균관대입구->원남동사거리,16744.0,37.5831,127.0009,10시,1396.0
0,20170625.0,일,창경궁로(서울여자대학교),A-06,유입,성균관대입구->원남동사거리,16744.0,37.5831,127.0009,11시,1343.0
0,20170625.0,일,창경궁로(서울여자대학교),A-06,유입,성균관대입구->원남동사거리,16744.0,37.5831,127.0009,12시,1369.0
0,20170625.0,일,창경궁로(서울여자대학교),A-06,유입,성균관대입구->원남동사거리,16744.0,37.5831,127.0009,13시,1435.0
0,20170625.0,일,창경궁로(서울여자대학교),A-06,유입,성균관대입구->원남동사거리,16744.0,37.5831,127.0009,14시,1430.0
0,20170625.0,일,창경궁로(서울여자대학교),A-06,유입,성균관대입구->원남동사거리,16744.0,37.5831,127.0009,15시,1357.0
0,20170625.0,일,창경궁로(서울여자대학교),A-06,유입,성균관대입구->원남동사거리,16744.0,37.5831,127.0009,16시,1337.0
0,20170625.0,일,창경궁로(서울여자대학교),A-06,유입,성균관대입구->원남동사거리,16744.0,37.5831,127.0009,17시,1383.0
0,20170625.0,일,창경궁로(서울여자대학교),A-06,유입,성균관대입구->원남동사거리,16744.0,37.5831,127.0009,18시,1133.0
0,20170625.0,일,창경궁로(서울여자대학교),A-06,유입,성균관대입구->원남동사거리,16744.0,37.5831,127.0009,19시,1049.0
0,20170625.0,일,창경궁로(서울여자대학교),A-06,유입,성균관대입구->원남동사거리,16744.0,37.5831,127.0009,20시,1091.0
0,20170626.0,월,창경궁로(서울여자대학교),A-06,유입,성균관대입구->원남동사거리,16908.0,37.5831,127.0009,8시,2132.0
0,20170626.0,월,창경궁로(서울여자대학교),A-06,유입,성균관대입구->원남동사거리,16908.0,37.5831,127.0009,9시,1778.0
0,20170626.0,월,창경궁로(서울여자대학교),A-06,유입,성균관대입구->원남동사거리,16908.0,37.5831,127.0009,10시,1574.0
0,20170626.0,월,창경궁로(서울여자대학교),A-06,유입,성균관대입구->원남동사거리,16908.0,37.5831,127.0009,11시,1371.0
0,20170626.0,월,창경궁로(서울여자대학교),A-06,유입,성균관대입구->원남동사거리,16908.0,37.5831,127.0009,12시,1312.0
0,20170626.0,월,창경궁로(서울여자대학교),A-06,유입,성균관대입구->원남동사거리,16908.0,37.5831,127.0009,13시,1307.0
0,20170626.0,월,창경궁로(서울여자대학교),A-06,유입,성균관대입구->원남동사거리,16908.0,37.5831,127.0009,14시,1254.0
0,20170626.0,월,창경궁로(서울여자대학교),A-06,유입,성균관대입구->원남동사거리,16908.0,37.5831,127.0009,15시,1247.0
0,20170626.0,월,창경궁로(서울여자대학교),A-06,유입,성균관대입구->원남동사거리,16908.0,37.5831,127.0009,16시,1235.0
0,20170626.0,월,창경궁로(서울여자대학교),A-06,유입,성균관대입구->원남동사거리,16908.0,37.5831,127.0009,17시,1096.0
0,20170626.0,월,창경궁로(서울여자대학교),A-06,유입,성균관대입구->원남동사거리,16908.0,37.5831,127.0009,18시,970.0
0,20170626.0,월,창경궁로(서울여자대학교),A-06,유입,성균관대입구->원남동사거리,16908.0,37.5831,127.0009,19시,776.0
0,20170626.0,월,창경궁로(서울여자대학교),A-06,유입,성균관대입구->원남동사거리,16908.0,37.5831,127.0009,20시,856.0
0,20170627.0,화,창경궁로(서울여자대학교),A-06,유입,성균관대입구->원남동사거리,17214.0,37.5831,127.0009,8시,2285.0
0,20170627.0,화,창경궁로(서울여자대학교),A-06,유입,성균관대입구->원남동사거리,17214.0,37.5831,127.0009,9시,1848.0
0,20170627.0,화,창경궁로(서울여자대학교),A-06,유입,성균관대입구->원남동사거리,17214.0,37.5831,127.0009,10시,1590.0
0,20170627.0,화,창경궁로(서울여자대학교),A-06,유입,성균관대입구->원남동사거리,17214.0,37.5831,127.0009,11시,1277.0
0,20170627.0,화,창경궁로(서울여자대학교),A-06,유입,성균관대입구->원남동사거리,17214.0,37.5831,127.0009,12시,1321.0
0,20170627.0,화,창경궁로(서울여자대학교),A-06,유입,성균관대입구->원남동사거리,17214.0,37.5831,127.0009,13시,1248.0
0,20170627.0,화,창경궁로(서울여자대학교),A-06,유입,성균관대입구->원남동사거리,17214.0,37.5831,127.0009,14시,1278.0
0,20170627.0,화,창경궁로(서울여자대학교),A-06,유입,성균관대입구->원남동사거리,17214.0,37.5831,127.0009,15시,1145.0
0,20170627.0,화,창경궁로(서울여자대학교),A-06,유입,성균관대입구->원남동사거리,17214.0,37.5831,127.0009,16시,1169.0
0,20170627.0,화,창경궁로(서울여자대학교),A-06,유입,성균관대입구->원남동사거리,17214.0,37.5831,127.0009,17시,1185.0
0,20170627.0,화,창경궁로(서울여자대학교),A-06,유입,성균관대입구->원남동사거리,17214.0,37.5831,127.0009,18시,1059.0
0,20170627.0,화,창경궁로(서울여자대학교),A-06,유입,성균관대입구->원남동사거리,17214.0,37.5831,127.0009,19시,894.0
0,20170627.0,화,창경궁로(서울여자대학교),A-06,유입,성균관대입구->원남동사거리,17214.0,37.5831,127.0009,20시,915.0
0,20170628.0,수,창경궁로(서울여자대학교),A-06,유입,성균관대입구->원남동사거리,17405.0,37.5831,127.0009,8시,2384.0
0,20170628.0,수,창경궁로(서울여자대학교),A-06,유입,성균관대입구->원남동사거리,17405.0,37.5831,127.0009,9시,1930.0
0,20170628.0,수,창경궁로(서울여자대학교),A-06,유입,성균관대입구->원남동사거리,17405.0,37.5831,127.0009,10시,1523.0
0,20170628.0,수,창경궁로(서울여자대학교),A-06,유입,성균관대입구->원남동사거리,17405.0,37.5831,127.0009,11시,1465.0
0,20170628.0,수,창경궁로(서울여자대학교),A-06,유입,성균관대입구->원남동사거리,17405.0,37.5831,127.0009,12시,1355.0
0,20170628.0,수,창경궁로(서울여자대학교),A-06,유입,성균관대입구->원남동사거리,17405.0,37.5831,127.0009,13시,1285.0
0,20170628.0,수,창경궁로(서울여자대학교),A-06,유입,성균관대입구->원남동사거리,17405.0,37.5831,127.0009,14시,1215.0
0,20170628.0,수,창경궁로(서울여자대학교),A-06,유입,성균관대입구->원남동사거리,17405.0,37.5831,127.0009,15시,1171.0
0,20170628.0,수,창경궁로(서울여자대학교),A-06,유입,성균관대입구->원남동사거리,17405.0,37.5831,127.0009,16시,1168.0
0,20170628.0,수,창경궁로(서울여자대학교),A-06,유입,성균관대입구->원남동사거리,17405.0,37.5831,127.0009,17시,1080.0
0,20170628.0,수,창경궁로(서울여자대학교),A-06,유입,성균관대입구->원남동사거리,17405.0,37.5831,127.0009,18시,1040.0
0,20170628.0,수,창경궁로(서울여자대학교),A-06,유입,성균관대입구->원남동사거리,17405.0,37.5831,127.0009,19시,846.0
0,20170628.0,수,창경궁로(서울여자대학교),A-06,유입,성균관대입구->원남동사거리,17405.0,37.5831,127.0009,20시,943.0
0,20170629.0,목,창경궁로(서울여자대학교),A-06,유입,성균관대입구->원남동사거리,17236.0,37.5831,127.0009,8시,2248.0
0,20170629.0,목,창경궁로(서울여자대학교),A-06,유입,성균관대입구->원남동사거리,17236.0,37.5831,127.0009,9시,1828.0
0,20170629.0,목,창경궁로(서울여자대학교),A-06,유입,성균관대입구->원남동사거리,17236.0,37.5831,127.0009,10시,1583.0
0,20170629.0,목,창경궁로(서울여자대학교),A-06,유입,성균관대입구->원남동사거리,17236.0,37.5831,127.0009,11시,1434.0
0,20170629.0,목,창경궁로(서울여자대학교),A-06,유입,성균관대입구->원남동사거리,17236.0,37.5831,127.0009,12시,1340.0
0,20170629.0,목,창경궁로(서울여자대학교),A-06,유입,성균관대입구->원남동사거리,17236.0,37.5831,127.0009,13시,1372.0
0,20170629.0,목,창경궁로(서울여자대학교),A-06,유입,성균관대입구->원남동사거리,17236.0,37.5831,127.0009,14시,1304.0
0,20170629.0,목,창경궁로(서울여자대학교),A-06,유입,성균관대입구->원남동사거리,17236.0,37.5831,127.0009,15시,1197.0
0,20170629.0,목,창경궁로(서울여자대학교),A-06,유입,성균관대입구->원남동사거리,17236.0,37.5831,127.0009,16시,1109.0
0,20170629.0,목,창경궁로(서울여자대학교),A-06,유입,성균관대입구->원남동사거리,17236.0,37.5831,127.0009,17시,1128.0
0,20170629.0,목,창경궁로(서울여자대학교),A-06,유입,성균관대입구->원남동사거리,17236.0,37.5831,127.0009,18시,952.0
0,20170629.0,목,창경궁로(서울여자대학교),A-06,유입,성균관대입구->원남동사거리,17236.0,37.5831,127.0009,19시,831.0
0,20170629.0,목,창경궁로(서울여자대학교),A-06,유입,성균관대입구->원남동사거리,17236.0,37.5831,127.0009,20시,910.0
0,20170630.0,금,창경궁로(서울여자대학교),A-06,유입,성균관대입구->원남동사거리,16844.0,37.5831,127.0009,8시,2308.0
0,20170630.0,금,창경궁로(서울여자대학교),A-06,유입,성균관대입구->원남동사거리,16844.0,37.5831,127.0009,9시,1895.0
0,20170630.0,금,창경궁로(서울여자대학교),A-06,유입,성균관대입구->원남동사거리,16844.0,37.5831,127.0009,10시,1645.0
0,20170630.0,금,창경궁로(서울여자대학교),A-06,유입,성균관대입구->원남동사거리,16844.0,37.5831,127.0009,11시,1440.0
0,20170630.0,금,창경궁로(서울여자대학교),A-06,유입,성균관대입구->원남동사거리,16844.0,37.5831,127.0009,12시,1397.0
0,20170630.0,금,창경궁로(서울여자대학교),A-06,유입,성균관대입구->원남동사거리,16844.0,37.5831,127.0009,13시,1303.0
0,20170630.0,금,창경궁로(서울여자대학교),A-06,유입,성균관대입구->원남동사거리,16844.0,37.5831,127.0009,14시,1208.0
0,20170630.0,금,창경궁로(서울여자대학교),A-06,유입,성균관대입구->원남동사거리,16844.0,37.5831,127.0009,15시,1009.0
0,20170630.0,금,창경궁로(서울여자대학교),A-06,유입,성균관대입구->원남동사거리,16844.0,37.5831,127.0009,16시,998.0
0,20170630.0,금,창경궁로(서울여자대학교),A-06,유입,성균관대입구->원남동사거리,16844.0,37.5831,127.0009,17시,880.0
0,20170630.0,금,창경궁로(서울여자대학교),A-06,유입,성균관대입구->원남동사거리,16844.0,37.5831,127.0009,18시,911.0
0,20170630.0,금,창경궁로(서울여자대학교),A-06,유입,성균관대입구->원남동사거리,16844.0,37.5831,127.0009,19시,858.0
0,20170630.0,금,창경궁로(서울여자대학교),A-06,유입,성균관대입구->원남동사거리,16844.0,37.5831,127.0009,20시,992.0
0,20170601.0,목,창경궁로(서울여자대학교),A-06,유출,원남동사거리->성균관대입구,11770.0,37.5831,127.0009,8시,640.0
0,20170601.0,목,창경궁로(서울여자대학교),A-06,유출,원남동사거리->성균관대입구,11770.0,37.5831,127.0009,9시,667.0
0,20170601.0,목,창경궁로(서울여자대학교),A-06,유출,원남동사거리->성균관대입구,11770.0,37.5831,127.0009,10시,700.0
0,20170601.0,목,창경궁로(서울여자대학교),A-06,유출,원남동사거리->성균관대입구,11770.0,37.5831,127.0009,11시,814.0
0,20170601.0,목,창경궁로(서울여자대학교),A-06,유출,원남동사거리->성균관대입구,11770.0,37.5831,127.0009,12시,829.0
0,20170601.0,목,창경궁로(서울여자대학교),A-06,유출,원남동사거리->성균관대입구,11770.0,37.5831,127.0009,13시,841.0
0,20170601.0,목,창경궁로(서울여자대학교),A-06,유출,원남동사거리->성균관대입구,11770.0,37.5831,127.0009,14시,876.0
0,20170601.0,목,창경궁로(서울여자대학교),A-06,유출,원남동사거리->성균관대입구,11770.0,37.5831,127.0009,15시,975.0
0,20170601.0,목,창경궁로(서울여자대학교),A-06,유출,원남동사거리->성균관대입구,11770.0,37.5831,127.0009,16시,1060.0
0,20170601.0,목,창경궁로(서울여자대학교),A-06,유출,원남동사거리->성균관대입구,11770.0,37.5831,127.0009,17시,1038.0
0,20170601.0,목,창경궁로(서울여자대학교),A-06,유출,원남동사거리->성균관대입구,11770.0,37.5831,127.0009,18시,1150.0
0,20170601.0,목,창경궁로(서울여자대학교),A-06,유출,원남동사거리->성균관대입구,11770.0,37.5831,127.0009,19시,1156.0
0,20170601.0,목,창경궁로(서울여자대학교),A-06,유출,원남동사거리->성균관대입구,11770.0,37.5831,127.0009,20시,1024.0
0,20170602.0,금,창경궁로(서울여자대학교),A-06,유출,원남동사거리->성균관대입구,11825.0,37.5831,127.0009,8시,659.0
0,20170602.0,금,창경궁로(서울여자대학교),A-06,유출,원남동사거리->성균관대입구,11825.0,37.5831,127.0009,9시,641.0
0,20170602.0,금,창경궁로(서울여자대학교),A-06,유출,원남동사거리->성균관대입구,11825.0,37.5831,127.0009,10시,724.0
0,20170602.0,금,창경궁로(서울여자대학교),A-06,유출,원남동사거리->성균관대입구,11825.0,37.5831,127.0009,11시,797.0
0,20170602.0,금,창경궁로(서울여자대학교),A-06,유출,원남동사거리->성균관대입구,11825.0,37.5831,127.0009,12시,863.0
0,20170602.0,금,창경궁로(서울여자대학교),A-06,유출,원남동사거리->성균관대입구,11825.0,37.5831,127.0009,13시,825.0
0,20170602.0,금,창경궁로(서울여자대학교),A-06,유출,원남동사거리->성균관대입구,11825.0,37.5831,127.0009,14시,946.0
0,20170602.0,금,창경궁로(서울여자대학교),A-06,유출,원남동사거리->성균관대입구,11825.0,37.5831,127.0009,15시,984.0
0,20170602.0,금,창경궁로(서울여자대학교),A-06,유출,원남동사거리->성균관대입구,11825.0,37.5831,127.0009,16시,1046.0
0,20170602.0,금,창경궁로(서울여자대학교),A-06,유출,원남동사거리->성균관대입구,11825.0,37.5831,127.0009,17시,1081.0
0,20170602.0,금,창경궁로(서울여자대학교),A-06,유출,원남동사거리->성균관대입구,11825.0,37.5831,127.0009,18시,1151.0
0,20170602.0,금,창경궁로(서울여자대학교),A-06,유출,원남동사거리->성균관대입구,11825.0,37.5831,127.0009,19시,1016.0
0,20170602.0,금,창경궁로(서울여자대학교),A-06,유출,원남동사거리->성균관대입구,11825.0,37.5831,127.0009,20시,1092.0
0,20170603.0,토,창경궁로(서울여자대학교),A-06,유출,원남동사거리->성균관대입구,11212.0,37.5831,127.0009,8시,571.0
0,20170603.0,토,창경궁로(서울여자대학교),A-06,유출,원남동사거리->성균관대입구,11212.0,37.5831,127.0009,9시,742.0
0,20170603.0,토,창경궁로(서울여자대학교),A-06,유출,원남동사거리->성균관대입구,11212.0,37.5831,127.0009,10시,761.0
0,20170603.0,토,창경궁로(서울여자대학교),A-06,유출,원남동사거리->성균관대입구,11212.0,37.5831,127.0009,11시,715.0
0,20170603.0,토,창경궁로(서울여자대학교),A-06,유출,원남동사거리->성균관대입구,11212.0,37.5831,127.0009,12시,787.0
0,20170603.0,토,창경궁로(서울여자대학교),A-06,유출,원남동사거리->성균관대입구,11212.0,37.5831,127.0009,13시,904.0
0,20170603.0,토,창경궁로(서울여자대학교),A-06,유출,원남동사거리->성균관대입구,11212.0,37.5831,127.0009,14시,932.0
0,20170603.0,토,창경궁로(서울여자대학교),A-06,유출,원남동사거리->성균관대입구,11212.0,37.5831,127.0009,15시,853.0
0,20170603.0,토,창경궁로(서울여자대학교),A-06,유출,원남동사거리->성균관대입구,11212.0,37.5831,127.0009,16시,993.0
0,20170603.0,토,창경궁로(서울여자대학교),A-06,유출,원남동사거리->성균관대입구,11212.0,37.5831,127.0009,17시,1023.0
0,20170603.0,토,창경궁로(서울여자대학교),A-06,유출,원남동사거리->성균관대입구,11212.0,37.5831,127.0009,18시,979.0
0,20170603.0,토,창경궁로(서울여자대학교),A-06,유출,원남동사거리->성균관대입구,11212.0,37.5831,127.0009,19시,957.0
0,20170603.0,토,창경궁로(서울여자대학교),A-06,유출,원남동사거리->성균관대입구,11212.0,37.5831,127.0009,20시,995.0
0,20170604.0,일,창경궁로(서울여자대학교),A-06,유출,원남동사거리->성균관대입구,9457.0,37.5831,127.0009,8시,403.0
0,20170604.0,일,창경궁로(서울여자대학교),A-06,유출,원남동사거리->성균관대입구,9457.0,37.5831,127.0009,9시,508.0
0,20170604.0,일,창경궁로(서울여자대학교),A-06,유출,원남동사거리->성균관대입구,9457.0,37.5831,127.0009,10시,621.0
0,20170604.0,일,창경궁로(서울여자대학교),A-06,유출,원남동사거리->성균관대입구,9457.0,37.5831,127.0009,11시,545.0
0,20170604.0,일,창경궁로(서울여자대학교),A-06,유출,원남동사거리->성균관대입구,9457.0,37.5831,127.0009,12시,674.0
0,20170604.0,일,창경궁로(서울여자대학교),A-06,유출,원남동사거리->성균관대입구,9457.0,37.5831,127.0009,13시,711.0
0,20170604.0,일,창경궁로(서울여자대학교),A-06,유출,원남동사거리->성균관대입구,9457.0,37.5831,127.0009,14시,821.0
0,20170604.0,일,창경궁로(서울여자대학교),A-06,유출,원남동사거리->성균관대입구,9457.0,37.5831,127.0009,15시,786.0
0,20170604.0,일,창경궁로(서울여자대학교),A-06,유출,원남동사거리->성균관대입구,9457.0,37.5831,127.0009,16시,921.0
0,20170604.0,일,창경궁로(서울여자대학교),A-06,유출,원남동사거리->성균관대입구,9457.0,37.5831,127.0009,17시,953.0
0,20170604.0,일,창경궁로(서울여자대학교),A-06,유출,원남동사거리->성균관대입구,9457.0,37.5831,127.0009,18시,924.0
0,20170604.0,일,창경궁로(서울여자대학교),A-06,유출,원남동사거리->성균관대입구,9457.0,37.5831,127.0009,19시,797.0
0,20170604.0,일,창경궁로(서울여자대학교),A-06,유출,원남동사거리->성균관대입구,9457.0,37.5831,127.0009,20시,793.0
0,20170605.0,월,창경궁로(서울여자대학교),A-06,유출,원남동사거리->성균관대입구,11866.0,37.5831,127.0009,8시,608.0
0,20170605.0,월,창경궁로(서울여자대학교),A-06,유출,원남동사거리->성균관대입구,11866.0,37.5831,127.0009,9시,721.0
0,20170605.0,월,창경궁로(서울여자대학교),A-06,유출,원남동사거리->성균관대입구,11866.0,37.5831,127.0009,10시,801.0
0,20170605.0,월,창경궁로(서울여자대학교),A-06,유출,원남동사거리->성균관대입구,11866.0,37.5831,127.0009,11시,831.0
0,20170605.0,월,창경궁로(서울여자대학교),A-06,유출,원남동사거리->성균관대입구,11866.0,37.5831,127.0009,12시,841.0
0,20170605.0,월,창경궁로(서울여자대학교),A-06,유출,원남동사거리->성균관대입구,11866.0,37.5831,127.0009,13시,863.0
0,20170605.0,월,창경궁로(서울여자대학교),A-06,유출,원남동사거리->성균관대입구,11866.0,37.5831,127.0009,14시,931.0
0,20170605.0,월,창경궁로(서울여자대학교),A-06,유출,원남동사거리->성균관대입구,11866.0,37.5831,127.0009,15시,992.0
0,20170605.0,월,창경궁로(서울여자대학교),A-06,유출,원남동사거리->성균관대입구,11866.0,37.5831,127.0009,16시,1050.0
0,20170605.0,월,창경궁로(서울여자대학교),A-06,유출,원남동사거리->성균관대입구,11866.0,37.5831,127.0009,17시,1024.0
0,20170605.0,월,창경궁로(서울여자대학교),A-06,유출,원남동사거리->성균관대입구,11866.0,37.5831,127.0009,18시,1124.0
0,20170605.0,월,창경궁로(서울여자대학교),A-06,유출,원남동사거리->성균관대입구,11866.0,37.5831,127.0009,19시,1045.0
0,20170605.0,월,창경궁로(서울여자대학교),A-06,유출,원남동사거리->성균관대입구,11866.0,37.5831,127.0009,20시,1035.0
0,20170606.0,화,창경궁로(서울여자대학교),A-06,유출,원남동사거리->성균관대입구,10008.0,37.5831,127.0009,8시,447.0
0,20170606.0,화,창경궁로(서울여자대학교),A-06,유출,원남동사거리->성균관대입구,10008.0,37.5831,127.0009,9시,504.0
0,20170606.0,화,창경궁로(서울여자대학교),A-06,유출,원남동사거리->성균관대입구,10008.0,37.5831,127.0009,10시,593.0
0,20170606.0,화,창경궁로(서울여자대학교),A-06,유출,원남동사거리->성균관대입구,10008.0,37.5831,127.0009,11시,634.0
0,20170606.0,화,창경궁로(서울여자대학교),A-06,유출,원남동사거리->성균관대입구,10008.0,37.5831,127.0009,12시,708.0
0,20170606.0,화,창경궁로(서울여자대학교),A-06,유출,원남동사거리->성균관대입구,10008.0,37.5831,127.0009,13시,794.0
0,20170606.0,화,창경궁로(서울여자대학교),A-06,유출,원남동사거리->성균관대입구,10008.0,37.5831,127.0009,14시,939.0
0,20170606.0,화,창경궁로(서울여자대학교),A-06,유출,원남동사거리->성균관대입구,10008.0,37.5831,127.0009,15시,904.0
0,20170606.0,화,창경궁로(서울여자대학교),A-06,유출,원남동사거리->성균관대입구,10008.0,37.5831,127.0009,16시,1000.0
0,20170606.0,화,창경궁로(서울여자대학교),A-06,유출,원남동사거리->성균관대입구,10008.0,37.5831,127.0009,17시,968.0
0,20170606.0,화,창경궁로(서울여자대학교),A-06,유출,원남동사거리->성균관대입구,10008.0,37.5831,127.0009,18시,958.0
0,20170606.0,화,창경궁로(서울여자대학교),A-06,유출,원남동사거리->성균관대입구,10008.0,37.5831,127.0009,19시,821.0
0,20170606.0,화,창경궁로(서울여자대학교),A-06,유출,원남동사거리->성균관대입구,10008.0,37.5831,127.0009,20시,738.0
0,20170607.0,수,창경궁로(서울여자대학교),A-06,유출,원남동사거리->성균관대입구,11591.0,37.5831,127.0009,8시,628.0
0,20170607.0,수,창경궁로(서울여자대학교),A-06,유출,원남동사거리->성균관대입구,11591.0,37.5831,127.0009,9시,613.0
0,20170607.0,수,창경궁로(서울여자대학교),A-06,유출,원남동사거리->성균관대입구,11591.0,37.5831,127.0009,10시,650.0
0,20170607.0,수,창경궁로(서울여자대학교),A-06,유출,원남동사거리->성균관대입구,11591.0,37.5831,127.0009,11시,796.0
0,20170607.0,수,창경궁로(서울여자대학교),A-06,유출,원남동사거리->성균관대입구,11591.0,37.5831,127.0009,12시,840.0
0,20170607.0,수,창경궁로(서울여자대학교),A-06,유출,원남동사거리->성균관대입구,11591.0,37.5831,127.0009,13시,843.0
0,20170607.0,수,창경궁로(서울여자대학교),A-06,유출,원남동사거리->성균관대입구,11591.0,37.5831,127.0009,14시,925.0
0,20170607.0,수,창경궁로(서울여자대학교),A-06,유출,원남동사거리->성균관대입구,11591.0,37.5831,127.0009,15시,1032.0
0,20170607.0,수,창경궁로(서울여자대학교),A-06,유출,원남동사거리->성균관대입구,11591.0,37.5831,127.0009,16시,978.0
0,20170607.0,수,창경궁로(서울여자대학교),A-06,유출,원남동사거리->성균관대입구,11591.0,37.5831,127.0009,17시,1045.0
0,20170607.0,수,창경궁로(서울여자대학교),A-06,유출,원남동사거리->성균관대입구,11591.0,37.5831,127.0009,18시,1154.0
0,20170607.0,수,창경궁로(서울여자대학교),A-06,유출,원남동사거리->성균관대입구,11591.0,37.5831,127.0009,19시,1131.0
0,20170607.0,수,창경궁로(서울여자대학교),A-06,유출,원남동사거리->성균관대입구,11591.0,37.5831,127.0009,20시,956.0
0,20170608.0,목,창경궁로(서울여자대학교),A-06,유출,원남동사거리->성균관대입구,11545.0,37.5831,127.0009,8시,603.0
0,20170608.0,목,창경궁로(서울여자대학교),A-06,유출,원남동사거리->성균관대입구,11545.0,37.5831,127.0009,9시,661.0
0,20170608.0,목,창경궁로(서울여자대학교),A-06,유출,원남동사거리->성균관대입구,11545.0,37.5831,127.0009,10시,737.0
0,20170608.0,목,창경궁로(서울여자대학교),A-06,유출,원남동사거리->성균관대입구,11545.0,37.5831,127.0009,11시,837.0
0,20170608.0,목,창경궁로(서울여자대학교),A-06,유출,원남동사거리->성균관대입구,11545.0,37.5831,127.0009,12시,816.0
0,20170608.0,목,창경궁로(서울여자대학교),A-06,유출,원남동사거리->성균관대입구,11545.0,37.5831,127.0009,13시,750.0
0,20170608.0,목,창경궁로(서울여자대학교),A-06,유출,원남동사거리->성균관대입구,11545.0,37.5831,127.0009,14시,884.0
0,20170608.0,목,창경궁로(서울여자대학교),A-06,유출,원남동사거리->성균관대입구,11545.0,37.5831,127.0009,15시,917.0
0,20170608.0,목,창경궁로(서울여자대학교),A-06,유출,원남동사거리->성균관대입구,11545.0,37.5831,127.0009,16시,1022.0
0,20170608.0,목,창경궁로(서울여자대학교),A-06,유출,원남동사거리->성균관대입구,11545.0,37.5831,127.0009,17시,1055.0
0,20170608.0,목,창경궁로(서울여자대학교),A-06,유출,원남동사거리->성균관대입구,11545.0,37.5831,127.0009,18시,1177.0
0,20170608.0,목,창경궁로(서울여자대학교),A-06,유출,원남동사거리->성균관대입구,11545.0,37.5831,127.0009,19시,1121.0
0,20170608.0,목,창경궁로(서울여자대학교),A-06,유출,원남동사거리->성균관대입구,11545.0,37.5831,127.0009,20시,965.0
0,20170609.0,금,창경궁로(서울여자대학교),A-06,유출,원남동사거리->성균관대입구,11911.0,37.5831,127.0009,8시,679.0
0,20170609.0,금,창경궁로(서울여자대학교),A-06,유출,원남동사거리->성균관대입구,11911.0,37.5831,127.0009,9시,623.0
0,20170609.0,금,창경궁로(서울여자대학교),A-06,유출,원남동사거리->성균관대입구,11911.0,37.5831,127.0009,10시,703.0
0,20170609.0,금,창경궁로(서울여자대학교),A-06,유출,원남동사거리->성균관대입구,11911.0,37.5831,127.0009,11시,853.0
0,20170609.0,금,창경궁로(서울여자대학교),A-06,유출,원남동사거리->성균관대입구,11911.0,37.5831,127.0009,12시,840.0
0,20170609.0,금,창경궁로(서울여자대학교),A-06,유출,원남동사거리->성균관대입구,11911.0,37.5831,127.0009,13시,837.0
0,20170609.0,금,창경궁로(서울여자대학교),A-06,유출,원남동사거리->성균관대입구,11911.0,37.5831,127.0009,14시,987.0
0,20170609.0,금,창경궁로(서울여자대학교),A-06,유출,원남동사거리->성균관대입구,11911.0,37.5831,127.0009,15시,951.0
0,20170609.0,금,창경궁로(서울여자대학교),A-06,유출,원남동사거리->성균관대입구,11911.0,37.5831,127.0009,16시,1054.0
0,20170609.0,금,창경궁로(서울여자대학교),A-06,유출,원남동사거리->성균관대입구,11911.0,37.5831,127.0009,17시,1084.0
0,20170609.0,금,창경궁로(서울여자대학교),A-06,유출,원남동사거리->성균관대입구,11911.0,37.5831,127.0009,18시,1097.0
0,20170609.0,금,창경궁로(서울여자대학교),A-06,유출,원남동사거리->성균관대입구,11911.0,37.5831,127.0009,19시,1117.0
0,20170609.0,금,창경궁로(서울여자대학교),A-06,유출,원남동사거리->성균관대입구,11911.0,37.5831,127.0009,20시,1086.0
0,20170611.0,일,창경궁로(서울여자대학교),A-06,유출,원남동사거리->성균관대입구,10162.0,37.5831,127.0009,8시,416.0
0,20170611.0,일,창경궁로(서울여자대학교),A-06,유출,원남동사거리->성균관대입구,10162.0,37.5831,127.0009,9시,554.0
0,20170611.0,일,창경궁로(서울여자대학교),A-06,유출,원남동사거리->성균관대입구,10162.0,37.5831,127.0009,10시,599.0
0,20170611.0,일,창경궁로(서울여자대학교),A-06,유출,원남동사거리->성균관대입구,10162.0,37.5831,127.0009,11시,574.0
0,20170611.0,일,창경궁로(서울여자대학교),A-06,유출,원남동사거리->성균관대입구,10162.0,37.5831,127.0009,12시,710.0
0,20170611.0,일,창경궁로(서울여자대학교),A-06,유출,원남동사거리->성균관대입구,10162.0,37.5831,127.0009,13시,799.0
0,20170611.0,일,창경궁로(서울여자대학교),A-06,유출,원남동사거리->성균관대입구,10162.0,37.5831,127.0009,14시,936.0
0,20170611.0,일,창경궁로(서울여자대학교),A-06,유출,원남동사거리->성균관대입구,10162.0,37.5831,127.0009,15시,904.0
0,20170611.0,일,창경궁로(서울여자대학교),A-06,유출,원남동사거리->성균관대입구,10162.0,37.5831,127.0009,16시,950.0
0,20170611.0,일,창경궁로(서울여자대학교),A-06,유출,원남동사거리->성균관대입구,10162.0,37.5831,127.0009,17시,1063.0
0,20170611.0,일,창경궁로(서울여자대학교),A-06,유출,원남동사거리->성균관대입구,10162.0,37.5831,127.0009,18시,1034.0
0,20170611.0,일,창경궁로(서울여자대학교),A-06,유출,원남동사거리->성균관대입구,10162.0,37.5831,127.0009,19시,765.0
0,20170611.0,일,창경궁로(서울여자대학교),A-06,유출,원남동사거리->성균관대입구,10162.0,37.5831,127.0009,20시,858.0
0,20170612.0,월,창경궁로(서울여자대학교),A-06,유출,원남동사거리->성균관대입구,11581.0,37.5831,127.0009,8시,605.0
0,20170612.0,월,창경궁로(서울여자대학교),A-06,유출,원남동사거리->성균관대입구,11581.0,37.5831,127.0009,9시,612.0
0,20170612.0,월,창경궁로(서울여자대학교),A-06,유출,원남동사거리->성균관대입구,11581.0,37.5831,127.0009,10시,640.0
0,20170612.0,월,창경궁로(서울여자대학교),A-06,유출,원남동사거리->성균관대입구,11581.0,37.5831,127.0009,11시,844.0
0,20170612.0,월,창경궁로(서울여자대학교),A-06,유출,원남동사거리->성균관대입구,11581.0,37.5831,127.0009,12시,846.0
0,20170612.0,월,창경궁로(서울여자대학교),A-06,유출,원남동사거리->성균관대입구,11581.0,37.5831,127.0009,13시,803.0
0,20170612.0,월,창경궁로(서울여자대학교),A-06,유출,원남동사거리->성균관대입구,11581.0,37.5831,127.0009,14시,839.0
0,20170612.0,월,창경궁로(서울여자대학교),A-06,유출,원남동사거리->성균관대입구,11581.0,37.5831,127.0009,15시,997.0
0,20170612.0,월,창경궁로(서울여자대학교),A-06,유출,원남동사거리->성균관대입구,11581.0,37.5831,127.0009,16시,1014.0
0,20170612.0,월,창경궁로(서울여자대학교),A-06,유출,원남동사거리->성균관대입구,11581.0,37.5831,127.0009,17시,1033.0
0,20170612.0,월,창경궁로(서울여자대학교),A-06,유출,원남동사거리->성균관대입구,11581.0,37.5831,127.0009,18시,1185.0
0,20170612.0,월,창경궁로(서울여자대학교),A-06,유출,원남동사거리->성균관대입구,11581.0,37.5831,127.0009,19시,1113.0
0,20170612.0,월,창경궁로(서울여자대학교),A-06,유출,원남동사거리->성균관대입구,11581.0,37.5831,127.0009,20시,1050.0
0,20170613.0,화,창경궁로(서울여자대학교),A-06,유출,원남동사거리->성균관대입구,11853.0,37.5831,127.0009,8시,685.0
0,20170613.0,화,창경궁로(서울여자대학교),A-06,유출,원남동사거리->성균관대입구,11853.0,37.5831,127.0009,9시,628.0
0,20170613.0,화,창경궁로(서울여자대학교),A-06,유출,원남동사거리->성균관대입구,11853.0,37.5831,127.0009,10시,699.0
0,20170613.0,화,창경궁로(서울여자대학교),A-06,유출,원남동사거리->성균관대입구,11853.0,37.5831,127.0009,11시,851.0
0,20170613.0,화,창경궁로(서울여자대학교),A-06,유출,원남동사거리->성균관대입구,11853.0,37.5831,127.0009,12시,847.0
0,20170613.0,화,창경궁로(서울여자대학교),A-06,유출,원남동사거리->성균관대입구,11853.0,37.5831,127.0009,13시,853.0
0,20170613.0,화,창경궁로(서울여자대학교),A-06,유출,원남동사거리->성균관대입구,11853.0,37.5831,127.0009,14시,873.0
0,20170613.0,화,창경궁로(서울여자대학교),A-06,유출,원남동사거리->성균관대입구,11853.0,37.5831,127.0009,15시,1003.0
0,20170613.0,화,창경궁로(서울여자대학교),A-06,유출,원남동사거리->성균관대입구,11853.0,37.5831,127.0009,16시,1025.0
0,20170613.0,화,창경궁로(서울여자대학교),A-06,유출,원남동사거리->성균관대입구,11853.0,37.5831,127.0009,17시,1054.0
0,20170613.0,화,창경궁로(서울여자대학교),A-06,유출,원남동사거리->성균관대입구,11853.0,37.5831,127.0009,18시,1154.0
0,20170613.0,화,창경궁로(서울여자대학교),A-06,유출,원남동사거리->성균관대입구,11853.0,37.5831,127.0009,19시,1185.0
0,20170613.0,화,창경궁로(서울여자대학교),A-06,유출,원남동사거리->성균관대입구,11853.0,37.5831,127.0009,20시,996.0
0,20170614.0,수,창경궁로(서울여자대학교),A-06,유출,원남동사거리->성균관대입구,11575.0,37.5831,127.0009,8시,665.0
0,20170614.0,수,창경궁로(서울여자대학교),A-06,유출,원남동사거리->성균관대입구,11575.0,37.5831,127.0009,9시,602.0
0,20170614.0,수,창경궁로(서울여자대학교),A-06,유출,원남동사거리->성균관대입구,11575.0,37.5831,127.0009,10시,698.0
0,20170614.0,수,창경궁로(서울여자대학교),A-06,유출,원남동사거리->성균관대입구,11575.0,37.5831,127.0009,11시,850.0
0,20170614.0,수,창경궁로(서울여자대학교),A-06,유출,원남동사거리->성균관대입구,11575.0,37.5831,127.0009,12시,831.0
0,20170614.0,수,창경궁로(서울여자대학교),A-06,유출,원남동사거리->성균관대입구,11575.0,37.5831,127.0009,13시,804.0
0,20170614.0,수,창경궁로(서울여자대학교),A-06,유출,원남동사거리->성균관대입구,11575.0,37.5831,127.0009,14시,857.0
0,20170614.0,수,창경궁로(서울여자대학교),A-06,유출,원남동사거리->성균관대입구,11575.0,37.5831,127.0009,15시,983.0
0,20170614.0,수,창경궁로(서울여자대학교),A-06,유출,원남동사거리->성균관대입구,11575.0,37.5831,127.0009,16시,1033.0
0,20170614.0,수,창경궁로(서울여자대학교),A-06,유출,원남동사거리->성균관대입구,11575.0,37.5831,127.0009,17시,1056.0
0,20170614.0,수,창경궁로(서울여자대학교),A-06,유출,원남동사거리->성균관대입구,11575.0,37.5831,127.0009,18시,1151.0
0,20170614.0,수,창경궁로(서울여자대학교),A-06,유출,원남동사거리->성균관대입구,11575.0,37.5831,127.0009,19시,1119.0
0,20170614.0,수,창경궁로(서울여자대학교),A-06,유출,원남동사거리->성균관대입구,11575.0,37.5831,127.0009,20시,926.0
0,20170615.0,목,창경궁로(서울여자대학교),A-06,유출,원남동사거리->성균관대입구,11849.0,37.5831,127.0009,8시,660.0
0,20170615.0,목,창경궁로(서울여자대학교),A-06,유출,원남동사거리->성균관대입구,11849.0,37.5831,127.0009,9시,694.0
0,20170615.0,목,창경궁로(서울여자대학교),A-06,유출,원남동사거리->성균관대입구,11849.0,37.5831,127.0009,10시,772.0
0,20170615.0,목,창경궁로(서울여자대학교),A-06,유출,원남동사거리->성균관대입구,11849.0,37.5831,127.0009,11시,886.0
0,20170615.0,목,창경궁로(서울여자대학교),A-06,유출,원남동사거리->성균관대입구,11849.0,37.5831,127.0009,12시,874.0
0,20170615.0,목,창경궁로(서울여자대학교),A-06,유출,원남동사거리->성균관대입구,11849.0,37.5831,127.0009,13시,729.0
0,20170615.0,목,창경궁로(서울여자대학교),A-06,유출,원남동사거리->성균관대입구,11849.0,37.5831,127.0009,14시,906.0
0,20170615.0,목,창경궁로(서울여자대학교),A-06,유출,원남동사거리->성균관대입구,11849.0,37.5831,127.0009,15시,947.0
0,20170615.0,목,창경궁로(서울여자대학교),A-06,유출,원남동사거리->성균관대입구,11849.0,37.5831,127.0009,16시,1048.0
0,20170615.0,목,창경궁로(서울여자대학교),A-06,유출,원남동사거리->성균관대입구,11849.0,37.5831,127.0009,17시,1040.0
0,20170615.0,목,창경궁로(서울여자대학교),A-06,유출,원남동사거리->성균관대입구,11849.0,37.5831,127.0009,18시,1143.0
0,20170615.0,목,창경궁로(서울여자대학교),A-06,유출,원남동사거리->성균관대입구,11849.0,37.5831,127.0009,19시,1135.0
0,20170615.0,목,창경궁로(서울여자대학교),A-06,유출,원남동사거리->성균관대입구,11849.0,37.5831,127.0009,20시,1015.0
0,20170616.0,금,창경궁로(서울여자대학교),A-06,유출,원남동사거리->성균관대입구,11626.0,37.5831,127.0009,8시,658.0
0,20170616.0,금,창경궁로(서울여자대학교),A-06,유출,원남동사거리->성균관대입구,11626.0,37.5831,127.0009,9시,679.0
0,20170616.0,금,창경궁로(서울여자대학교),A-06,유출,원남동사거리->성균관대입구,11626.0,37.5831,127.0009,10시,768.0
0,20170616.0,금,창경궁로(서울여자대학교),A-06,유출,원남동사거리->성균관대입구,11626.0,37.5831,127.0009,11시,802.0
0,20170616.0,금,창경궁로(서울여자대학교),A-06,유출,원남동사거리->성균관대입구,11626.0,37.5831,127.0009,12시,834.0
0,20170616.0,금,창경궁로(서울여자대학교),A-06,유출,원남동사거리->성균관대입구,11626.0,37.5831,127.0009,13시,790.0
0,20170616.0,금,창경궁로(서울여자대학교),A-06,유출,원남동사거리->성균관대입구,11626.0,37.5831,127.0009,14시,857.0
0,20170616.0,금,창경궁로(서울여자대학교),A-06,유출,원남동사거리->성균관대입구,11626.0,37.5831,127.0009,15시,972.0
0,20170616.0,금,창경궁로(서울여자대학교),A-06,유출,원남동사거리->성균관대입구,11626.0,37.5831,127.0009,16시,944.0
0,20170616.0,금,창경궁로(서울여자대학교),A-06,유출,원남동사거리->성균관대입구,11626.0,37.5831,127.0009,17시,1042.0
0,20170616.0,금,창경궁로(서울여자대학교),A-06,유출,원남동사거리->성균관대입구,11626.0,37.5831,127.0009,18시,1127.0
0,20170616.0,금,창경궁로(서울여자대학교),A-06,유출,원남동사거리->성균관대입구,11626.0,37.5831,127.0009,19시,1126.0
0,20170616.0,금,창경궁로(서울여자대학교),A-06,유출,원남동사거리->성균관대입구,11626.0,37.5831,127.0009,20시,1027.0
0,20170617.0,토,창경궁로(서울여자대학교),A-06,유출,원남동사거리->성균관대입구,11231.0,37.5831,127.0009,8시,614.0
0,20170617.0,토,창경궁로(서울여자대학교),A-06,유출,원남동사거리->성균관대입구,11231.0,37.5831,127.0009,9시,695.0
0,20170617.0,토,창경궁로(서울여자대학교),A-06,유출,원남동사거리->성균관대입구,11231.0,37.5831,127.0009,10시,746.0
0,20170617.0,토,창경궁로(서울여자대학교),A-06,유출,원남동사거리->성균관대입구,11231.0,37.5831,127.0009,11시,727.0
0,20170617.0,토,창경궁로(서울여자대학교),A-06,유출,원남동사거리->성균관대입구,11231.0,37.5831,127.0009,12시,846.0
0,20170617.0,토,창경궁로(서울여자대학교),A-06,유출,원남동사거리->성균관대입구,11231.0,37.5831,127.0009,13시,895.0
0,20170617.0,토,창경궁로(서울여자대학교),A-06,유출,원남동사거리->성균관대입구,11231.0,37.5831,127.0009,14시,962.0
0,20170617.0,토,창경궁로(서울여자대학교),A-06,유출,원남동사거리->성균관대입구,11231.0,37.5831,127.0009,15시,960.0
0,20170617.0,토,창경궁로(서울여자대학교),A-06,유출,원남동사거리->성균관대입구,11231.0,37.5831,127.0009,16시,941.0
0,20170617.0,토,창경궁로(서울여자대학교),A-06,유출,원남동사거리->성균관대입구,11231.0,37.5831,127.0009,17시,989.0
0,20170617.0,토,창경궁로(서울여자대학교),A-06,유출,원남동사거리->성균관대입구,11231.0,37.5831,127.0009,18시,1005.0
0,20170617.0,토,창경궁로(서울여자대학교),A-06,유출,원남동사거리->성균관대입구,11231.0,37.5831,127.0009,19시,910.0
0,20170617.0,토,창경궁로(서울여자대학교),A-06,유출,원남동사거리->성균관대입구,11231.0,37.5831,127.0009,20시,941.0
0,20170618.0,일,창경궁로(서울여자대학교),A-06,유출,원남동사거리->성균관대입구,10143.0,37.5831,127.0009,8시,420.0
0,20170618.0,일,창경궁로(서울여자대학교),A-06,유출,원남동사거리->성균관대입구,10143.0,37.5831,127.0009,9시,532.0
0,20170618.0,일,창경궁로(서울여자대학교),A-06,유출,원남동사거리->성균관대입구,10143.0,37.5831,127.0009,10시,565.0
0,20170618.0,일,창경궁로(서울여자대학교),A-06,유출,원남동사거리->성균관대입구,10143.0,37.5831,127.0009,11시,598.0
0,20170618.0,일,창경궁로(서울여자대학교),A-06,유출,원남동사거리->성균관대입구,10143.0,37.5831,127.0009,12시,772.0
0,20170618.0,일,창경궁로(서울여자대학교),A-06,유출,원남동사거리->성균관대입구,10143.0,37.5831,127.0009,13시,865.0
0,20170618.0,일,창경궁로(서울여자대학교),A-06,유출,원남동사거리->성균관대입구,10143.0,37.5831,127.0009,14시,870.0
0,20170618.0,일,창경궁로(서울여자대학교),A-06,유출,원남동사거리->성균관대입구,10143.0,37.5831,127.0009,15시,977.0
0,20170618.0,일,창경궁로(서울여자대학교),A-06,유출,원남동사거리->성균관대입구,10143.0,37.5831,127.0009,16시,897.0
0,20170618.0,일,창경궁로(서울여자대학교),A-06,유출,원남동사거리->성균관대입구,10143.0,37.5831,127.0009,17시,997.0
0,20170618.0,일,창경궁로(서울여자대학교),A-06,유출,원남동사거리->성균관대입구,10143.0,37.5831,127.0009,18시,963.0
0,20170618.0,일,창경궁로(서울여자대학교),A-06,유출,원남동사거리->성균관대입구,10143.0,37.5831,127.0009,19시,865.0
0,20170618.0,일,창경궁로(서울여자대학교),A-06,유출,원남동사거리->성균관대입구,10143.0,37.5831,127.0009,20시,822.0
0,20170619.0,월,창경궁로(서울여자대학교),A-06,유출,원남동사거리->성균관대입구,11373.0,37.5831,127.0009,8시,610.0
0,20170619.0,월,창경궁로(서울여자대학교),A-06,유출,원남동사거리->성균관대입구,11373.0,37.5831,127.0009,9시,614.0
0,20170619.0,월,창경궁로(서울여자대학교),A-06,유출,원남동사거리->성균관대입구,11373.0,37.5831,127.0009,10시,651.0
0,20170619.0,월,창경궁로(서울여자대학교),A-06,유출,원남동사거리->성균관대입구,11373.0,37.5831,127.0009,11시,848.0
0,20170619.0,월,창경궁로(서울여자대학교),A-06,유출,원남동사거리->성균관대입구,11373.0,37.5831,127.0009,12시,793.0
0,20170619.0,월,창경궁로(서울여자대학교),A-06,유출,원남동사거리->성균관대입구,11373.0,37.5831,127.0009,13시,847.0
0,20170619.0,월,창경궁로(서울여자대학교),A-06,유출,원남동사거리->성균관대입구,11373.0,37.5831,127.0009,14시,862.0
0,20170619.0,월,창경궁로(서울여자대학교),A-06,유출,원남동사거리->성균관대입구,11373.0,37.5831,127.0009,15시,962.0
0,20170619.0,월,창경궁로(서울여자대학교),A-06,유출,원남동사거리->성균관대입구,11373.0,37.5831,127.0009,16시,971.0
0,20170619.0,월,창경궁로(서울여자대학교),A-06,유출,원남동사거리->성균관대입구,11373.0,37.5831,127.0009,17시,1035.0
0,20170619.0,월,창경궁로(서울여자대학교),A-06,유출,원남동사거리->성균관대입구,11373.0,37.5831,127.0009,18시,1116.0
0,20170619.0,월,창경궁로(서울여자대학교),A-06,유출,원남동사거리->성균관대입구,11373.0,37.5831,127.0009,19시,1119.0
0,20170619.0,월,창경궁로(서울여자대학교),A-06,유출,원남동사거리->성균관대입구,11373.0,37.5831,127.0009,20시,945.0
0,20170620.0,화,창경궁로(서울여자대학교),A-06,유출,원남동사거리->성균관대입구,11383.0,37.5831,127.0009,8시,648.0
0,20170620.0,화,창경궁로(서울여자대학교),A-06,유출,원남동사거리->성균관대입구,11383.0,37.5831,127.0009,9시,626.0
0,20170620.0,화,창경궁로(서울여자대학교),A-06,유출,원남동사거리->성균관대입구,11383.0,37.5831,127.0009,10시,650.0
0,20170620.0,화,창경궁로(서울여자대학교),A-06,유출,원남동사거리->성균관대입구,11383.0,37.5831,127.0009,11시,806.0
0,20170620.0,화,창경궁로(서울여자대학교),A-06,유출,원남동사거리->성균관대입구,11383.0,37.5831,127.0009,12시,829.0
0,20170620.0,화,창경궁로(서울여자대학교),A-06,유출,원남동사거리->성균관대입구,11383.0,37.5831,127.0009,13시,774.0
0,20170620.0,화,창경궁로(서울여자대학교),A-06,유출,원남동사거리->성균관대입구,11383.0,37.5831,127.0009,14시,846.0
0,20170620.0,화,창경궁로(서울여자대학교),A-06,유출,원남동사거리->성균관대입구,11383.0,37.5831,127.0009,15시,910.0
0,20170620.0,화,창경궁로(서울여자대학교),A-06,유출,원남동사거리->성균관대입구,11383.0,37.5831,127.0009,16시,995.0
0,20170620.0,화,창경궁로(서울여자대학교),A-06,유출,원남동사거리->성균관대입구,11383.0,37.5831,127.0009,17시,1015.0
0,20170620.0,화,창경궁로(서울여자대학교),A-06,유출,원남동사거리->성균관대입구,11383.0,37.5831,127.0009,18시,1097.0
0,20170620.0,화,창경궁로(서울여자대학교),A-06,유출,원남동사거리->성균관대입구,11383.0,37.5831,127.0009,19시,1133.0
0,20170620.0,화,창경궁로(서울여자대학교),A-06,유출,원남동사거리->성균관대입구,11383.0,37.5831,127.0009,20시,1054.0
0,20170621.0,수,창경궁로(서울여자대학교),A-06,유출,원남동사거리->성균관대입구,11482.0,37.5831,127.0009,8시,585.0
0,20170621.0,수,창경궁로(서울여자대학교),A-06,유출,원남동사거리->성균관대입구,11482.0,37.5831,127.0009,9시,578.0
0,20170621.0,수,창경궁로(서울여자대학교),A-06,유출,원남동사거리->성균관대입구,11482.0,37.5831,127.0009,10시,671.0
0,20170621.0,수,창경궁로(서울여자대학교),A-06,유출,원남동사거리->성균관대입구,11482.0,37.5831,127.0009,11시,862.0
0,20170621.0,수,창경궁로(서울여자대학교),A-06,유출,원남동사거리->성균관대입구,11482.0,37.5831,127.0009,12시,860.0
0,20170621.0,수,창경궁로(서울여자대학교),A-06,유출,원남동사거리->성균관대입구,11482.0,37.5831,127.0009,13시,822.0
0,20170621.0,수,창경궁로(서울여자대학교),A-06,유출,원남동사거리->성균관대입구,11482.0,37.5831,127.0009,14시,909.0
0,20170621.0,수,창경궁로(서울여자대학교),A-06,유출,원남동사거리->성균관대입구,11482.0,37.5831,127.0009,15시,963.0
0,20170621.0,수,창경궁로(서울여자대학교),A-06,유출,원남동사거리->성균관대입구,11482.0,37.5831,127.0009,16시,992.0
0,20170621.0,수,창경궁로(서울여자대학교),A-06,유출,원남동사거리->성균관대입구,11482.0,37.5831,127.0009,17시,1043.0
0,20170621.0,수,창경궁로(서울여자대학교),A-06,유출,원남동사거리->성균관대입구,11482.0,37.5831,127.0009,18시,1118.0
0,20170621.0,수,창경궁로(서울여자대학교),A-06,유출,원남동사거리->성균관대입구,11482.0,37.5831,127.0009,19시,1080.0
0,20170621.0,수,창경궁로(서울여자대학교),A-06,유출,원남동사거리->성균관대입구,11482.0,37.5831,127.0009,20시,999.0
0,20170622.0,목,창경궁로(서울여자대학교),A-06,유출,원남동사거리->성균관대입구,11684.0,37.5831,127.0009,8시,649.0
0,20170622.0,목,창경궁로(서울여자대학교),A-06,유출,원남동사거리->성균관대입구,11684.0,37.5831,127.0009,9시,661.0
0,20170622.0,목,창경궁로(서울여자대학교),A-06,유출,원남동사거리->성균관대입구,11684.0,37.5831,127.0009,10시,722.0
0,20170622.0,목,창경궁로(서울여자대학교),A-06,유출,원남동사거리->성균관대입구,11684.0,37.5831,127.0009,11시,814.0
0,20170622.0,목,창경궁로(서울여자대학교),A-06,유출,원남동사거리->성균관대입구,11684.0,37.5831,127.0009,12시,861.0
0,20170622.0,목,창경궁로(서울여자대학교),A-06,유출,원남동사거리->성균관대입구,11684.0,37.5831,127.0009,13시,818.0
0,20170622.0,목,창경궁로(서울여자대학교),A-06,유출,원남동사거리->성균관대입구,11684.0,37.5831,127.0009,14시,834.0
0,20170622.0,목,창경궁로(서울여자대학교),A-06,유출,원남동사거리->성균관대입구,11684.0,37.5831,127.0009,15시,952.0
0,20170622.0,목,창경궁로(서울여자대학교),A-06,유출,원남동사거리->성균관대입구,11684.0,37.5831,127.0009,16시,1039.0
0,20170622.0,목,창경궁로(서울여자대학교),A-06,유출,원남동사거리->성균관대입구,11684.0,37.5831,127.0009,17시,1038.0
0,20170622.0,목,창경궁로(서울여자대학교),A-06,유출,원남동사거리->성균관대입구,11684.0,37.5831,127.0009,18시,1157.0
0,20170622.0,목,창경궁로(서울여자대학교),A-06,유출,원남동사거리->성균관대입구,11684.0,37.5831,127.0009,19시,1112.0
0,20170622.0,목,창경궁로(서울여자대학교),A-06,유출,원남동사거리->성균관대입구,11684.0,37.5831,127.0009,20시,1027.0
0,20170623.0,금,창경궁로(서울여자대학교),A-06,유출,원남동사거리->성균관대입구,11940.0,37.5831,127.0009,8시,618.0
0,20170623.0,금,창경궁로(서울여자대학교),A-06,유출,원남동사거리->성균관대입구,11940.0,37.5831,127.0009,9시,740.0
0,20170623.0,금,창경궁로(서울여자대학교),A-06,유출,원남동사거리->성균관대입구,11940.0,37.5831,127.0009,10시,732.0
0,20170623.0,금,창경궁로(서울여자대학교),A-06,유출,원남동사거리->성균관대입구,11940.0,37.5831,127.0009,11시,822.0
0,20170623.0,금,창경궁로(서울여자대학교),A-06,유출,원남동사거리->성균관대입구,11940.0,37.5831,127.0009,12시,871.0
0,20170623.0,금,창경궁로(서울여자대학교),A-06,유출,원남동사거리->성균관대입구,11940.0,37.5831,127.0009,13시,820.0
0,20170623.0,금,창경궁로(서울여자대학교),A-06,유출,원남동사거리->성균관대입구,11940.0,37.5831,127.0009,14시,957.0
0,20170623.0,금,창경궁로(서울여자대학교),A-06,유출,원남동사거리->성균관대입구,11940.0,37.5831,127.0009,15시,1007.0
0,20170623.0,금,창경궁로(서울여자대학교),A-06,유출,원남동사거리->성균관대입구,11940.0,37.5831,127.0009,16시,1065.0
0,20170623.0,금,창경궁로(서울여자대학교),A-06,유출,원남동사거리->성균관대입구,11940.0,37.5831,127.0009,17시,1040.0
0,20170623.0,금,창경궁로(서울여자대학교),A-06,유출,원남동사거리->성균관대입구,11940.0,37.5831,127.0009,18시,1125.0
0,20170623.0,금,창경궁로(서울여자대학교),A-06,유출,원남동사거리->성균관대입구,11940.0,37.5831,127.0009,19시,1103.0
0,20170623.0,금,창경궁로(서울여자대학교),A-06,유출,원남동사거리->성균관대입구,11940.0,37.5831,127.0009,20시,1040.0
0,20170624.0,토,창경궁로(서울여자대학교),A-06,유출,원남동사거리->성균관대입구,11146.0,37.5831,127.0009,8시,637.0
0,20170624.0,토,창경궁로(서울여자대학교),A-06,유출,원남동사거리->성균관대입구,11146.0,37.5831,127.0009,9시,694.0
0,20170624.0,토,창경궁로(서울여자대학교),A-06,유출,원남동사거리->성균관대입구,11146.0,37.5831,127.0009,10시,804.0
0,20170624.0,토,창경궁로(서울여자대학교),A-06,유출,원남동사거리->성균관대입구,11146.0,37.5831,127.0009,11시,744.0
0,20170624.0,토,창경궁로(서울여자대학교),A-06,유출,원남동사거리->성균관대입구,11146.0,37.5831,127.0009,12시,809.0
0,20170624.0,토,창경궁로(서울여자대학교),A-06,유출,원남동사거리->성균관대입구,11146.0,37.5831,127.0009,13시,835.0
0,20170624.0,토,창경궁로(서울여자대학교),A-06,유출,원남동사거리->성균관대입구,11146.0,37.5831,127.0009,14시,905.0
0,20170624.0,토,창경궁로(서울여자대학교),A-06,유출,원남동사거리->성균관대입구,11146.0,37.5831,127.0009,15시,953.0
0,20170624.0,토,창경궁로(서울여자대학교),A-06,유출,원남동사거리->성균관대입구,11146.0,37.5831,127.0009,16시,896.0
0,20170624.0,토,창경궁로(서울여자대학교),A-06,유출,원남동사거리->성균관대입구,11146.0,37.5831,127.0009,17시,993.0
0,20170624.0,토,창경궁로(서울여자대학교),A-06,유출,원남동사거리->성균관대입구,11146.0,37.5831,127.0009,18시,919.0
0,20170624.0,토,창경궁로(서울여자대학교),A-06,유출,원남동사거리->성균관대입구,11146.0,37.5831,127.0009,19시,1018.0
0,20170624.0,토,창경궁로(서울여자대학교),A-06,유출,원남동사거리->성균관대입구,11146.0,37.5831,127.0009,20시,939.0
0,20170625.0,일,창경궁로(서울여자대학교),A-06,유출,원남동사거리->성균관대입구,10021.0,37.5831,127.0009,8시,410.0
0,20170625.0,일,창경궁로(서울여자대학교),A-06,유출,원남동사거리->성균관대입구,10021.0,37.5831,127.0009,9시,547.0
0,20170625.0,일,창경궁로(서울여자대학교),A-06,유출,원남동사거리->성균관대입구,10021.0,37.5831,127.0009,10시,597.0
0,20170625.0,일,창경궁로(서울여자대학교),A-06,유출,원남동사거리->성균관대입구,10021.0,37.5831,127.0009,11시,628.0
0,20170625.0,일,창경궁로(서울여자대학교),A-06,유출,원남동사거리->성균관대입구,10021.0,37.5831,127.0009,12시,712.0
0,20170625.0,일,창경궁로(서울여자대학교),A-06,유출,원남동사거리->성균관대입구,10021.0,37.5831,127.0009,13시,818.0
0,20170625.0,일,창경궁로(서울여자대학교),A-06,유출,원남동사거리->성균관대입구,10021.0,37.5831,127.0009,14시,918.0
0,20170625.0,일,창경궁로(서울여자대학교),A-06,유출,원남동사거리->성균관대입구,10021.0,37.5831,127.0009,15시,909.0
0,20170625.0,일,창경궁로(서울여자대학교),A-06,유출,원남동사거리->성균관대입구,10021.0,37.5831,127.0009,16시,938.0
0,20170625.0,일,창경궁로(서울여자대학교),A-06,유출,원남동사거리->성균관대입구,10021.0,37.5831,127.0009,17시,917.0
0,20170625.0,일,창경궁로(서울여자대학교),A-06,유출,원남동사거리->성균관대입구,10021.0,37.5831,127.0009,18시,950.0
0,20170625.0,일,창경궁로(서울여자대학교),A-06,유출,원남동사거리->성균관대입구,10021.0,37.5831,127.0009,19시,829.0
0,20170625.0,일,창경궁로(서울여자대학교),A-06,유출,원남동사거리->성균관대입구,10021.0,37.5831,127.0009,20시,848.0
0,20170626.0,월,창경궁로(서울여자대학교),A-06,유출,원남동사거리->성균관대입구,11038.0,37.5831,127.0009,8시,627.0
0,20170626.0,월,창경궁로(서울여자대학교),A-06,유출,원남동사거리->성균관대입구,11038.0,37.5831,127.0009,9시,592.0
0,20170626.0,월,창경궁로(서울여자대학교),A-06,유출,원남동사거리->성균관대입구,11038.0,37.5831,127.0009,10시,580.0
0,20170626.0,월,창경궁로(서울여자대학교),A-06,유출,원남동사거리->성균관대입구,11038.0,37.5831,127.0009,11시,777.0
0,20170626.0,월,창경궁로(서울여자대학교),A-06,유출,원남동사거리->성균관대입구,11038.0,37.5831,127.0009,12시,768.0
0,20170626.0,월,창경궁로(서울여자대학교),A-06,유출,원남동사거리->성균관대입구,11038.0,37.5831,127.0009,13시,800.0
0,20170626.0,월,창경궁로(서울여자대학교),A-06,유출,원남동사거리->성균관대입구,11038.0,37.5831,127.0009,14시,895.0
0,20170626.0,월,창경궁로(서울여자대학교),A-06,유출,원남동사거리->성균관대입구,11038.0,37.5831,127.0009,15시,947.0
0,20170626.0,월,창경궁로(서울여자대학교),A-06,유출,원남동사거리->성균관대입구,11038.0,37.5831,127.0009,16시,1015.0
0,20170626.0,월,창경궁로(서울여자대학교),A-06,유출,원남동사거리->성균관대입구,11038.0,37.5831,127.0009,17시,1031.0
0,20170626.0,월,창경궁로(서울여자대학교),A-06,유출,원남동사거리->성균관대입구,11038.0,37.5831,127.0009,18시,996.0
0,20170626.0,월,창경궁로(서울여자대학교),A-06,유출,원남동사거리->성균관대입구,11038.0,37.5831,127.0009,19시,1062.0
0,20170626.0,월,창경궁로(서울여자대학교),A-06,유출,원남동사거리->성균관대입구,11038.0,37.5831,127.0009,20시,948.0
0,20170627.0,화,창경궁로(서울여자대학교),A-06,유출,원남동사거리->성균관대입구,11297.0,37.5831,127.0009,8시,622.0
0,20170627.0,화,창경궁로(서울여자대학교),A-06,유출,원남동사거리->성균관대입구,11297.0,37.5831,127.0009,9시,638.0
0,20170627.0,화,창경궁로(서울여자대학교),A-06,유출,원남동사거리->성균관대입구,11297.0,37.5831,127.0009,10시,657.0
0,20170627.0,화,창경궁로(서울여자대학교),A-06,유출,원남동사거리->성균관대입구,11297.0,37.5831,127.0009,11시,654.0
0,20170627.0,화,창경궁로(서울여자대학교),A-06,유출,원남동사거리->성균관대입구,11297.0,37.5831,127.0009,12시,836.0
0,20170627.0,화,창경궁로(서울여자대학교),A-06,유출,원남동사거리->성균관대입구,11297.0,37.5831,127.0009,13시,759.0
0,20170627.0,화,창경궁로(서울여자대학교),A-06,유출,원남동사거리->성균관대입구,11297.0,37.5831,127.0009,14시,911.0
0,20170627.0,화,창경궁로(서울여자대학교),A-06,유출,원남동사거리->성균관대입구,11297.0,37.5831,127.0009,15시,958.0
0,20170627.0,화,창경궁로(서울여자대학교),A-06,유출,원남동사거리->성균관대입구,11297.0,37.5831,127.0009,16시,1023.0
0,20170627.0,화,창경궁로(서울여자대학교),A-06,유출,원남동사거리->성균관대입구,11297.0,37.5831,127.0009,17시,995.0
0,20170627.0,화,창경궁로(서울여자대학교),A-06,유출,원남동사거리->성균관대입구,11297.0,37.5831,127.0009,18시,1095.0
0,20170627.0,화,창경궁로(서울여자대학교),A-06,유출,원남동사거리->성균관대입구,11297.0,37.5831,127.0009,19시,1118.0
0,20170627.0,화,창경궁로(서울여자대학교),A-06,유출,원남동사거리->성균관대입구,11297.0,37.5831,127.0009,20시,1031.0
0,20170628.0,수,창경궁로(서울여자대학교),A-06,유출,원남동사거리->성균관대입구,11477.0,37.5831,127.0009,8시,633.0
0,20170628.0,수,창경궁로(서울여자대학교),A-06,유출,원남동사거리->성균관대입구,11477.0,37.5831,127.0009,9시,688.0
0,20170628.0,수,창경궁로(서울여자대학교),A-06,유출,원남동사거리->성균관대입구,11477.0,37.5831,127.0009,10시,684.0
0,20170628.0,수,창경궁로(서울여자대학교),A-06,유출,원남동사거리->성균관대입구,11477.0,37.5831,127.0009,11시,809.0
0,20170628.0,수,창경궁로(서울여자대학교),A-06,유출,원남동사거리->성균관대입구,11477.0,37.5831,127.0009,12시,800.0
0,20170628.0,수,창경궁로(서울여자대학교),A-06,유출,원남동사거리->성균관대입구,11477.0,37.5831,127.0009,13시,833.0
0,20170628.0,수,창경궁로(서울여자대학교),A-06,유출,원남동사거리->성균관대입구,11477.0,37.5831,127.0009,14시,839.0
0,20170628.0,수,창경궁로(서울여자대학교),A-06,유출,원남동사거리->성균관대입구,11477.0,37.5831,127.0009,15시,932.0
0,20170628.0,수,창경궁로(서울여자대학교),A-06,유출,원남동사거리->성균관대입구,11477.0,37.5831,127.0009,16시,938.0
0,20170628.0,수,창경궁로(서울여자대학교),A-06,유출,원남동사거리->성균관대입구,11477.0,37.5831,127.0009,17시,1068.0
0,20170628.0,수,창경궁로(서울여자대학교),A-06,유출,원남동사거리->성균관대입구,11477.0,37.5831,127.0009,18시,1127.0
0,20170628.0,수,창경궁로(서울여자대학교),A-06,유출,원남동사거리->성균관대입구,11477.0,37.5831,127.0009,19시,1084.0
0,20170628.0,수,창경궁로(서울여자대학교),A-06,유출,원남동사거리->성균관대입구,11477.0,37.5831,127.0009,20시,1042.0
0,20170629.0,목,창경궁로(서울여자대학교),A-06,유출,원남동사거리->성균관대입구,11319.0,37.5831,127.0009,8시,642.0
0,20170629.0,목,창경궁로(서울여자대학교),A-06,유출,원남동사거리->성균관대입구,11319.0,37.5831,127.0009,9시,676.0
0,20170629.0,목,창경궁로(서울여자대학교),A-06,유출,원남동사거리->성균관대입구,11319.0,37.5831,127.0009,10시,669.0
0,20170629.0,목,창경궁로(서울여자대학교),A-06,유출,원남동사거리->성균관대입구,11319.0,37.5831,127.0009,11시,848.0
0,20170629.0,목,창경궁로(서울여자대학교),A-06,유출,원남동사거리->성균관대입구,11319.0,37.5831,127.0009,12시,789.0
0,20170629.0,목,창경궁로(서울여자대학교),A-06,유출,원남동사거리->성균관대입구,11319.0,37.5831,127.0009,13시,787.0
0,20170629.0,목,창경궁로(서울여자대학교),A-06,유출,원남동사거리->성균관대입구,11319.0,37.5831,127.0009,14시,849.0
0,20170629.0,목,창경궁로(서울여자대학교),A-06,유출,원남동사거리->성균관대입구,11319.0,37.5831,127.0009,15시,917.0
0,20170629.0,목,창경궁로(서울여자대학교),A-06,유출,원남동사거리->성균관대입구,11319.0,37.5831,127.0009,16시,950.0
0,20170629.0,목,창경궁로(서울여자대학교),A-06,유출,원남동사거리->성균관대입구,11319.0,37.5831,127.0009,17시,1019.0
0,20170629.0,목,창경궁로(서울여자대학교),A-06,유출,원남동사거리->성균관대입구,11319.0,37.5831,127.0009,18시,1074.0
0,20170629.0,목,창경궁로(서울여자대학교),A-06,유출,원남동사거리->성균관대입구,11319.0,37.5831,127.0009,19시,1074.0
0,20170629.0,목,창경궁로(서울여자대학교),A-06,유출,원남동사거리->성균관대입구,11319.0,37.5831,127.0009,20시,1025.0
0,20170630.0,금,창경궁로(서울여자대학교),A-06,유출,원남동사거리->성균관대입구,10924.0,37.5831,127.0009,8시,639.0
0,20170630.0,금,창경궁로(서울여자대학교),A-06,유출,원남동사거리->성균관대입구,10924.0,37.5831,127.0009,9시,655.0
0,20170630.0,금,창경궁로(서울여자대학교),A-06,유출,원남동사거리->성균관대입구,10924.0,37.5831,127.0009,10시,705.0
0,20170630.0,금,창경궁로(서울여자대학교),A-06,유출,원남동사거리->성균관대입구,10924.0,37.5831,127.0009,11시,819.0
0,20170630.0,금,창경궁로(서울여자대학교),A-06,유출,원남동사거리->성균관대입구,10924.0,37.5831,127.0009,12시,810.0
0,20170630.0,금,창경궁로(서울여자대학교),A-06,유출,원남동사거리->성균관대입구,10924.0,37.5831,127.0009,13시,862.0
0,20170630.0,금,창경궁로(서울여자대학교),A-06,유출,원남동사거리->성균관대입구,10924.0,37.5831,127.0009,14시,790.0
0,20170630.0,금,창경궁로(서울여자대학교),A-06,유출,원남동사거리->성균관대입구,10924.0,37.5831,127.0009,15시,806.0
0,20170630.0,금,창경궁로(서울여자대학교),A-06,유출,원남동사거리->성균관대입구,10924.0,37.5831,127.0009,16시,805.0
0,20170630.0,금,창경궁로(서울여자대학교),A-06,유출,원남동사거리->성균관대입구,10924.0,37.5831,127.0009,17시,863.0
0,20170630.0,금,창경궁로(서울여자대학교),A-06,유출,원남동사거리->성균관대입구,10924.0,37.5831,127.0009,18시,1087.0
0,20170630.0,금,창경궁로(서울여자대학교),A-06,유출,원남동사거리->성균관대입구,10924.0,37.5831,127.0009,19시,1087.0
0,20170630.0,금,창경궁로(서울여자대학교),A-06,유출,원남동사거리->성균관대입구,10924.0,37.5831,127.0009,20시,996.0
0,20170701.0,토,창경궁로(서울여자대학교),A-06,유입,성균관대입구->원남동사거리,16824.0,37.5831,127.0009,8시,1191.0
0,20170701.0,토,창경궁로(서울여자대학교),A-06,유입,성균관대입구->원남동사거리,16824.0,37.5831,127.0009,9시,1208.0
0,20170701.0,토,창경궁로(서울여자대학교),A-06,유입,성균관대입구->원남동사거리,16824.0,37.5831,127.0009,10시,1439.0
0,20170701.0,토,창경궁로(서울여자대학교),A-06,유입,성균관대입구->원남동사거리,16824.0,37.5831,127.0009,11시,1461.0
0,20170701.0,토,창경궁로(서울여자대학교),A-06,유입,성균관대입구->원남동사거리,16824.0,37.5831,127.0009,12시,1601.0
0,20170701.0,토,창경궁로(서울여자대학교),A-06,유입,성균관대입구->원남동사거리,16824.0,37.5831,127.0009,13시,1437.0
0,20170701.0,토,창경궁로(서울여자대학교),A-06,유입,성균관대입구->원남동사거리,16824.0,37.5831,127.0009,14시,1339.0
0,20170701.0,토,창경궁로(서울여자대학교),A-06,유입,성균관대입구->원남동사거리,16824.0,37.5831,127.0009,15시,1327.0
0,20170701.0,토,창경궁로(서울여자대학교),A-06,유입,성균관대입구->원남동사거리,16824.0,37.5831,127.0009,16시,1187.0
0,20170701.0,토,창경궁로(서울여자대학교),A-06,유입,성균관대입구->원남동사거리,16824.0,37.5831,127.0009,17시,1363.0
0,20170701.0,토,창경궁로(서울여자대학교),A-06,유입,성균관대입구->원남동사거리,16824.0,37.5831,127.0009,18시,1178.0
0,20170701.0,토,창경궁로(서울여자대학교),A-06,유입,성균관대입구->원남동사거리,16824.0,37.5831,127.0009,19시,1028.0
0,20170701.0,토,창경궁로(서울여자대학교),A-06,유입,성균관대입구->원남동사거리,16824.0,37.5831,127.0009,20시,1065.0
0,20170702.0,일,창경궁로(서울여자대학교),A-06,유입,성균관대입구->원남동사거리,15801.0,37.5831,127.0009,8시,1033.0
0,20170702.0,일,창경궁로(서울여자대학교),A-06,유입,성균관대입구->원남동사거리,15801.0,37.5831,127.0009,9시,1241.0
0,20170702.0,일,창경궁로(서울여자대학교),A-06,유입,성균관대입구->원남동사거리,15801.0,37.5831,127.0009,10시,1326.0
0,20170702.0,일,창경궁로(서울여자대학교),A-06,유입,성균관대입구->원남동사거리,15801.0,37.5831,127.0009,11시,1203.0
0,20170702.0,일,창경궁로(서울여자대학교),A-06,유입,성균관대입구->원남동사거리,15801.0,37.5831,127.0009,12시,1475.0
0,20170702.0,일,창경궁로(서울여자대학교),A-06,유입,성균관대입구->원남동사거리,15801.0,37.5831,127.0009,13시,1451.0
0,20170702.0,일,창경궁로(서울여자대학교),A-06,유입,성균관대입구->원남동사거리,15801.0,37.5831,127.0009,14시,1401.0
0,20170702.0,일,창경궁로(서울여자대학교),A-06,유입,성균관대입구->원남동사거리,15801.0,37.5831,127.0009,15시,1335.0
0,20170702.0,일,창경궁로(서울여자대학교),A-06,유입,성균관대입구->원남동사거리,15801.0,37.5831,127.0009,16시,1210.0
0,20170702.0,일,창경궁로(서울여자대학교),A-06,유입,성균관대입구->원남동사거리,15801.0,37.5831,127.0009,17시,1224.0
0,20170702.0,일,창경궁로(서울여자대학교),A-06,유입,성균관대입구->원남동사거리,15801.0,37.5831,127.0009,18시,1111.0
0,20170702.0,일,창경궁로(서울여자대학교),A-06,유입,성균관대입구->원남동사거리,15801.0,37.5831,127.0009,19시,897.0
0,20170702.0,일,창경궁로(서울여자대학교),A-06,유입,성균관대입구->원남동사거리,15801.0,37.5831,127.0009,20시,894.0
0,20170703.0,월,창경궁로(서울여자대학교),A-06,유입,성균관대입구->원남동사거리,17084.0,37.5831,127.0009,8시,2282.0
0,20170703.0,월,창경궁로(서울여자대학교),A-06,유입,성균관대입구->원남동사거리,17084.0,37.5831,127.0009,9시,1923.0
0,20170703.0,월,창경궁로(서울여자대학교),A-06,유입,성균관대입구->원남동사거리,17084.0,37.5831,127.0009,10시,1523.0
0,20170703.0,월,창경궁로(서울여자대학교),A-06,유입,성균관대입구->원남동사거리,17084.0,37.5831,127.0009,11시,1408.0
0,20170703.0,월,창경궁로(서울여자대학교),A-06,유입,성균관대입구->원남동사거리,17084.0,37.5831,127.0009,12시,1330.0
0,20170703.0,월,창경궁로(서울여자대학교),A-06,유입,성균관대입구->원남동사거리,17084.0,37.5831,127.0009,13시,1251.0
0,20170703.0,월,창경궁로(서울여자대학교),A-06,유입,성균관대입구->원남동사거리,17084.0,37.5831,127.0009,14시,1282.0
0,20170703.0,월,창경궁로(서울여자대학교),A-06,유입,성균관대입구->원남동사거리,17084.0,37.5831,127.0009,15시,1202.0
0,20170703.0,월,창경궁로(서울여자대학교),A-06,유입,성균관대입구->원남동사거리,17084.0,37.5831,127.0009,16시,1122.0
0,20170703.0,월,창경궁로(서울여자대학교),A-06,유입,성균관대입구->원남동사거리,17084.0,37.5831,127.0009,17시,1153.0
0,20170703.0,월,창경궁로(서울여자대학교),A-06,유입,성균관대입구->원남동사거리,17084.0,37.5831,127.0009,18시,916.0
0,20170703.0,월,창경궁로(서울여자대학교),A-06,유입,성균관대입구->원남동사거리,17084.0,37.5831,127.0009,19시,801.0
0,20170703.0,월,창경궁로(서울여자대학교),A-06,유입,성균관대입구->원남동사거리,17084.0,37.5831,127.0009,20시,891.0
0,20170704.0,화,창경궁로(서울여자대학교),A-06,유입,성균관대입구->원남동사거리,17292.0,37.5831,127.0009,8시,2270.0
0,20170704.0,화,창경궁로(서울여자대학교),A-06,유입,성균관대입구->원남동사거리,17292.0,37.5831,127.0009,9시,1896.0
0,20170704.0,화,창경궁로(서울여자대학교),A-06,유입,성균관대입구->원남동사거리,17292.0,37.5831,127.0009,10시,1520.0
0,20170704.0,화,창경궁로(서울여자대학교),A-06,유입,성균관대입구->원남동사거리,17292.0,37.5831,127.0009,11시,1351.0
0,20170704.0,화,창경궁로(서울여자대학교),A-06,유입,성균관대입구->원남동사거리,17292.0,37.5831,127.0009,12시,1244.0
0,20170704.0,화,창경궁로(서울여자대학교),A-06,유입,성균관대입구->원남동사거리,17292.0,37.5831,127.0009,13시,1353.0
0,20170704.0,화,창경궁로(서울여자대학교),A-06,유입,성균관대입구->원남동사거리,17292.0,37.5831,127.0009,14시,1307.0
0,20170704.0,화,창경궁로(서울여자대학교),A-06,유입,성균관대입구->원남동사거리,17292.0,37.5831,127.0009,15시,1173.0
0,20170704.0,화,창경궁로(서울여자대학교),A-06,유입,성균관대입구->원남동사거리,17292.0,37.5831,127.0009,16시,1240.0
0,20170704.0,화,창경궁로(서울여자대학교),A-06,유입,성균관대입구->원남동사거리,17292.0,37.5831,127.0009,17시,1150.0
0,20170704.0,화,창경궁로(서울여자대학교),A-06,유입,성균관대입구->원남동사거리,17292.0,37.5831,127.0009,18시,964.0
0,20170704.0,화,창경궁로(서울여자대학교),A-06,유입,성균관대입구->원남동사거리,17292.0,37.5831,127.0009,19시,896.0
0,20170704.0,화,창경궁로(서울여자대학교),A-06,유입,성균관대입구->원남동사거리,17292.0,37.5831,127.0009,20시,928.0
0,20170705.0,수,창경궁로(서울여자대학교),A-06,유입,성균관대입구->원남동사거리,17144.0,37.5831,127.0009,8시,2185.0
0,20170705.0,수,창경궁로(서울여자대학교),A-06,유입,성균관대입구->원남동사거리,17144.0,37.5831,127.0009,9시,1861.0
0,20170705.0,수,창경궁로(서울여자대학교),A-06,유입,성균관대입구->원남동사거리,17144.0,37.5831,127.0009,10시,1428.0
0,20170705.0,수,창경궁로(서울여자대학교),A-06,유입,성균관대입구->원남동사거리,17144.0,37.5831,127.0009,11시,1421.0
0,20170705.0,수,창경궁로(서울여자대학교),A-06,유입,성균관대입구->원남동사거리,17144.0,37.5831,127.0009,12시,1272.0
0,20170705.0,수,창경궁로(서울여자대학교),A-06,유입,성균관대입구->원남동사거리,17144.0,37.5831,127.0009,13시,1331.0
0,20170705.0,수,창경궁로(서울여자대학교),A-06,유입,성균관대입구->원남동사거리,17144.0,37.5831,127.0009,14시,1303.0
0,20170705.0,수,창경궁로(서울여자대학교),A-06,유입,성균관대입구->원남동사거리,17144.0,37.5831,127.0009,15시,1246.0
0,20170705.0,수,창경궁로(서울여자대학교),A-06,유입,성균관대입구->원남동사거리,17144.0,37.5831,127.0009,16시,1192.0
0,20170705.0,수,창경궁로(서울여자대학교),A-06,유입,성균관대입구->원남동사거리,17144.0,37.5831,127.0009,17시,1074.0
0,20170705.0,수,창경궁로(서울여자대학교),A-06,유입,성균관대입구->원남동사거리,17144.0,37.5831,127.0009,18시,1045.0
0,20170705.0,수,창경궁로(서울여자대학교),A-06,유입,성균관대입구->원남동사거리,17144.0,37.5831,127.0009,19시,862.0
0,20170705.0,수,창경궁로(서울여자대학교),A-06,유입,성균관대입구->원남동사거리,17144.0,37.5831,127.0009,20시,924.0
0,20170706.0,목,창경궁로(서울여자대학교),A-06,유입,성균관대입구->원남동사거리,16699.0,37.5831,127.0009,8시,2316.0
0,20170706.0,목,창경궁로(서울여자대학교),A-06,유입,성균관대입구->원남동사거리,16699.0,37.5831,127.0009,9시,1873.0
0,20170706.0,목,창경궁로(서울여자대학교),A-06,유입,성균관대입구->원남동사거리,16699.0,37.5831,127.0009,10시,1558.0
0,20170706.0,목,창경궁로(서울여자대학교),A-06,유입,성균관대입구->원남동사거리,16699.0,37.5831,127.0009,11시,1352.0
0,20170706.0,목,창경궁로(서울여자대학교),A-06,유입,성균관대입구->원남동사거리,16699.0,37.5831,127.0009,12시,1307.0
0,20170706.0,목,창경궁로(서울여자대학교),A-06,유입,성균관대입구->원남동사거리,16699.0,37.5831,127.0009,13시,1313.0
0,20170706.0,목,창경궁로(서울여자대학교),A-06,유입,성균관대입구->원남동사거리,16699.0,37.5831,127.0009,14시,1271.0
0,20170706.0,목,창경궁로(서울여자대학교),A-06,유입,성균관대입구->원남동사거리,16699.0,37.5831,127.0009,15시,1223.0
0,20170706.0,목,창경궁로(서울여자대학교),A-06,유입,성균관대입구->원남동사거리,16699.0,37.5831,127.0009,16시,1122.0
0,20170706.0,목,창경궁로(서울여자대학교),A-06,유입,성균관대입구->원남동사거리,16699.0,37.5831,127.0009,17시,1069.0
0,20170706.0,목,창경궁로(서울여자대학교),A-06,유입,성균관대입구->원남동사거리,16699.0,37.5831,127.0009,18시,918.0
0,20170706.0,목,창경궁로(서울여자대학교),A-06,유입,성균관대입구->원남동사거리,16699.0,37.5831,127.0009,19시,715.0
0,20170706.0,목,창경궁로(서울여자대학교),A-06,유입,성균관대입구->원남동사거리,16699.0,37.5831,127.0009,20시,662.0
0,20170708.0,토,창경궁로(서울여자대학교),A-06,유입,성균관대입구->원남동사거리,17755.0,37.5831,127.0009,8시,1492.0
0,20170708.0,토,창경궁로(서울여자대학교),A-06,유입,성균관대입구->원남동사거리,17755.0,37.5831,127.0009,9시,1508.0
0,20170708.0,토,창경궁로(서울여자대학교),A-06,유입,성균관대입구->원남동사거리,17755.0,37.5831,127.0009,10시,1583.0
0,20170708.0,토,창경궁로(서울여자대학교),A-06,유입,성균관대입구->원남동사거리,17755.0,37.5831,127.0009,11시,1587.0
0,20170708.0,토,창경궁로(서울여자대학교),A-06,유입,성균관대입구->원남동사거리,17755.0,37.5831,127.0009,12시,1521.0
0,20170708.0,토,창경궁로(서울여자대학교),A-06,유입,성균관대입구->원남동사거리,17755.0,37.5831,127.0009,13시,1512.0
0,20170708.0,토,창경궁로(서울여자대학교),A-06,유입,성균관대입구->원남동사거리,17755.0,37.5831,127.0009,14시,1471.0
0,20170708.0,토,창경궁로(서울여자대학교),A-06,유입,성균관대입구->원남동사거리,17755.0,37.5831,127.0009,15시,1373.0
0,20170708.0,토,창경궁로(서울여자대학교),A-06,유입,성균관대입구->원남동사거리,17755.0,37.5831,127.0009,16시,1286.0
0,20170708.0,토,창경궁로(서울여자대학교),A-06,유입,성균관대입구->원남동사거리,17755.0,37.5831,127.0009,17시,1288.0
0,20170708.0,토,창경궁로(서울여자대학교),A-06,유입,성균관대입구->원남동사거리,17755.0,37.5831,127.0009,18시,1155.0
0,20170708.0,토,창경궁로(서울여자대학교),A-06,유입,성균관대입구->원남동사거리,17755.0,37.5831,127.0009,19시,957.0
0,20170708.0,토,창경궁로(서울여자대학교),A-06,유입,성균관대입구->원남동사거리,17755.0,37.5831,127.0009,20시,1022.0
0,20170709.0,일,창경궁로(서울여자대학교),A-06,유입,성균관대입구->원남동사거리,15217.0,37.5831,127.0009,8시,1027.0
0,20170709.0,일,창경궁로(서울여자대학교),A-06,유입,성균관대입구->원남동사거리,15217.0,37.5831,127.0009,9시,1314.0
0,20170709.0,일,창경궁로(서울여자대학교),A-06,유입,성균관대입구->원남동사거리,15217.0,37.5831,127.0009,10시,1362.0
0,20170709.0,일,창경궁로(서울여자대학교),A-06,유입,성균관대입구->원남동사거리,15217.0,37.5831,127.0009,11시,1276.0
0,20170709.0,일,창경궁로(서울여자대학교),A-06,유입,성균관대입구->원남동사거리,15217.0,37.5831,127.0009,12시,1386.0
0,20170709.0,일,창경궁로(서울여자대학교),A-06,유입,성균관대입구->원남동사거리,15217.0,37.5831,127.0009,13시,1459.0
0,20170709.0,일,창경궁로(서울여자대학교),A-06,유입,성균관대입구->원남동사거리,15217.0,37.5831,127.0009,14시,1149.0
0,20170709.0,일,창경궁로(서울여자대학교),A-06,유입,성균관대입구->원남동사거리,15217.0,37.5831,127.0009,15시,922.0
0,20170709.0,일,창경궁로(서울여자대학교),A-06,유입,성균관대입구->원남동사거리,15217.0,37.5831,127.0009,16시,974.0
0,20170709.0,일,창경궁로(서울여자대학교),A-06,유입,성균관대입구->원남동사거리,15217.0,37.5831,127.0009,17시,1226.0
0,20170709.0,일,창경궁로(서울여자대학교),A-06,유입,성균관대입구->원남동사거리,15217.0,37.5831,127.0009,18시,1145.0
0,20170709.0,일,창경궁로(서울여자대학교),A-06,유입,성균관대입구->원남동사거리,15217.0,37.5831,127.0009,19시,907.0
0,20170709.0,일,창경궁로(서울여자대학교),A-06,유입,성균관대입구->원남동사거리,15217.0,37.5831,127.0009,20시,1070.0
0,20170710.0,월,창경궁로(서울여자대학교),A-06,유입,성균관대입구->원남동사거리,16382.0,37.5831,127.0009,8시,2261.0
0,20170710.0,월,창경궁로(서울여자대학교),A-06,유입,성균관대입구->원남동사거리,16382.0,37.5831,127.0009,9시,1920.0
0,20170710.0,월,창경궁로(서울여자대학교),A-06,유입,성균관대입구->원남동사거리,16382.0,37.5831,127.0009,10시,1443.0
0,20170710.0,월,창경궁로(서울여자대학교),A-06,유입,성균관대입구->원남동사거리,16382.0,37.5831,127.0009,11시,1341.0
0,20170710.0,월,창경궁로(서울여자대학교),A-06,유입,성균관대입구->원남동사거리,16382.0,37.5831,127.0009,12시,1287.0
0,20170710.0,월,창경궁로(서울여자대학교),A-06,유입,성균관대입구->원남동사거리,16382.0,37.5831,127.0009,13시,1247.0
0,20170710.0,월,창경궁로(서울여자대학교),A-06,유입,성균관대입구->원남동사거리,16382.0,37.5831,127.0009,14시,1070.0
0,20170710.0,월,창경궁로(서울여자대학교),A-06,유입,성균관대입구->원남동사거리,16382.0,37.5831,127.0009,15시,1113.0
0,20170710.0,월,창경궁로(서울여자대학교),A-06,유입,성균관대입구->원남동사거리,16382.0,37.5831,127.0009,16시,1118.0
0,20170710.0,월,창경궁로(서울여자대학교),A-06,유입,성균관대입구->원남동사거리,16382.0,37.5831,127.0009,17시,1076.0
0,20170710.0,월,창경궁로(서울여자대학교),A-06,유입,성균관대입구->원남동사거리,16382.0,37.5831,127.0009,18시,936.0
0,20170710.0,월,창경궁로(서울여자대학교),A-06,유입,성균관대입구->원남동사거리,16382.0,37.5831,127.0009,19시,765.0
0,20170710.0,월,창경궁로(서울여자대학교),A-06,유입,성균관대입구->원남동사거리,16382.0,37.5831,127.0009,20시,805.0
0,20170711.0,화,창경궁로(서울여자대학교),A-06,유입,성균관대입구->원남동사거리,17806.0,37.5831,127.0009,8시,2307.0
0,20170711.0,화,창경궁로(서울여자대학교),A-06,유입,성균관대입구->원남동사거리,17806.0,37.5831,127.0009,9시,1854.0
0,20170711.0,화,창경궁로(서울여자대학교),A-06,유입,성균관대입구->원남동사거리,17806.0,37.5831,127.0009,10시,1554.0
0,20170711.0,화,창경궁로(서울여자대학교),A-06,유입,성균관대입구->원남동사거리,17806.0,37.5831,127.0009,11시,1430.0
0,20170711.0,화,창경궁로(서울여자대학교),A-06,유입,성균관대입구->원남동사거리,17806.0,37.5831,127.0009,12시,1384.0
0,20170711.0,화,창경궁로(서울여자대학교),A-06,유입,성균관대입구->원남동사거리,17806.0,37.5831,127.0009,13시,1433.0
0,20170711.0,화,창경궁로(서울여자대학교),A-06,유입,성균관대입구->원남동사거리,17806.0,37.5831,127.0009,14시,1254.0
0,20170711.0,화,창경궁로(서울여자대학교),A-06,유입,성균관대입구->원남동사거리,17806.0,37.5831,127.0009,15시,1195.0
0,20170711.0,화,창경궁로(서울여자대학교),A-06,유입,성균관대입구->원남동사거리,17806.0,37.5831,127.0009,16시,1296.0
0,20170711.0,화,창경궁로(서울여자대학교),A-06,유입,성균관대입구->원남동사거리,17806.0,37.5831,127.0009,17시,1177.0
0,20170711.0,화,창경궁로(서울여자대학교),A-06,유입,성균관대입구->원남동사거리,17806.0,37.5831,127.0009,18시,1015.0
0,20170711.0,화,창경궁로(서울여자대학교),A-06,유입,성균관대입구->원남동사거리,17806.0,37.5831,127.0009,19시,904.0
0,20170711.0,화,창경궁로(서울여자대학교),A-06,유입,성균관대입구->원남동사거리,17806.0,37.5831,127.0009,20시,1003.0
0,20170712.0,수,창경궁로(서울여자대학교),A-06,유입,성균관대입구->원남동사거리,17581.0,37.5831,127.0009,8시,2296.0
0,20170712.0,수,창경궁로(서울여자대학교),A-06,유입,성균관대입구->원남동사거리,17581.0,37.5831,127.0009,9시,1884.0
0,20170712.0,수,창경궁로(서울여자대학교),A-06,유입,성균관대입구->원남동사거리,17581.0,37.5831,127.0009,10시,1552.0
0,20170712.0,수,창경궁로(서울여자대학교),A-06,유입,성균관대입구->원남동사거리,17581.0,37.5831,127.0009,11시,1354.0
0,20170712.0,수,창경궁로(서울여자대학교),A-06,유입,성균관대입구->원남동사거리,17581.0,37.5831,127.0009,12시,1346.0
0,20170712.0,수,창경궁로(서울여자대학교),A-06,유입,성균관대입구->원남동사거리,17581.0,37.5831,127.0009,13시,1350.0
0,20170712.0,수,창경궁로(서울여자대학교),A-06,유입,성균관대입구->원남동사거리,17581.0,37.5831,127.0009,14시,1232.0
0,20170712.0,수,창경궁로(서울여자대학교),A-06,유입,성균관대입구->원남동사거리,17581.0,37.5831,127.0009,15시,1225.0
0,20170712.0,수,창경궁로(서울여자대학교),A-06,유입,성균관대입구->원남동사거리,17581.0,37.5831,127.0009,16시,1186.0
0,20170712.0,수,창경궁로(서울여자대학교),A-06,유입,성균관대입구->원남동사거리,17581.0,37.5831,127.0009,17시,1237.0
0,20170712.0,수,창경궁로(서울여자대학교),A-06,유입,성균관대입구->원남동사거리,17581.0,37.5831,127.0009,18시,1039.0
0,20170712.0,수,창경궁로(서울여자대학교),A-06,유입,성균관대입구->원남동사거리,17581.0,37.5831,127.0009,19시,914.0
0,20170712.0,수,창경궁로(서울여자대학교),A-06,유입,성균관대입구->원남동사거리,17581.0,37.5831,127.0009,20시,966.0
0,20170713.0,목,창경궁로(서울여자대학교),A-06,유입,성균관대입구->원남동사거리,16898.0,37.5831,127.0009,8시,2247.0
0,20170713.0,목,창경궁로(서울여자대학교),A-06,유입,성균관대입구->원남동사거리,16898.0,37.5831,127.0009,9시,1804.0
0,20170713.0,목,창경궁로(서울여자대학교),A-06,유입,성균관대입구->원남동사거리,16898.0,37.5831,127.0009,10시,1525.0
0,20170713.0,목,창경궁로(서울여자대학교),A-06,유입,성균관대입구->원남동사거리,16898.0,37.5831,127.0009,11시,1348.0
0,20170713.0,목,창경궁로(서울여자대학교),A-06,유입,성균관대입구->원남동사거리,16898.0,37.5831,127.0009,12시,1336.0
0,20170713.0,목,창경궁로(서울여자대학교),A-06,유입,성균관대입구->원남동사거리,16898.0,37.5831,127.0009,13시,1312.0
0,20170713.0,목,창경궁로(서울여자대학교),A-06,유입,성균관대입구->원남동사거리,16898.0,37.5831,127.0009,14시,1187.0
0,20170713.0,목,창경궁로(서울여자대학교),A-06,유입,성균관대입구->원남동사거리,16898.0,37.5831,127.0009,15시,1174.0
0,20170713.0,목,창경궁로(서울여자대학교),A-06,유입,성균관대입구->원남동사거리,16898.0,37.5831,127.0009,16시,1103.0
0,20170713.0,목,창경궁로(서울여자대학교),A-06,유입,성균관대입구->원남동사거리,16898.0,37.5831,127.0009,17시,1074.0
0,20170713.0,목,창경궁로(서울여자대학교),A-06,유입,성균관대입구->원남동사거리,16898.0,37.5831,127.0009,18시,1016.0
0,20170713.0,목,창경궁로(서울여자대학교),A-06,유입,성균관대입구->원남동사거리,16898.0,37.5831,127.0009,19시,861.0
0,20170713.0,목,창경궁로(서울여자대학교),A-06,유입,성균관대입구->원남동사거리,16898.0,37.5831,127.0009,20시,911.0
0,20170714.0,금,창경궁로(서울여자대학교),A-06,유입,성균관대입구->원남동사거리,17390.0,37.5831,127.0009,8시,2322.0
0,20170714.0,금,창경궁로(서울여자대학교),A-06,유입,성균관대입구->원남동사거리,17390.0,37.5831,127.0009,9시,1846.0
0,20170714.0,금,창경궁로(서울여자대학교),A-06,유입,성균관대입구->원남동사거리,17390.0,37.5831,127.0009,10시,1421.0
0,20170714.0,금,창경궁로(서울여자대학교),A-06,유입,성균관대입구->원남동사거리,17390.0,37.5831,127.0009,11시,1275.0
0,20170714.0,금,창경궁로(서울여자대학교),A-06,유입,성균관대입구->원남동사거리,17390.0,37.5831,127.0009,12시,1334.0
0,20170714.0,금,창경궁로(서울여자대학교),A-06,유입,성균관대입구->원남동사거리,17390.0,37.5831,127.0009,13시,1280.0
0,20170714.0,금,창경궁로(서울여자대학교),A-06,유입,성균관대입구->원남동사거리,17390.0,37.5831,127.0009,14시,1293.0
0,20170714.0,금,창경궁로(서울여자대학교),A-06,유입,성균관대입구->원남동사거리,17390.0,37.5831,127.0009,15시,1227.0
0,20170714.0,금,창경궁로(서울여자대학교),A-06,유입,성균관대입구->원남동사거리,17390.0,37.5831,127.0009,16시,1227.0
0,20170714.0,금,창경궁로(서울여자대학교),A-06,유입,성균관대입구->원남동사거리,17390.0,37.5831,127.0009,17시,1185.0
0,20170714.0,금,창경궁로(서울여자대학교),A-06,유입,성균관대입구->원남동사거리,17390.0,37.5831,127.0009,18시,1060.0
0,20170714.0,금,창경궁로(서울여자대학교),A-06,유입,성균관대입구->원남동사거리,17390.0,37.5831,127.0009,19시,915.0
0,20170714.0,금,창경궁로(서울여자대학교),A-06,유입,성균관대입구->원남동사거리,17390.0,37.5831,127.0009,20시,1005.0
0,20170715.0,토,창경궁로(서울여자대학교),A-06,유입,성균관대입구->원남동사거리,16999.0,37.5831,127.0009,8시,1547.0
0,20170715.0,토,창경궁로(서울여자대학교),A-06,유입,성균관대입구->원남동사거리,16999.0,37.5831,127.0009,9시,1656.0
0,20170715.0,토,창경궁로(서울여자대학교),A-06,유입,성균관대입구->원남동사거리,16999.0,37.5831,127.0009,10시,1557.0
0,20170715.0,토,창경궁로(서울여자대학교),A-06,유입,성균관대입구->원남동사거리,16999.0,37.5831,127.0009,11시,1569.0
0,20170715.0,토,창경궁로(서울여자대학교),A-06,유입,성균관대입구->원남동사거리,16999.0,37.5831,127.0009,12시,1500.0
0,20170715.0,토,창경궁로(서울여자대학교),A-06,유입,성균관대입구->원남동사거리,16999.0,37.5831,127.0009,13시,1359.0
0,20170715.0,토,창경궁로(서울여자대학교),A-06,유입,성균관대입구->원남동사거리,16999.0,37.5831,127.0009,14시,1304.0
0,20170715.0,토,창경궁로(서울여자대학교),A-06,유입,성균관대입구->원남동사거리,16999.0,37.5831,127.0009,15시,1230.0
0,20170715.0,토,창경궁로(서울여자대학교),A-06,유입,성균관대입구->원남동사거리,16999.0,37.5831,127.0009,16시,1176.0
0,20170715.0,토,창경궁로(서울여자대학교),A-06,유입,성균관대입구->원남동사거리,16999.0,37.5831,127.0009,17시,1129.0
0,20170715.0,토,창경궁로(서울여자대학교),A-06,유입,성균관대입구->원남동사거리,16999.0,37.5831,127.0009,18시,1114.0
0,20170715.0,토,창경궁로(서울여자대학교),A-06,유입,성균관대입구->원남동사거리,16999.0,37.5831,127.0009,19시,937.0
0,20170715.0,토,창경궁로(서울여자대학교),A-06,유입,성균관대입구->원남동사거리,16999.0,37.5831,127.0009,20시,921.0
0,20170716.0,일,창경궁로(서울여자대학교),A-06,유입,성균관대입구->원남동사거리,16038.0,37.5831,127.0009,8시,1009.0
0,20170716.0,일,창경궁로(서울여자대학교),A-06,유입,성균관대입구->원남동사거리,16038.0,37.5831,127.0009,9시,1232.0
0,20170716.0,일,창경궁로(서울여자대학교),A-06,유입,성균관대입구->원남동사거리,16038.0,37.5831,127.0009,10시,1306.0
0,20170716.0,일,창경궁로(서울여자대학교),A-06,유입,성균관대입구->원남동사거리,16038.0,37.5831,127.0009,11시,1241.0
0,20170716.0,일,창경궁로(서울여자대학교),A-06,유입,성균관대입구->원남동사거리,16038.0,37.5831,127.0009,12시,1399.0
0,20170716.0,일,창경궁로(서울여자대학교),A-06,유입,성균관대입구->원남동사거리,16038.0,37.5831,127.0009,13시,1417.0
0,20170716.0,일,창경궁로(서울여자대학교),A-06,유입,성균관대입구->원남동사거리,16038.0,37.5831,127.0009,14시,1394.0
0,20170716.0,일,창경궁로(서울여자대학교),A-06,유입,성균관대입구->원남동사거리,16038.0,37.5831,127.0009,15시,1272.0
0,20170716.0,일,창경궁로(서울여자대학교),A-06,유입,성균관대입구->원남동사거리,16038.0,37.5831,127.0009,16시,1255.0
0,20170716.0,일,창경궁로(서울여자대학교),A-06,유입,성균관대입구->원남동사거리,16038.0,37.5831,127.0009,17시,1259.0
0,20170716.0,일,창경궁로(서울여자대학교),A-06,유입,성균관대입구->원남동사거리,16038.0,37.5831,127.0009,18시,1100.0
0,20170716.0,일,창경궁로(서울여자대학교),A-06,유입,성균관대입구->원남동사거리,16038.0,37.5831,127.0009,19시,1032.0
0,20170716.0,일,창경궁로(서울여자대학교),A-06,유입,성균관대입구->원남동사거리,16038.0,37.5831,127.0009,20시,1122.0
0,20170717.0,월,창경궁로(서울여자대학교),A-06,유입,성균관대입구->원남동사거리,16126.0,37.5831,127.0009,8시,1723.0
0,20170717.0,월,창경궁로(서울여자대학교),A-06,유입,성균관대입구->원남동사거리,16126.0,37.5831,127.0009,9시,1748.0
0,20170717.0,월,창경궁로(서울여자대학교),A-06,유입,성균관대입구->원남동사거리,16126.0,37.5831,127.0009,10시,1414.0
0,20170717.0,월,창경궁로(서울여자대학교),A-06,유입,성균관대입구->원남동사거리,16126.0,37.5831,127.0009,11시,1339.0
0,20170717.0,월,창경궁로(서울여자대학교),A-06,유입,성균관대입구->원남동사거리,16126.0,37.5831,127.0009,12시,1198.0
0,20170717.0,월,창경궁로(서울여자대학교),A-06,유입,성균관대입구->원남동사거리,16126.0,37.5831,127.0009,13시,1334.0
0,20170717.0,월,창경궁로(서울여자대학교),A-06,유입,성균관대입구->원남동사거리,16126.0,37.5831,127.0009,14시,1208.0
0,20170717.0,월,창경궁로(서울여자대학교),A-06,유입,성균관대입구->원남동사거리,16126.0,37.5831,127.0009,15시,1184.0
0,20170717.0,월,창경궁로(서울여자대학교),A-06,유입,성균관대입구->원남동사거리,16126.0,37.5831,127.0009,16시,1133.0
0,20170717.0,월,창경궁로(서울여자대학교),A-06,유입,성균관대입구->원남동사거리,16126.0,37.5831,127.0009,17시,1149.0
0,20170717.0,월,창경궁로(서울여자대학교),A-06,유입,성균관대입구->원남동사거리,16126.0,37.5831,127.0009,18시,964.0
0,20170717.0,월,창경궁로(서울여자대학교),A-06,유입,성균관대입구->원남동사거리,16126.0,37.5831,127.0009,19시,814.0
0,20170717.0,월,창경궁로(서울여자대학교),A-06,유입,성균관대입구->원남동사거리,16126.0,37.5831,127.0009,20시,918.0
0,20170718.0,화,창경궁로(서울여자대학교),A-06,유입,성균관대입구->원남동사거리,17197.0,37.5831,127.0009,8시,2198.0
0,20170718.0,화,창경궁로(서울여자대학교),A-06,유입,성균관대입구->원남동사거리,17197.0,37.5831,127.0009,9시,1875.0
0,20170718.0,화,창경궁로(서울여자대학교),A-06,유입,성균관대입구->원남동사거리,17197.0,37.5831,127.0009,10시,1578.0
0,20170718.0,화,창경궁로(서울여자대학교),A-06,유입,성균관대입구->원남동사거리,17197.0,37.5831,127.0009,11시,1545.0
0,20170718.0,화,창경궁로(서울여자대학교),A-06,유입,성균관대입구->원남동사거리,17197.0,37.5831,127.0009,12시,1341.0
0,20170718.0,화,창경궁로(서울여자대학교),A-06,유입,성균관대입구->원남동사거리,17197.0,37.5831,127.0009,13시,1369.0
0,20170718.0,화,창경궁로(서울여자대학교),A-06,유입,성균관대입구->원남동사거리,17197.0,37.5831,127.0009,14시,1188.0
0,20170718.0,화,창경궁로(서울여자대학교),A-06,유입,성균관대입구->원남동사거리,17197.0,37.5831,127.0009,15시,1162.0
0,20170718.0,화,창경궁로(서울여자대학교),A-06,유입,성균관대입구->원남동사거리,17197.0,37.5831,127.0009,16시,1169.0
0,20170718.0,화,창경궁로(서울여자대학교),A-06,유입,성균관대입구->원남동사거리,17197.0,37.5831,127.0009,17시,1079.0
0,20170718.0,화,창경궁로(서울여자대학교),A-06,유입,성균관대입구->원남동사거리,17197.0,37.5831,127.0009,18시,973.0
0,20170718.0,화,창경궁로(서울여자대학교),A-06,유입,성균관대입구->원남동사거리,17197.0,37.5831,127.0009,19시,832.0
0,20170718.0,화,창경궁로(서울여자대학교),A-06,유입,성균관대입구->원남동사거리,17197.0,37.5831,127.0009,20시,888.0
0,20170719.0,수,창경궁로(서울여자대학교),A-06,유입,성균관대입구->원남동사거리,17190.0,37.5831,127.0009,8시,2275.0
0,20170719.0,수,창경궁로(서울여자대학교),A-06,유입,성균관대입구->원남동사거리,17190.0,37.5831,127.0009,9시,1808.0
0,20170719.0,수,창경궁로(서울여자대학교),A-06,유입,성균관대입구->원남동사거리,17190.0,37.5831,127.0009,10시,1564.0
0,20170719.0,수,창경궁로(서울여자대학교),A-06,유입,성균관대입구->원남동사거리,17190.0,37.5831,127.0009,11시,1320.0
0,20170719.0,수,창경궁로(서울여자대학교),A-06,유입,성균관대입구->원남동사거리,17190.0,37.5831,127.0009,12시,1269.0
0,20170719.0,수,창경궁로(서울여자대학교),A-06,유입,성균관대입구->원남동사거리,17190.0,37.5831,127.0009,13시,1357.0
0,20170719.0,수,창경궁로(서울여자대학교),A-06,유입,성균관대입구->원남동사거리,17190.0,37.5831,127.0009,14시,1235.0
0,20170719.0,수,창경궁로(서울여자대학교),A-06,유입,성균관대입구->원남동사거리,17190.0,37.5831,127.0009,15시,1143.0
0,20170719.0,수,창경궁로(서울여자대학교),A-06,유입,성균관대입구->원남동사거리,17190.0,37.5831,127.0009,16시,1189.0
0,20170719.0,수,창경궁로(서울여자대학교),A-06,유입,성균관대입구->원남동사거리,17190.0,37.5831,127.0009,17시,1223.0
0,20170719.0,수,창경궁로(서울여자대학교),A-06,유입,성균관대입구->원남동사거리,17190.0,37.5831,127.0009,18시,1002.0
0,20170719.0,수,창경궁로(서울여자대학교),A-06,유입,성균관대입구->원남동사거리,17190.0,37.5831,127.0009,19시,927.0
0,20170719.0,수,창경궁로(서울여자대학교),A-06,유입,성균관대입구->원남동사거리,17190.0,37.5831,127.0009,20시,878.0
0,20170720.0,목,창경궁로(서울여자대학교),A-06,유입,성균관대입구->원남동사거리,17239.0,37.5831,127.0009,8시,2237.0
0,20170720.0,목,창경궁로(서울여자대학교),A-06,유입,성균관대입구->원남동사거리,17239.0,37.5831,127.0009,9시,1883.0
0,20170720.0,목,창경궁로(서울여자대학교),A-06,유입,성균관대입구->원남동사거리,17239.0,37.5831,127.0009,10시,1532.0
0,20170720.0,목,창경궁로(서울여자대학교),A-06,유입,성균관대입구->원남동사거리,17239.0,37.5831,127.0009,11시,1419.0
0,20170720.0,목,창경궁로(서울여자대학교),A-06,유입,성균관대입구->원남동사거리,17239.0,37.5831,127.0009,12시,1283.0
0,20170720.0,목,창경궁로(서울여자대학교),A-06,유입,성균관대입구->원남동사거리,17239.0,37.5831,127.0009,13시,1356.0
0,20170720.0,목,창경궁로(서울여자대학교),A-06,유입,성균관대입구->원남동사거리,17239.0,37.5831,127.0009,14시,1203.0
0,20170720.0,목,창경궁로(서울여자대학교),A-06,유입,성균관대입구->원남동사거리,17239.0,37.5831,127.0009,15시,1174.0
0,20170720.0,목,창경궁로(서울여자대학교),A-06,유입,성균관대입구->원남동사거리,17239.0,37.5831,127.0009,16시,1195.0
0,20170720.0,목,창경궁로(서울여자대학교),A-06,유입,성균관대입구->원남동사거리,17239.0,37.5831,127.0009,17시,1138.0
0,20170720.0,목,창경궁로(서울여자대학교),A-06,유입,성균관대입구->원남동사거리,17239.0,37.5831,127.0009,18시,965.0
0,20170720.0,목,창경궁로(서울여자대학교),A-06,유입,성균관대입구->원남동사거리,17239.0,37.5831,127.0009,19시,922.0
0,20170720.0,목,창경궁로(서울여자대학교),A-06,유입,성균관대입구->원남동사거리,17239.0,37.5831,127.0009,20시,932.0
0,20170721.0,금,창경궁로(서울여자대학교),A-06,유입,성균관대입구->원남동사거리,18018.0,37.5831,127.0009,8시,2338.0
0,20170721.0,금,창경궁로(서울여자대학교),A-06,유입,성균관대입구->원남동사거리,18018.0,37.5831,127.0009,9시,1853.0
0,20170721.0,금,창경궁로(서울여자대학교),A-06,유입,성균관대입구->원남동사거리,18018.0,37.5831,127.0009,10시,1529.0
0,20170721.0,금,창경궁로(서울여자대학교),A-06,유입,성균관대입구->원남동사거리,18018.0,37.5831,127.0009,11시,1367.0
0,20170721.0,금,창경궁로(서울여자대학교),A-06,유입,성균관대입구->원남동사거리,18018.0,37.5831,127.0009,12시,1473.0
0,20170721.0,금,창경궁로(서울여자대학교),A-06,유입,성균관대입구->원남동사거리,18018.0,37.5831,127.0009,13시,1356.0
0,20170721.0,금,창경궁로(서울여자대학교),A-06,유입,성균관대입구->원남동사거리,18018.0,37.5831,127.0009,14시,1329.0
0,20170721.0,금,창경궁로(서울여자대학교),A-06,유입,성균관대입구->원남동사거리,18018.0,37.5831,127.0009,15시,1353.0
0,20170721.0,금,창경궁로(서울여자대학교),A-06,유입,성균관대입구->원남동사거리,18018.0,37.5831,127.0009,16시,1296.0
0,20170721.0,금,창경궁로(서울여자대학교),A-06,유입,성균관대입구->원남동사거리,18018.0,37.5831,127.0009,17시,1183.0
0,20170721.0,금,창경궁로(서울여자대학교),A-06,유입,성균관대입구->원남동사거리,18018.0,37.5831,127.0009,18시,1008.0
0,20170721.0,금,창경궁로(서울여자대학교),A-06,유입,성균관대입구->원남동사거리,18018.0,37.5831,127.0009,19시,941.0
0,20170721.0,금,창경궁로(서울여자대학교),A-06,유입,성균관대입구->원남동사거리,18018.0,37.5831,127.0009,20시,992.0
0,20170722.0,토,창경궁로(서울여자대학교),A-06,유입,성균관대입구->원남동사거리,17818.0,37.5831,127.0009,8시,1488.0
0,20170722.0,토,창경궁로(서울여자대학교),A-06,유입,성균관대입구->원남동사거리,17818.0,37.5831,127.0009,9시,1534.0
0,20170722.0,토,창경궁로(서울여자대학교),A-06,유입,성균관대입구->원남동사거리,17818.0,37.5831,127.0009,10시,1560.0
0,20170722.0,토,창경궁로(서울여자대학교),A-06,유입,성균관대입구->원남동사거리,17818.0,37.5831,127.0009,11시,1422.0
0,20170722.0,토,창경궁로(서울여자대학교),A-06,유입,성균관대입구->원남동사거리,17818.0,37.5831,127.0009,12시,1527.0
0,20170722.0,토,창경궁로(서울여자대학교),A-06,유입,성균관대입구->원남동사거리,17818.0,37.5831,127.0009,13시,1479.0
0,20170722.0,토,창경궁로(서울여자대학교),A-06,유입,성균관대입구->원남동사거리,17818.0,37.5831,127.0009,14시,1370.0
0,20170722.0,토,창경궁로(서울여자대학교),A-06,유입,성균관대입구->원남동사거리,17818.0,37.5831,127.0009,15시,1638.0
0,20170722.0,토,창경궁로(서울여자대학교),A-06,유입,성균관대입구->원남동사거리,17818.0,37.5831,127.0009,16시,1298.0
0,20170722.0,토,창경궁로(서울여자대학교),A-06,유입,성균관대입구->원남동사거리,17818.0,37.5831,127.0009,17시,1233.0
0,20170722.0,토,창경궁로(서울여자대학교),A-06,유입,성균관대입구->원남동사거리,17818.0,37.5831,127.0009,18시,1203.0
0,20170722.0,토,창경궁로(서울여자대학교),A-06,유입,성균관대입구->원남동사거리,17818.0,37.5831,127.0009,19시,965.0
0,20170722.0,토,창경궁로(서울여자대학교),A-06,유입,성균관대입구->원남동사거리,17818.0,37.5831,127.0009,20시,1101.0
0,20170723.0,일,창경궁로(서울여자대학교),A-06,유입,성균관대입구->원남동사거리,15300.0,37.5831,127.0009,8시,987.0
0,20170723.0,일,창경궁로(서울여자대학교),A-06,유입,성균관대입구->원남동사거리,15300.0,37.5831,127.0009,9시,1196.0
0,20170723.0,일,창경궁로(서울여자대학교),A-06,유입,성균관대입구->원남동사거리,15300.0,37.5831,127.0009,10시,1241.0
0,20170723.0,일,창경궁로(서울여자대학교),A-06,유입,성균관대입구->원남동사거리,15300.0,37.5831,127.0009,11시,1184.0
0,20170723.0,일,창경궁로(서울여자대학교),A-06,유입,성균관대입구->원남동사거리,15300.0,37.5831,127.0009,12시,1252.0
0,20170723.0,일,창경궁로(서울여자대학교),A-06,유입,성균관대입구->원남동사거리,15300.0,37.5831,127.0009,13시,1311.0
0,20170723.0,일,창경궁로(서울여자대학교),A-06,유입,성균관대입구->원남동사거리,15300.0,37.5831,127.0009,14시,1349.0
0,20170723.0,일,창경궁로(서울여자대학교),A-06,유입,성균관대입구->원남동사거리,15300.0,37.5831,127.0009,15시,1289.0
0,20170723.0,일,창경궁로(서울여자대학교),A-06,유입,성균관대입구->원남동사거리,15300.0,37.5831,127.0009,16시,1243.0
0,20170723.0,일,창경궁로(서울여자대학교),A-06,유입,성균관대입구->원남동사거리,15300.0,37.5831,127.0009,17시,1164.0
0,20170723.0,일,창경궁로(서울여자대학교),A-06,유입,성균관대입구->원남동사거리,15300.0,37.5831,127.0009,18시,1114.0
0,20170723.0,일,창경궁로(서울여자대학교),A-06,유입,성균관대입구->원남동사거리,15300.0,37.5831,127.0009,19시,1015.0
0,20170723.0,일,창경궁로(서울여자대학교),A-06,유입,성균관대입구->원남동사거리,15300.0,37.5831,127.0009,20시,955.0
0,20170724.0,월,창경궁로(서울여자대학교),A-06,유입,성균관대입구->원남동사거리,16811.0,37.5831,127.0009,8시,2286.0
0,20170724.0,월,창경궁로(서울여자대학교),A-06,유입,성균관대입구->원남동사거리,16811.0,37.5831,127.0009,9시,1792.0
0,20170724.0,월,창경궁로(서울여자대학교),A-06,유입,성균관대입구->원남동사거리,16811.0,37.5831,127.0009,10시,1540.0
0,20170724.0,월,창경궁로(서울여자대학교),A-06,유입,성균관대입구->원남동사거리,16811.0,37.5831,127.0009,11시,1269.0
0,20170724.0,월,창경궁로(서울여자대학교),A-06,유입,성균관대입구->원남동사거리,16811.0,37.5831,127.0009,12시,1244.0
0,20170724.0,월,창경궁로(서울여자대학교),A-06,유입,성균관대입구->원남동사거리,16811.0,37.5831,127.0009,13시,1339.0
0,20170724.0,월,창경궁로(서울여자대학교),A-06,유입,성균관대입구->원남동사거리,16811.0,37.5831,127.0009,14시,1241.0
0,20170724.0,월,창경궁로(서울여자대학교),A-06,유입,성균관대입구->원남동사거리,16811.0,37.5831,127.0009,15시,1207.0
0,20170724.0,월,창경궁로(서울여자대학교),A-06,유입,성균관대입구->원남동사거리,16811.0,37.5831,127.0009,16시,1144.0
0,20170724.0,월,창경궁로(서울여자대학교),A-06,유입,성균관대입구->원남동사거리,16811.0,37.5831,127.0009,17시,1020.0
0,20170724.0,월,창경궁로(서울여자대학교),A-06,유입,성균관대입구->원남동사거리,16811.0,37.5831,127.0009,18시,1011.0
0,20170724.0,월,창경궁로(서울여자대학교),A-06,유입,성균관대입구->원남동사거리,16811.0,37.5831,127.0009,19시,812.0
0,20170724.0,월,창경궁로(서울여자대학교),A-06,유입,성균관대입구->원남동사거리,16811.0,37.5831,127.0009,20시,906.0
0,20170725.0,화,창경궁로(서울여자대학교),A-06,유입,성균관대입구->원남동사거리,16947.0,37.5831,127.0009,8시,2287.0
0,20170725.0,화,창경궁로(서울여자대학교),A-06,유입,성균관대입구->원남동사거리,16947.0,37.5831,127.0009,9시,1804.0
0,20170725.0,화,창경궁로(서울여자대학교),A-06,유입,성균관대입구->원남동사거리,16947.0,37.5831,127.0009,10시,1427.0
0,20170725.0,화,창경궁로(서울여자대학교),A-06,유입,성균관대입구->원남동사거리,16947.0,37.5831,127.0009,11시,1450.0
0,20170725.0,화,창경궁로(서울여자대학교),A-06,유입,성균관대입구->원남동사거리,16947.0,37.5831,127.0009,12시,1358.0
0,20170725.0,화,창경궁로(서울여자대학교),A-06,유입,성균관대입구->원남동사거리,16947.0,37.5831,127.0009,13시,1307.0
0,20170725.0,화,창경궁로(서울여자대학교),A-06,유입,성균관대입구->원남동사거리,16947.0,37.5831,127.0009,14시,1234.0
0,20170725.0,화,창경궁로(서울여자대학교),A-06,유입,성균관대입구->원남동사거리,16947.0,37.5831,127.0009,15시,1109.0
0,20170725.0,화,창경궁로(서울여자대학교),A-06,유입,성균관대입구->원남동사거리,16947.0,37.5831,127.0009,16시,1127.0
0,20170725.0,화,창경궁로(서울여자대학교),A-06,유입,성균관대입구->원남동사거리,16947.0,37.5831,127.0009,17시,1119.0
0,20170725.0,화,창경궁로(서울여자대학교),A-06,유입,성균관대입구->원남동사거리,16947.0,37.5831,127.0009,18시,1008.0
0,20170725.0,화,창경궁로(서울여자대학교),A-06,유입,성균관대입구->원남동사거리,16947.0,37.5831,127.0009,19시,812.0
0,20170725.0,화,창경궁로(서울여자대학교),A-06,유입,성균관대입구->원남동사거리,16947.0,37.5831,127.0009,20시,905.0
0,20170726.0,수,창경궁로(서울여자대학교),A-06,유입,성균관대입구->원남동사거리,17236.0,37.5831,127.0009,8시,2292.0
0,20170726.0,수,창경궁로(서울여자대학교),A-06,유입,성균관대입구->원남동사거리,17236.0,37.5831,127.0009,9시,1754.0
0,20170726.0,수,창경궁로(서울여자대학교),A-06,유입,성균관대입구->원남동사거리,17236.0,37.5831,127.0009,10시,1507.0
0,20170726.0,수,창경궁로(서울여자대학교),A-06,유입,성균관대입구->원남동사거리,17236.0,37.5831,127.0009,11시,1347.0
0,20170726.0,수,창경궁로(서울여자대학교),A-06,유입,성균관대입구->원남동사거리,17236.0,37.5831,127.0009,12시,1301.0
0,20170726.0,수,창경궁로(서울여자대학교),A-06,유입,성균관대입구->원남동사거리,17236.0,37.5831,127.0009,13시,1319.0
0,20170726.0,수,창경궁로(서울여자대학교),A-06,유입,성균관대입구->원남동사거리,17236.0,37.5831,127.0009,14시,1269.0
0,20170726.0,수,창경궁로(서울여자대학교),A-06,유입,성균관대입구->원남동사거리,17236.0,37.5831,127.0009,15시,1228.0
0,20170726.0,수,창경궁로(서울여자대학교),A-06,유입,성균관대입구->원남동사거리,17236.0,37.5831,127.0009,16시,1172.0
0,20170726.0,수,창경궁로(서울여자대학교),A-06,유입,성균관대입구->원남동사거리,17236.0,37.5831,127.0009,17시,1204.0
0,20170726.0,수,창경궁로(서울여자대학교),A-06,유입,성균관대입구->원남동사거리,17236.0,37.5831,127.0009,18시,1034.0
0,20170726.0,수,창경궁로(서울여자대학교),A-06,유입,성균관대입구->원남동사거리,17236.0,37.5831,127.0009,19시,878.0
0,20170726.0,수,창경궁로(서울여자대학교),A-06,유입,성균관대입구->원남동사거리,17236.0,37.5831,127.0009,20시,931.0
0,20170727.0,목,창경궁로(서울여자대학교),A-06,유입,성균관대입구->원남동사거리,17173.0,37.5831,127.0009,8시,2229.0
0,20170727.0,목,창경궁로(서울여자대학교),A-06,유입,성균관대입구->원남동사거리,17173.0,37.5831,127.0009,9시,1806.0
0,20170727.0,목,창경궁로(서울여자대학교),A-06,유입,성균관대입구->원남동사거리,17173.0,37.5831,127.0009,10시,1506.0
0,20170727.0,목,창경궁로(서울여자대학교),A-06,유입,성균관대입구->원남동사거리,17173.0,37.5831,127.0009,11시,1440.0
0,20170727.0,목,창경궁로(서울여자대학교),A-06,유입,성균관대입구->원남동사거리,17173.0,37.5831,127.0009,12시,1248.0
0,20170727.0,목,창경궁로(서울여자대학교),A-06,유입,성균관대입구->원남동사거리,17173.0,37.5831,127.0009,13시,1276.0
0,20170727.0,목,창경궁로(서울여자대학교),A-06,유입,성균관대입구->원남동사거리,17173.0,37.5831,127.0009,14시,1307.0
0,20170727.0,목,창경궁로(서울여자대학교),A-06,유입,성균관대입구->원남동사거리,17173.0,37.5831,127.0009,15시,1237.0
0,20170727.0,목,창경궁로(서울여자대학교),A-06,유입,성균관대입구->원남동사거리,17173.0,37.5831,127.0009,16시,1176.0
0,20170727.0,목,창경궁로(서울여자대학교),A-06,유입,성균관대입구->원남동사거리,17173.0,37.5831,127.0009,17시,1137.0
0,20170727.0,목,창경궁로(서울여자대학교),A-06,유입,성균관대입구->원남동사거리,17173.0,37.5831,127.0009,18시,926.0
0,20170727.0,목,창경궁로(서울여자대학교),A-06,유입,성균관대입구->원남동사거리,17173.0,37.5831,127.0009,19시,928.0
0,20170727.0,목,창경궁로(서울여자대학교),A-06,유입,성균관대입구->원남동사거리,17173.0,37.5831,127.0009,20시,957.0
0,20170728.0,금,창경궁로(서울여자대학교),A-06,유입,성균관대입구->원남동사거리,17455.0,37.5831,127.0009,8시,2224.0
0,20170728.0,금,창경궁로(서울여자대학교),A-06,유입,성균관대입구->원남동사거리,17455.0,37.5831,127.0009,9시,1825.0
0,20170728.0,금,창경궁로(서울여자대학교),A-06,유입,성균관대입구->원남동사거리,17455.0,37.5831,127.0009,10시,1569.0
0,20170728.0,금,창경궁로(서울여자대학교),A-06,유입,성균관대입구->원남동사거리,17455.0,37.5831,127.0009,11시,1390.0
0,20170728.0,금,창경궁로(서울여자대학교),A-06,유입,성균관대입구->원남동사거리,17455.0,37.5831,127.0009,12시,1358.0
0,20170728.0,금,창경궁로(서울여자대학교),A-06,유입,성균관대입구->원남동사거리,17455.0,37.5831,127.0009,13시,1341.0
0,20170728.0,금,창경궁로(서울여자대학교),A-06,유입,성균관대입구->원남동사거리,17455.0,37.5831,127.0009,14시,1220.0
0,20170728.0,금,창경궁로(서울여자대학교),A-06,유입,성균관대입구->원남동사거리,17455.0,37.5831,127.0009,15시,1233.0
0,20170728.0,금,창경궁로(서울여자대학교),A-06,유입,성균관대입구->원남동사거리,17455.0,37.5831,127.0009,16시,1136.0
0,20170728.0,금,창경궁로(서울여자대학교),A-06,유입,성균관대입구->원남동사거리,17455.0,37.5831,127.0009,17시,1152.0
0,20170728.0,금,창경궁로(서울여자대학교),A-06,유입,성균관대입구->원남동사거리,17455.0,37.5831,127.0009,18시,1073.0
0,20170728.0,금,창경궁로(서울여자대학교),A-06,유입,성균관대입구->원남동사거리,17455.0,37.5831,127.0009,19시,946.0
0,20170728.0,금,창경궁로(서울여자대학교),A-06,유입,성균관대입구->원남동사거리,17455.0,37.5831,127.0009,20시,988.0
0,20170729.0,토,창경궁로(서울여자대학교),A-06,유입,성균관대입구->원남동사거리,17755.0,37.5831,127.0009,8시,1393.0
0,20170729.0,토,창경궁로(서울여자대학교),A-06,유입,성균관대입구->원남동사거리,17755.0,37.5831,127.0009,9시,1538.0
0,20170729.0,토,창경궁로(서울여자대학교),A-06,유입,성균관대입구->원남동사거리,17755.0,37.5831,127.0009,10시,1454.0
0,20170729.0,토,창경궁로(서울여자대학교),A-06,유입,성균관대입구->원남동사거리,17755.0,37.5831,127.0009,11시,1529.0
0,20170729.0,토,창경궁로(서울여자대학교),A-06,유입,성균관대입구->원남동사거리,17755.0,37.5831,127.0009,12시,1495.0
0,20170729.0,토,창경궁로(서울여자대학교),A-06,유입,성균관대입구->원남동사거리,17755.0,37.5831,127.0009,13시,1391.0
0,20170729.0,토,창경궁로(서울여자대학교),A-06,유입,성균관대입구->원남동사거리,17755.0,37.5831,127.0009,14시,1456.0
0,20170729.0,토,창경궁로(서울여자대학교),A-06,유입,성균관대입구->원남동사거리,17755.0,37.5831,127.0009,15시,1422.0
0,20170729.0,토,창경궁로(서울여자대학교),A-06,유입,성균관대입구->원남동사거리,17755.0,37.5831,127.0009,16시,1322.0
0,20170729.0,토,창경궁로(서울여자대학교),A-06,유입,성균관대입구->원남동사거리,17755.0,37.5831,127.0009,17시,1351.0
0,20170729.0,토,창경궁로(서울여자대학교),A-06,유입,성균관대입구->원남동사거리,17755.0,37.5831,127.0009,18시,1219.0
0,20170729.0,토,창경궁로(서울여자대학교),A-06,유입,성균관대입구->원남동사거리,17755.0,37.5831,127.0009,19시,1066.0
0,20170729.0,토,창경궁로(서울여자대학교),A-06,유입,성균관대입구->원남동사거리,17755.0,37.5831,127.0009,20시,1119.0
0,20170730.0,일,창경궁로(서울여자대학교),A-06,유입,성균관대입구->원남동사거리,16277.0,37.5831,127.0009,8시,1024.0
0,20170730.0,일,창경궁로(서울여자대학교),A-06,유입,성균관대입구->원남동사거리,16277.0,37.5831,127.0009,9시,1156.0
0,20170730.0,일,창경궁로(서울여자대학교),A-06,유입,성균관대입구->원남동사거리,16277.0,37.5831,127.0009,10시,1361.0
0,20170730.0,일,창경궁로(서울여자대학교),A-06,유입,성균관대입구->원남동사거리,16277.0,37.5831,127.0009,11시,1308.0
0,20170730.0,일,창경궁로(서울여자대학교),A-06,유입,성균관대입구->원남동사거리,16277.0,37.5831,127.0009,12시,1427.0
0,20170730.0,일,창경궁로(서울여자대학교),A-06,유입,성균관대입구->원남동사거리,16277.0,37.5831,127.0009,13시,1447.0
0,20170730.0,일,창경궁로(서울여자대학교),A-06,유입,성균관대입구->원남동사거리,16277.0,37.5831,127.0009,14시,1354.0
0,20170730.0,일,창경궁로(서울여자대학교),A-06,유입,성균관대입구->원남동사거리,16277.0,37.5831,127.0009,15시,1465.0
0,20170730.0,일,창경궁로(서울여자대학교),A-06,유입,성균관대입구->원남동사거리,16277.0,37.5831,127.0009,16시,1334.0
0,20170730.0,일,창경궁로(서울여자대학교),A-06,유입,성균관대입구->원남동사거리,16277.0,37.5831,127.0009,17시,1238.0
0,20170730.0,일,창경궁로(서울여자대학교),A-06,유입,성균관대입구->원남동사거리,16277.0,37.5831,127.0009,18시,1118.0
0,20170730.0,일,창경궁로(서울여자대학교),A-06,유입,성균관대입구->원남동사거리,16277.0,37.5831,127.0009,19시,1011.0
0,20170730.0,일,창경궁로(서울여자대학교),A-06,유입,성균관대입구->원남동사거리,16277.0,37.5831,127.0009,20시,1034.0
0,20170731.0,월,창경궁로(서울여자대학교),A-06,유입,성균관대입구->원남동사거리,16912.0,37.5831,127.0009,8시,2197.0
0,20170731.0,월,창경궁로(서울여자대학교),A-06,유입,성균관대입구->원남동사거리,16912.0,37.5831,127.0009,9시,1724.0
0,20170731.0,월,창경궁로(서울여자대학교),A-06,유입,성균관대입구->원남동사거리,16912.0,37.5831,127.0009,10시,1449.0
0,20170731.0,월,창경궁로(서울여자대학교),A-06,유입,성균관대입구->원남동사거리,16912.0,37.5831,127.0009,11시,1342.0
0,20170731.0,월,창경궁로(서울여자대학교),A-06,유입,성균관대입구->원남동사거리,16912.0,37.5831,127.0009,12시,1307.0
0,20170731.0,월,창경궁로(서울여자대학교),A-06,유입,성균관대입구->원남동사거리,16912.0,37.5831,127.0009,13시,1336.0
0,20170731.0,월,창경궁로(서울여자대학교),A-06,유입,성균관대입구->원남동사거리,16912.0,37.5831,127.0009,14시,1279.0
0,20170731.0,월,창경궁로(서울여자대학교),A-06,유입,성균관대입구->원남동사거리,16912.0,37.5831,127.0009,15시,1270.0
0,20170731.0,월,창경궁로(서울여자대학교),A-06,유입,성균관대입구->원남동사거리,16912.0,37.5831,127.0009,16시,1177.0
0,20170731.0,월,창경궁로(서울여자대학교),A-06,유입,성균관대입구->원남동사거리,16912.0,37.5831,127.0009,17시,1120.0
0,20170731.0,월,창경궁로(서울여자대학교),A-06,유입,성균관대입구->원남동사거리,16912.0,37.5831,127.0009,18시,925.0
0,20170731.0,월,창경궁로(서울여자대학교),A-06,유입,성균관대입구->원남동사거리,16912.0,37.5831,127.0009,19시,859.0
0,20170731.0,월,창경궁로(서울여자대학교),A-06,유입,성균관대입구->원남동사거리,16912.0,37.5831,127.0009,20시,927.0
0,20170701.0,토,창경궁로(서울여자대학교),A-06,유출,원남동사거리->성균관대입구,10639.0,37.5831,127.0009,8시,457.0
0,20170701.0,토,창경궁로(서울여자대학교),A-06,유출,원남동사거리->성균관대입구,10639.0,37.5831,127.0009,9시,498.0
0,20170701.0,토,창경궁로(서울여자대학교),A-06,유출,원남동사거리->성균관대입구,10639.0,37.5831,127.0009,10시,729.0
0,20170701.0,토,창경궁로(서울여자대학교),A-06,유출,원남동사거리->성균관대입구,10639.0,37.5831,127.0009,11시,794.0
0,20170701.0,토,창경궁로(서울여자대학교),A-06,유출,원남동사거리->성균관대입구,10639.0,37.5831,127.0009,12시,771.0
0,20170701.0,토,창경궁로(서울여자대학교),A-06,유출,원남동사거리->성균관대입구,10639.0,37.5831,127.0009,13시,857.0
0,20170701.0,토,창경궁로(서울여자대학교),A-06,유출,원남동사거리->성균관대입구,10639.0,37.5831,127.0009,14시,899.0
0,20170701.0,토,창경궁로(서울여자대학교),A-06,유출,원남동사거리->성균관대입구,10639.0,37.5831,127.0009,15시,861.0
0,20170701.0,토,창경궁로(서울여자대학교),A-06,유출,원남동사거리->성균관대입구,10639.0,37.5831,127.0009,16시,895.0
0,20170701.0,토,창경궁로(서울여자대학교),A-06,유출,원남동사거리->성균관대입구,10639.0,37.5831,127.0009,17시,954.0
0,20170701.0,토,창경궁로(서울여자대학교),A-06,유출,원남동사거리->성균관대입구,10639.0,37.5831,127.0009,18시,1004.0
0,20170701.0,토,창경궁로(서울여자대학교),A-06,유출,원남동사거리->성균관대입구,10639.0,37.5831,127.0009,19시,928.0
0,20170701.0,토,창경궁로(서울여자대학교),A-06,유출,원남동사거리->성균관대입구,10639.0,37.5831,127.0009,20시,992.0
0,20170702.0,일,창경궁로(서울여자대학교),A-06,유출,원남동사거리->성균관대입구,9625.0,37.5831,127.0009,8시,408.0
0,20170702.0,일,창경궁로(서울여자대학교),A-06,유출,원남동사거리->성균관대입구,9625.0,37.5831,127.0009,9시,556.0
0,20170702.0,일,창경궁로(서울여자대학교),A-06,유출,원남동사거리->성균관대입구,9625.0,37.5831,127.0009,10시,599.0
0,20170702.0,일,창경궁로(서울여자대학교),A-06,유출,원남동사거리->성균관대입구,9625.0,37.5831,127.0009,11시,595.0
0,20170702.0,일,창경궁로(서울여자대학교),A-06,유출,원남동사거리->성균관대입구,9625.0,37.5831,127.0009,12시,738.0
0,20170702.0,일,창경궁로(서울여자대학교),A-06,유출,원남동사거리->성균관대입구,9625.0,37.5831,127.0009,13시,804.0
0,20170702.0,일,창경궁로(서울여자대학교),A-06,유출,원남동사거리->성균관대입구,9625.0,37.5831,127.0009,14시,873.0
0,20170702.0,일,창경궁로(서울여자대학교),A-06,유출,원남동사거리->성균관대입구,9625.0,37.5831,127.0009,15시,866.0
0,20170702.0,일,창경궁로(서울여자대학교),A-06,유출,원남동사거리->성균관대입구,9625.0,37.5831,127.0009,16시,923.0
0,20170702.0,일,창경궁로(서울여자대학교),A-06,유출,원남동사거리->성균관대입구,9625.0,37.5831,127.0009,17시,921.0
0,20170702.0,일,창경궁로(서울여자대학교),A-06,유출,원남동사거리->성균관대입구,9625.0,37.5831,127.0009,18시,910.0
0,20170702.0,일,창경궁로(서울여자대학교),A-06,유출,원남동사거리->성균관대입구,9625.0,37.5831,127.0009,19시,709.0
0,20170702.0,일,창경궁로(서울여자대학교),A-06,유출,원남동사거리->성균관대입구,9625.0,37.5831,127.0009,20시,723.0
0,20170703.0,월,창경궁로(서울여자대학교),A-06,유출,원남동사거리->성균관대입구,11430.0,37.5831,127.0009,8시,592.0
0,20170703.0,월,창경궁로(서울여자대학교),A-06,유출,원남동사거리->성균관대입구,11430.0,37.5831,127.0009,9시,663.0
0,20170703.0,월,창경궁로(서울여자대학교),A-06,유출,원남동사거리->성균관대입구,11430.0,37.5831,127.0009,10시,668.0
0,20170703.0,월,창경궁로(서울여자대학교),A-06,유출,원남동사거리->성균관대입구,11430.0,37.5831,127.0009,11시,892.0
0,20170703.0,월,창경궁로(서울여자대학교),A-06,유출,원남동사거리->성균관대입구,11430.0,37.5831,127.0009,12시,855.0
0,20170703.0,월,창경궁로(서울여자대학교),A-06,유출,원남동사거리->성균관대입구,11430.0,37.5831,127.0009,13시,771.0
0,20170703.0,월,창경궁로(서울여자대학교),A-06,유출,원남동사거리->성균관대입구,11430.0,37.5831,127.0009,14시,855.0
0,20170703.0,월,창경궁로(서울여자대학교),A-06,유출,원남동사거리->성균관대입구,11430.0,37.5831,127.0009,15시,970.0
0,20170703.0,월,창경궁로(서울여자대학교),A-06,유출,원남동사거리->성균관대입구,11430.0,37.5831,127.0009,16시,990.0
0,20170703.0,월,창경궁로(서울여자대학교),A-06,유출,원남동사거리->성균관대입구,11430.0,37.5831,127.0009,17시,1024.0
0,20170703.0,월,창경궁로(서울여자대학교),A-06,유출,원남동사거리->성균관대입구,11430.0,37.5831,127.0009,18시,1097.0
0,20170703.0,월,창경궁로(서울여자대학교),A-06,유출,원남동사거리->성균관대입구,11430.0,37.5831,127.0009,19시,1113.0
0,20170703.0,월,창경궁로(서울여자대학교),A-06,유출,원남동사거리->성균관대입구,11430.0,37.5831,127.0009,20시,940.0
0,20170704.0,화,창경궁로(서울여자대학교),A-06,유출,원남동사거리->성균관대입구,11546.0,37.5831,127.0009,8시,636.0
0,20170704.0,화,창경궁로(서울여자대학교),A-06,유출,원남동사거리->성균관대입구,11546.0,37.5831,127.0009,9시,664.0
0,20170704.0,화,창경궁로(서울여자대학교),A-06,유출,원남동사거리->성균관대입구,11546.0,37.5831,127.0009,10시,764.0
0,20170704.0,화,창경궁로(서울여자대학교),A-06,유출,원남동사거리->성균관대입구,11546.0,37.5831,127.0009,11시,844.0
0,20170704.0,화,창경궁로(서울여자대학교),A-06,유출,원남동사거리->성균관대입구,11546.0,37.5831,127.0009,12시,836.0
0,20170704.0,화,창경궁로(서울여자대학교),A-06,유출,원남동사거리->성균관대입구,11546.0,37.5831,127.0009,13시,824.0
0,20170704.0,화,창경궁로(서울여자대학교),A-06,유출,원남동사거리->성균관대입구,11546.0,37.5831,127.0009,14시,882.0
0,20170704.0,화,창경궁로(서울여자대학교),A-06,유출,원남동사거리->성균관대입구,11546.0,37.5831,127.0009,15시,942.0
0,20170704.0,화,창경궁로(서울여자대학교),A-06,유출,원남동사거리->성균관대입구,11546.0,37.5831,127.0009,16시,1008.0
0,20170704.0,화,창경궁로(서울여자대학교),A-06,유출,원남동사거리->성균관대입구,11546.0,37.5831,127.0009,17시,1090.0
0,20170704.0,화,창경궁로(서울여자대학교),A-06,유출,원남동사거리->성균관대입구,11546.0,37.5831,127.0009,18시,1072.0
0,20170704.0,화,창경궁로(서울여자대학교),A-06,유출,원남동사거리->성균관대입구,11546.0,37.5831,127.0009,19시,1093.0
0,20170704.0,화,창경궁로(서울여자대학교),A-06,유출,원남동사거리->성균관대입구,11546.0,37.5831,127.0009,20시,891.0
0,20170705.0,수,창경궁로(서울여자대학교),A-06,유출,원남동사거리->성균관대입구,11661.0,37.5831,127.0009,8시,646.0
0,20170705.0,수,창경궁로(서울여자대학교),A-06,유출,원남동사거리->성균관대입구,11661.0,37.5831,127.0009,9시,703.0
0,20170705.0,수,창경궁로(서울여자대학교),A-06,유출,원남동사거리->성균관대입구,11661.0,37.5831,127.0009,10시,728.0
0,20170705.0,수,창경궁로(서울여자대학교),A-06,유출,원남동사거리->성균관대입구,11661.0,37.5831,127.0009,11시,837.0
0,20170705.0,수,창경궁로(서울여자대학교),A-06,유출,원남동사거리->성균관대입구,11661.0,37.5831,127.0009,12시,781.0
0,20170705.0,수,창경궁로(서울여자대학교),A-06,유출,원남동사거리->성균관대입구,11661.0,37.5831,127.0009,13시,814.0
0,20170705.0,수,창경궁로(서울여자대학교),A-06,유출,원남동사거리->성균관대입구,11661.0,37.5831,127.0009,14시,883.0
0,20170705.0,수,창경궁로(서울여자대학교),A-06,유출,원남동사거리->성균관대입구,11661.0,37.5831,127.0009,15시,954.0
0,20170705.0,수,창경궁로(서울여자대학교),A-06,유출,원남동사거리->성균관대입구,11661.0,37.5831,127.0009,16시,1048.0
0,20170705.0,수,창경궁로(서울여자대학교),A-06,유출,원남동사거리->성균관대입구,11661.0,37.5831,127.0009,17시,1042.0
0,20170705.0,수,창경궁로(서울여자대학교),A-06,유출,원남동사거리->성균관대입구,11661.0,37.5831,127.0009,18시,1121.0
0,20170705.0,수,창경궁로(서울여자대학교),A-06,유출,원남동사거리->성균관대입구,11661.0,37.5831,127.0009,19시,1070.0
0,20170705.0,수,창경궁로(서울여자대학교),A-06,유출,원남동사거리->성균관대입구,11661.0,37.5831,127.0009,20시,1034.0
0,20170706.0,목,창경궁로(서울여자대학교),A-06,유출,원남동사거리->성균관대입구,10818.0,37.5831,127.0009,8시,649.0
0,20170706.0,목,창경궁로(서울여자대학교),A-06,유출,원남동사거리->성균관대입구,10818.0,37.5831,127.0009,9시,703.0
0,20170706.0,목,창경궁로(서울여자대학교),A-06,유출,원남동사거리->성균관대입구,10818.0,37.5831,127.0009,10시,792.0
0,20170706.0,목,창경궁로(서울여자대학교),A-06,유출,원남동사거리->성균관대입구,10818.0,37.5831,127.0009,11시,848.0
0,20170706.0,목,창경궁로(서울여자대학교),A-06,유출,원남동사거리->성균관대입구,10818.0,37.5831,127.0009,12시,827.0
0,20170706.0,목,창경궁로(서울여자대학교),A-06,유출,원남동사거리->성균관대입구,10818.0,37.5831,127.0009,13시,829.0
0,20170706.0,목,창경궁로(서울여자대학교),A-06,유출,원남동사거리->성균관대입구,10818.0,37.5831,127.0009,14시,883.0
0,20170706.0,목,창경궁로(서울여자대학교),A-06,유출,원남동사거리->성균관대입구,10818.0,37.5831,127.0009,15시,935.0
0,20170706.0,목,창경궁로(서울여자대학교),A-06,유출,원남동사거리->성균관대입구,10818.0,37.5831,127.0009,16시,981.0
0,20170706.0,목,창경궁로(서울여자대학교),A-06,유출,원남동사거리->성균관대입구,10818.0,37.5831,127.0009,17시,959.0
0,20170706.0,목,창경궁로(서울여자대학교),A-06,유출,원남동사거리->성균관대입구,10818.0,37.5831,127.0009,18시,817.0
0,20170706.0,목,창경궁로(서울여자대학교),A-06,유출,원남동사거리->성균관대입구,10818.0,37.5831,127.0009,19시,971.0
0,20170706.0,목,창경궁로(서울여자대학교),A-06,유출,원남동사거리->성균관대입구,10818.0,37.5831,127.0009,20시,624.0
0,20170708.0,토,창경궁로(서울여자대학교),A-06,유출,원남동사거리->성균관대입구,11316.0,37.5831,127.0009,8시,523.0
0,20170708.0,토,창경궁로(서울여자대학교),A-06,유출,원남동사거리->성균관대입구,11316.0,37.5831,127.0009,9시,657.0
0,20170708.0,토,창경궁로(서울여자대학교),A-06,유출,원남동사거리->성균관대입구,11316.0,37.5831,127.0009,10시,739.0
0,20170708.0,토,창경궁로(서울여자대학교),A-06,유출,원남동사거리->성균관대입구,11316.0,37.5831,127.0009,11시,742.0
0,20170708.0,토,창경궁로(서울여자대학교),A-06,유출,원남동사거리->성균관대입구,11316.0,37.5831,127.0009,12시,845.0
0,20170708.0,토,창경궁로(서울여자대학교),A-06,유출,원남동사거리->성균관대입구,11316.0,37.5831,127.0009,13시,937.0
0,20170708.0,토,창경궁로(서울여자대학교),A-06,유출,원남동사거리->성균관대입구,11316.0,37.5831,127.0009,14시,1193.0
0,20170708.0,토,창경궁로(서울여자대학교),A-06,유출,원남동사거리->성균관대입구,11316.0,37.5831,127.0009,15시,1066.0
0,20170708.0,토,창경궁로(서울여자대학교),A-06,유출,원남동사거리->성균관대입구,11316.0,37.5831,127.0009,16시,977.0
0,20170708.0,토,창경궁로(서울여자대학교),A-06,유출,원남동사거리->성균관대입구,11316.0,37.5831,127.0009,17시,934.0
0,20170708.0,토,창경궁로(서울여자대학교),A-06,유출,원남동사거리->성균관대입구,11316.0,37.5831,127.0009,18시,916.0
0,20170708.0,토,창경궁로(서울여자대학교),A-06,유출,원남동사거리->성균관대입구,11316.0,37.5831,127.0009,19시,941.0
0,20170708.0,토,창경궁로(서울여자대학교),A-06,유출,원남동사거리->성균관대입구,11316.0,37.5831,127.0009,20시,846.0
0,20170709.0,일,창경궁로(서울여자대학교),A-06,유출,원남동사거리->성균관대입구,9679.0,37.5831,127.0009,8시,383.0
0,20170709.0,일,창경궁로(서울여자대학교),A-06,유출,원남동사거리->성균관대입구,9679.0,37.5831,127.0009,9시,549.0
0,20170709.0,일,창경궁로(서울여자대학교),A-06,유출,원남동사거리->성균관대입구,9679.0,37.5831,127.0009,10시,650.0
0,20170709.0,일,창경궁로(서울여자대학교),A-06,유출,원남동사거리->성균관대입구,9679.0,37.5831,127.0009,11시,648.0
0,20170709.0,일,창경궁로(서울여자대학교),A-06,유출,원남동사거리->성균관대입구,9679.0,37.5831,127.0009,12시,720.0
0,20170709.0,일,창경궁로(서울여자대학교),A-06,유출,원남동사거리->성균관대입구,9679.0,37.5831,127.0009,13시,848.0
0,20170709.0,일,창경궁로(서울여자대학교),A-06,유출,원남동사거리->성균관대입구,9679.0,37.5831,127.0009,14시,709.0
0,20170709.0,일,창경궁로(서울여자대학교),A-06,유출,원남동사거리->성균관대입구,9679.0,37.5831,127.0009,15시,673.0
0,20170709.0,일,창경궁로(서울여자대학교),A-06,유출,원남동사거리->성균관대입구,9679.0,37.5831,127.0009,16시,765.0
0,20170709.0,일,창경궁로(서울여자대학교),A-06,유출,원남동사거리->성균관대입구,9679.0,37.5831,127.0009,17시,1036.0
0,20170709.0,일,창경궁로(서울여자대학교),A-06,유출,원남동사거리->성균관대입구,9679.0,37.5831,127.0009,18시,949.0
0,20170709.0,일,창경궁로(서울여자대학교),A-06,유출,원남동사거리->성균관대입구,9679.0,37.5831,127.0009,19시,891.0
0,20170709.0,일,창경궁로(서울여자대학교),A-06,유출,원남동사거리->성균관대입구,9679.0,37.5831,127.0009,20시,858.0
0,20170710.0,월,창경궁로(서울여자대학교),A-06,유출,원남동사거리->성균관대입구,10849.0,37.5831,127.0009,8시,592.0
0,20170710.0,월,창경궁로(서울여자대학교),A-06,유출,원남동사거리->성균관대입구,10849.0,37.5831,127.0009,9시,607.0
0,20170710.0,월,창경궁로(서울여자대학교),A-06,유출,원남동사거리->성균관대입구,10849.0,37.5831,127.0009,10시,588.0
0,20170710.0,월,창경궁로(서울여자대학교),A-06,유출,원남동사거리->성균관대입구,10849.0,37.5831,127.0009,11시,726.0
0,20170710.0,월,창경궁로(서울여자대학교),A-06,유출,원남동사거리->성균관대입구,10849.0,37.5831,127.0009,12시,771.0
0,20170710.0,월,창경궁로(서울여자대학교),A-06,유출,원남동사거리->성균관대입구,10849.0,37.5831,127.0009,13시,742.0
0,20170710.0,월,창경궁로(서울여자대학교),A-06,유출,원남동사거리->성균관대입구,10849.0,37.5831,127.0009,14시,803.0
0,20170710.0,월,창경궁로(서울여자대학교),A-06,유출,원남동사거리->성균관대입구,10849.0,37.5831,127.0009,15시,908.0
0,20170710.0,월,창경궁로(서울여자대학교),A-06,유출,원남동사거리->성균관대입구,10849.0,37.5831,127.0009,16시,1004.0
0,20170710.0,월,창경궁로(서울여자대학교),A-06,유출,원남동사거리->성균관대입구,10849.0,37.5831,127.0009,17시,951.0
0,20170710.0,월,창경궁로(서울여자대학교),A-06,유출,원남동사거리->성균관대입구,10849.0,37.5831,127.0009,18시,1106.0
0,20170710.0,월,창경궁로(서울여자대학교),A-06,유출,원남동사거리->성균관대입구,10849.0,37.5831,127.0009,19시,1055.0
0,20170710.0,월,창경궁로(서울여자대학교),A-06,유출,원남동사거리->성균관대입구,10849.0,37.5831,127.0009,20시,996.0
0,20170711.0,화,창경궁로(서울여자대학교),A-06,유출,원남동사거리->성균관대입구,11590.0,37.5831,127.0009,8시,615.0
0,20170711.0,화,창경궁로(서울여자대학교),A-06,유출,원남동사거리->성균관대입구,11590.0,37.5831,127.0009,9시,633.0
0,20170711.0,화,창경궁로(서울여자대학교),A-06,유출,원남동사거리->성균관대입구,11590.0,37.5831,127.0009,10시,750.0
0,20170711.0,화,창경궁로(서울여자대학교),A-06,유출,원남동사거리->성균관대입구,11590.0,37.5831,127.0009,11시,766.0
0,20170711.0,화,창경궁로(서울여자대학교),A-06,유출,원남동사거리->성균관대입구,11590.0,37.5831,127.0009,12시,879.0
0,20170711.0,화,창경궁로(서울여자대학교),A-06,유출,원남동사거리->성균관대입구,11590.0,37.5831,127.0009,13시,796.0
0,20170711.0,화,창경궁로(서울여자대학교),A-06,유출,원남동사거리->성균관대입구,11590.0,37.5831,127.0009,14시,896.0
0,20170711.0,화,창경궁로(서울여자대학교),A-06,유출,원남동사거리->성균관대입구,11590.0,37.5831,127.0009,15시,947.0
0,20170711.0,화,창경궁로(서울여자대학교),A-06,유출,원남동사거리->성균관대입구,11590.0,37.5831,127.0009,16시,1039.0
0,20170711.0,화,창경궁로(서울여자대학교),A-06,유출,원남동사거리->성균관대입구,11590.0,37.5831,127.0009,17시,1082.0
0,20170711.0,화,창경궁로(서울여자대학교),A-06,유출,원남동사거리->성균관대입구,11590.0,37.5831,127.0009,18시,1111.0
0,20170711.0,화,창경궁로(서울여자대학교),A-06,유출,원남동사거리->성균관대입구,11590.0,37.5831,127.0009,19시,1086.0
0,20170711.0,화,창경궁로(서울여자대학교),A-06,유출,원남동사거리->성균관대입구,11590.0,37.5831,127.0009,20시,990.0
0,20170712.0,수,창경궁로(서울여자대학교),A-06,유출,원남동사거리->성균관대입구,11185.0,37.5831,127.0009,8시,636.0
0,20170712.0,수,창경궁로(서울여자대학교),A-06,유출,원남동사거리->성균관대입구,11185.0,37.5831,127.0009,9시,688.0
0,20170712.0,수,창경궁로(서울여자대학교),A-06,유출,원남동사거리->성균관대입구,11185.0,37.5831,127.0009,10시,728.0
0,20170712.0,수,창경궁로(서울여자대학교),A-06,유출,원남동사거리->성균관대입구,11185.0,37.5831,127.0009,11시,789.0
0,20170712.0,수,창경궁로(서울여자대학교),A-06,유출,원남동사거리->성균관대입구,11185.0,37.5831,127.0009,12시,792.0
0,20170712.0,수,창경궁로(서울여자대학교),A-06,유출,원남동사거리->성균관대입구,11185.0,37.5831,127.0009,13시,791.0
0,20170712.0,수,창경궁로(서울여자대학교),A-06,유출,원남동사거리->성균관대입구,11185.0,37.5831,127.0009,14시,841.0
0,20170712.0,수,창경궁로(서울여자대학교),A-06,유출,원남동사거리->성균관대입구,11185.0,37.5831,127.0009,15시,963.0
0,20170712.0,수,창경궁로(서울여자대학교),A-06,유출,원남동사거리->성균관대입구,11185.0,37.5831,127.0009,16시,951.0
0,20170712.0,수,창경궁로(서울여자대학교),A-06,유출,원남동사거리->성균관대입구,11185.0,37.5831,127.0009,17시,1057.0
0,20170712.0,수,창경궁로(서울여자대학교),A-06,유출,원남동사거리->성균관대입구,11185.0,37.5831,127.0009,18시,996.0
0,20170712.0,수,창경궁로(서울여자대학교),A-06,유출,원남동사거리->성균관대입구,11185.0,37.5831,127.0009,19시,1060.0
0,20170712.0,수,창경궁로(서울여자대학교),A-06,유출,원남동사거리->성균관대입구,11185.0,37.5831,127.0009,20시,893.0
0,20170713.0,목,창경궁로(서울여자대학교),A-06,유출,원남동사거리->성균관대입구,11515.0,37.5831,127.0009,8시,610.0
0,20170713.0,목,창경궁로(서울여자대학교),A-06,유출,원남동사거리->성균관대입구,11515.0,37.5831,127.0009,9시,619.0
0,20170713.0,목,창경궁로(서울여자대학교),A-06,유출,원남동사거리->성균관대입구,11515.0,37.5831,127.0009,10시,749.0
0,20170713.0,목,창경궁로(서울여자대학교),A-06,유출,원남동사거리->성균관대입구,11515.0,37.5831,127.0009,11시,804.0
0,20170713.0,목,창경궁로(서울여자대학교),A-06,유출,원남동사거리->성균관대입구,11515.0,37.5831,127.0009,12시,825.0
0,20170713.0,목,창경궁로(서울여자대학교),A-06,유출,원남동사거리->성균관대입구,11515.0,37.5831,127.0009,13시,782.0
0,20170713.0,목,창경궁로(서울여자대학교),A-06,유출,원남동사거리->성균관대입구,11515.0,37.5831,127.0009,14시,869.0
0,20170713.0,목,창경궁로(서울여자대학교),A-06,유출,원남동사거리->성균관대입구,11515.0,37.5831,127.0009,15시,904.0
0,20170713.0,목,창경궁로(서울여자대학교),A-06,유출,원남동사거리->성균관대입구,11515.0,37.5831,127.0009,16시,992.0
0,20170713.0,목,창경궁로(서울여자대학교),A-06,유출,원남동사거리->성균관대입구,11515.0,37.5831,127.0009,17시,1042.0
0,20170713.0,목,창경궁로(서울여자대학교),A-06,유출,원남동사거리->성균관대입구,11515.0,37.5831,127.0009,18시,1166.0
0,20170713.0,목,창경궁로(서울여자대학교),A-06,유출,원남동사거리->성균관대입구,11515.0,37.5831,127.0009,19시,1101.0
0,20170713.0,목,창경궁로(서울여자대학교),A-06,유출,원남동사거리->성균관대입구,11515.0,37.5831,127.0009,20시,1052.0
0,20170714.0,금,창경궁로(서울여자대학교),A-06,유출,원남동사거리->성균관대입구,11603.0,37.5831,127.0009,8시,600.0
0,20170714.0,금,창경궁로(서울여자대학교),A-06,유출,원남동사거리->성균관대입구,11603.0,37.5831,127.0009,9시,645.0
0,20170714.0,금,창경궁로(서울여자대학교),A-06,유출,원남동사거리->성균관대입구,11603.0,37.5831,127.0009,10시,757.0
0,20170714.0,금,창경궁로(서울여자대학교),A-06,유출,원남동사거리->성균관대입구,11603.0,37.5831,127.0009,11시,839.0
0,20170714.0,금,창경궁로(서울여자대학교),A-06,유출,원남동사거리->성균관대입구,11603.0,37.5831,127.0009,12시,813.0
0,20170714.0,금,창경궁로(서울여자대학교),A-06,유출,원남동사거리->성균관대입구,11603.0,37.5831,127.0009,13시,904.0
0,20170714.0,금,창경궁로(서울여자대학교),A-06,유출,원남동사거리->성균관대입구,11603.0,37.5831,127.0009,14시,815.0
0,20170714.0,금,창경궁로(서울여자대학교),A-06,유출,원남동사거리->성균관대입구,11603.0,37.5831,127.0009,15시,983.0
0,20170714.0,금,창경궁로(서울여자대학교),A-06,유출,원남동사거리->성균관대입구,11603.0,37.5831,127.0009,16시,1005.0
0,20170714.0,금,창경궁로(서울여자대학교),A-06,유출,원남동사거리->성균관대입구,11603.0,37.5831,127.0009,17시,1037.0
0,20170714.0,금,창경궁로(서울여자대학교),A-06,유출,원남동사거리->성균관대입구,11603.0,37.5831,127.0009,18시,1111.0
0,20170714.0,금,창경궁로(서울여자대학교),A-06,유출,원남동사거리->성균관대입구,11603.0,37.5831,127.0009,19시,1090.0
0,20170714.0,금,창경궁로(서울여자대학교),A-06,유출,원남동사거리->성균관대입구,11603.0,37.5831,127.0009,20시,1004.0
0,20170715.0,토,창경궁로(서울여자대학교),A-06,유출,원남동사거리->성균관대입구,10222.0,37.5831,127.0009,8시,651.0
0,20170715.0,토,창경궁로(서울여자대학교),A-06,유출,원남동사거리->성균관대입구,10222.0,37.5831,127.0009,9시,700.0
0,20170715.0,토,창경궁로(서울여자대학교),A-06,유출,원남동사거리->성균관대입구,10222.0,37.5831,127.0009,10시,696.0
0,20170715.0,토,창경궁로(서울여자대학교),A-06,유출,원남동사거리->성균관대입구,10222.0,37.5831,127.0009,11시,659.0
0,20170715.0,토,창경궁로(서울여자대학교),A-06,유출,원남동사거리->성균관대입구,10222.0,37.5831,127.0009,12시,783.0
0,20170715.0,토,창경궁로(서울여자대학교),A-06,유출,원남동사거리->성균관대입구,10222.0,37.5831,127.0009,13시,819.0
0,20170715.0,토,창경궁로(서울여자대학교),A-06,유출,원남동사거리->성균관대입구,10222.0,37.5831,127.0009,14시,841.0
0,20170715.0,토,창경궁로(서울여자대학교),A-06,유출,원남동사거리->성균관대입구,10222.0,37.5831,127.0009,15시,887.0
0,20170715.0,토,창경궁로(서울여자대학교),A-06,유출,원남동사거리->성균관대입구,10222.0,37.5831,127.0009,16시,749.0
0,20170715.0,토,창경궁로(서울여자대학교),A-06,유출,원남동사거리->성균관대입구,10222.0,37.5831,127.0009,17시,742.0
0,20170715.0,토,창경궁로(서울여자대학교),A-06,유출,원남동사거리->성균관대입구,10222.0,37.5831,127.0009,18시,964.0
0,20170715.0,토,창경궁로(서울여자대학교),A-06,유출,원남동사거리->성균관대입구,10222.0,37.5831,127.0009,19시,938.0
0,20170715.0,토,창경궁로(서울여자대학교),A-06,유출,원남동사거리->성균관대입구,10222.0,37.5831,127.0009,20시,793.0
0,20170716.0,일,창경궁로(서울여자대학교),A-06,유출,원남동사거리->성균관대입구,9998.0,37.5831,127.0009,8시,390.0
0,20170716.0,일,창경궁로(서울여자대학교),A-06,유출,원남동사거리->성균관대입구,9998.0,37.5831,127.0009,9시,503.0
0,20170716.0,일,창경궁로(서울여자대학교),A-06,유출,원남동사거리->성균관대입구,9998.0,37.5831,127.0009,10시,606.0
0,20170716.0,일,창경궁로(서울여자대학교),A-06,유출,원남동사거리->성균관대입구,9998.0,37.5831,127.0009,11시,596.0
0,20170716.0,일,창경궁로(서울여자대학교),A-06,유출,원남동사거리->성균관대입구,9998.0,37.5831,127.0009,12시,705.0
0,20170716.0,일,창경궁로(서울여자대학교),A-06,유출,원남동사거리->성균관대입구,9998.0,37.5831,127.0009,13시,802.0
0,20170716.0,일,창경궁로(서울여자대학교),A-06,유출,원남동사거리->성균관대입구,9998.0,37.5831,127.0009,14시,851.0
0,20170716.0,일,창경궁로(서울여자대학교),A-06,유출,원남동사거리->성균관대입구,9998.0,37.5831,127.0009,15시,882.0
0,20170716.0,일,창경궁로(서울여자대학교),A-06,유출,원남동사거리->성균관대입구,9998.0,37.5831,127.0009,16시,963.0
0,20170716.0,일,창경궁로(서울여자대학교),A-06,유출,원남동사거리->성균관대입구,9998.0,37.5831,127.0009,17시,997.0
0,20170716.0,일,창경궁로(서울여자대학교),A-06,유출,원남동사거리->성균관대입구,9998.0,37.5831,127.0009,18시,1022.0
0,20170716.0,일,창경궁로(서울여자대학교),A-06,유출,원남동사거리->성균관대입구,9998.0,37.5831,127.0009,19시,877.0
0,20170716.0,일,창경궁로(서울여자대학교),A-06,유출,원남동사거리->성균관대입구,9998.0,37.5831,127.0009,20시,804.0
0,20170717.0,월,창경궁로(서울여자대학교),A-06,유출,원남동사거리->성균관대입구,11213.0,37.5831,127.0009,8시,450.0
0,20170717.0,월,창경궁로(서울여자대학교),A-06,유출,원남동사거리->성균관대입구,11213.0,37.5831,127.0009,9시,657.0
0,20170717.0,월,창경궁로(서울여자대학교),A-06,유출,원남동사거리->성균관대입구,11213.0,37.5831,127.0009,10시,650.0
0,20170717.0,월,창경궁로(서울여자대학교),A-06,유출,원남동사거리->성균관대입구,11213.0,37.5831,127.0009,11시,793.0
0,20170717.0,월,창경궁로(서울여자대학교),A-06,유출,원남동사거리->성균관대입구,11213.0,37.5831,127.0009,12시,797.0
0,20170717.0,월,창경궁로(서울여자대학교),A-06,유출,원남동사거리->성균관대입구,11213.0,37.5831,127.0009,13시,772.0
0,20170717.0,월,창경궁로(서울여자대학교),A-06,유출,원남동사거리->성균관대입구,11213.0,37.5831,127.0009,14시,838.0
0,20170717.0,월,창경궁로(서울여자대학교),A-06,유출,원남동사거리->성균관대입구,11213.0,37.5831,127.0009,15시,1007.0
0,20170717.0,월,창경궁로(서울여자대학교),A-06,유출,원남동사거리->성균관대입구,11213.0,37.5831,127.0009,16시,979.0
0,20170717.0,월,창경궁로(서울여자대학교),A-06,유출,원남동사거리->성균관대입구,11213.0,37.5831,127.0009,17시,1066.0
0,20170717.0,월,창경궁로(서울여자대학교),A-06,유출,원남동사거리->성균관대입구,11213.0,37.5831,127.0009,18시,1096.0
0,20170717.0,월,창경궁로(서울여자대학교),A-06,유출,원남동사거리->성균관대입구,11213.0,37.5831,127.0009,19시,1119.0
0,20170717.0,월,창경궁로(서울여자대학교),A-06,유출,원남동사거리->성균관대입구,11213.0,37.5831,127.0009,20시,989.0
0,20170718.0,화,창경궁로(서울여자대학교),A-06,유출,원남동사거리->성균관대입구,11305.0,37.5831,127.0009,8시,622.0
0,20170718.0,화,창경궁로(서울여자대학교),A-06,유출,원남동사거리->성균관대입구,11305.0,37.5831,127.0009,9시,637.0
0,20170718.0,화,창경궁로(서울여자대학교),A-06,유출,원남동사거리->성균관대입구,11305.0,37.5831,127.0009,10시,664.0
0,20170718.0,화,창경궁로(서울여자대학교),A-06,유출,원남동사거리->성균관대입구,11305.0,37.5831,127.0009,11시,758.0
0,20170718.0,화,창경궁로(서울여자대학교),A-06,유출,원남동사거리->성균관대입구,11305.0,37.5831,127.0009,12시,799.0
0,20170718.0,화,창경궁로(서울여자대학교),A-06,유출,원남동사거리->성균관대입구,11305.0,37.5831,127.0009,13시,772.0
0,20170718.0,화,창경궁로(서울여자대학교),A-06,유출,원남동사거리->성균관대입구,11305.0,37.5831,127.0009,14시,846.0
0,20170718.0,화,창경궁로(서울여자대학교),A-06,유출,원남동사거리->성균관대입구,11305.0,37.5831,127.0009,15시,941.0
0,20170718.0,화,창경궁로(서울여자대학교),A-06,유출,원남동사거리->성균관대입구,11305.0,37.5831,127.0009,16시,985.0
0,20170718.0,화,창경궁로(서울여자대학교),A-06,유출,원남동사거리->성균관대입구,11305.0,37.5831,127.0009,17시,1042.0
0,20170718.0,화,창경궁로(서울여자대학교),A-06,유출,원남동사거리->성균관대입구,11305.0,37.5831,127.0009,18시,1098.0
0,20170718.0,화,창경궁로(서울여자대학교),A-06,유출,원남동사거리->성균관대입구,11305.0,37.5831,127.0009,19시,1153.0
0,20170718.0,화,창경궁로(서울여자대학교),A-06,유출,원남동사거리->성균관대입구,11305.0,37.5831,127.0009,20시,988.0
0,20170719.0,수,창경궁로(서울여자대학교),A-06,유출,원남동사거리->성균관대입구,11220.0,37.5831,127.0009,8시,608.0
0,20170719.0,수,창경궁로(서울여자대학교),A-06,유출,원남동사거리->성균관대입구,11220.0,37.5831,127.0009,9시,659.0
0,20170719.0,수,창경궁로(서울여자대학교),A-06,유출,원남동사거리->성균관대입구,11220.0,37.5831,127.0009,10시,725.0
0,20170719.0,수,창경궁로(서울여자대학교),A-06,유출,원남동사거리->성균관대입구,11220.0,37.5831,127.0009,11시,773.0
0,20170719.0,수,창경궁로(서울여자대학교),A-06,유출,원남동사거리->성균관대입구,11220.0,37.5831,127.0009,12시,831.0
0,20170719.0,수,창경궁로(서울여자대학교),A-06,유출,원남동사거리->성균관대입구,11220.0,37.5831,127.0009,13시,762.0
0,20170719.0,수,창경궁로(서울여자대학교),A-06,유출,원남동사거리->성균관대입구,11220.0,37.5831,127.0009,14시,902.0
0,20170719.0,수,창경궁로(서울여자대학교),A-06,유출,원남동사거리->성균관대입구,11220.0,37.5831,127.0009,15시,916.0
0,20170719.0,수,창경궁로(서울여자대학교),A-06,유출,원남동사거리->성균관대입구,11220.0,37.5831,127.0009,16시,942.0
0,20170719.0,수,창경궁로(서울여자대학교),A-06,유출,원남동사거리->성균관대입구,11220.0,37.5831,127.0009,17시,1041.0
0,20170719.0,수,창경궁로(서울여자대학교),A-06,유출,원남동사거리->성균관대입구,11220.0,37.5831,127.0009,18시,1007.0
0,20170719.0,수,창경궁로(서울여자대학교),A-06,유출,원남동사거리->성균관대입구,11220.0,37.5831,127.0009,19시,1096.0
0,20170719.0,수,창경궁로(서울여자대학교),A-06,유출,원남동사거리->성균관대입구,11220.0,37.5831,127.0009,20시,958.0
0,20170720.0,목,창경궁로(서울여자대학교),A-06,유출,원남동사거리->성균관대입구,13155.0,37.5831,127.0009,8시,628.0
0,20170720.0,목,창경궁로(서울여자대학교),A-06,유출,원남동사거리->성균관대입구,13155.0,37.5831,127.0009,9시,679.0
0,20170720.0,목,창경궁로(서울여자대학교),A-06,유출,원남동사거리->성균관대입구,13155.0,37.5831,127.0009,10시,772.0
0,20170720.0,목,창경궁로(서울여자대학교),A-06,유출,원남동사거리->성균관대입구,13155.0,37.5831,127.0009,11시,825.0
0,20170720.0,목,창경궁로(서울여자대학교),A-06,유출,원남동사거리->성균관대입구,13155.0,37.5831,127.0009,12시,901.0
0,20170720.0,목,창경궁로(서울여자대학교),A-06,유출,원남동사거리->성균관대입구,13155.0,37.5831,127.0009,13시,1264.0
0,20170720.0,목,창경궁로(서울여자대학교),A-06,유출,원남동사거리->성균관대입구,13155.0,37.5831,127.0009,14시,1261.0
0,20170720.0,목,창경궁로(서울여자대학교),A-06,유출,원남동사거리->성균관대입구,13155.0,37.5831,127.0009,15시,933.0
0,20170720.0,목,창경궁로(서울여자대학교),A-06,유출,원남동사거리->성균관대입구,13155.0,37.5831,127.0009,16시,1233.0
0,20170720.0,목,창경궁로(서울여자대학교),A-06,유출,원남동사거리->성균관대입구,13155.0,37.5831,127.0009,17시,1352.0
0,20170720.0,목,창경궁로(서울여자대학교),A-06,유출,원남동사거리->성균관대입구,13155.0,37.5831,127.0009,18시,1147.0
0,20170720.0,목,창경궁로(서울여자대학교),A-06,유출,원남동사거리->성균관대입구,13155.0,37.5831,127.0009,19시,1143.0
0,20170720.0,목,창경궁로(서울여자대학교),A-06,유출,원남동사거리->성균관대입구,13155.0,37.5831,127.0009,20시,1017.0
0,20170721.0,금,창경궁로(서울여자대학교),A-06,유출,원남동사거리->성균관대입구,11145.0,37.5831,127.0009,8시,619.0
0,20170721.0,금,창경궁로(서울여자대학교),A-06,유출,원남동사거리->성균관대입구,11145.0,37.5831,127.0009,9시,663.0
0,20170721.0,금,창경궁로(서울여자대학교),A-06,유출,원남동사거리->성균관대입구,11145.0,37.5831,127.0009,10시,779.0
0,20170721.0,금,창경궁로(서울여자대학교),A-06,유출,원남동사거리->성균관대입구,11145.0,37.5831,127.0009,11시,843.0
0,20170721.0,금,창경궁로(서울여자대학교),A-06,유출,원남동사거리->성균관대입구,11145.0,37.5831,127.0009,12시,876.0
0,20170721.0,금,창경궁로(서울여자대학교),A-06,유출,원남동사거리->성균관대입구,11145.0,37.5831,127.0009,13시,891.0
0,20170721.0,금,창경궁로(서울여자대학교),A-06,유출,원남동사거리->성균관대입구,11145.0,37.5831,127.0009,14시,900.0
0,20170721.0,금,창경궁로(서울여자대학교),A-06,유출,원남동사거리->성균관대입구,11145.0,37.5831,127.0009,15시,1034.0
0,20170721.0,금,창경궁로(서울여자대학교),A-06,유출,원남동사거리->성균관대입구,11145.0,37.5831,127.0009,16시,950.0
0,20170721.0,금,창경궁로(서울여자대학교),A-06,유출,원남동사거리->성균관대입구,11145.0,37.5831,127.0009,17시,990.0
0,20170721.0,금,창경궁로(서울여자대학교),A-06,유출,원남동사거리->성균관대입구,11145.0,37.5831,127.0009,18시,1003.0
0,20170721.0,금,창경궁로(서울여자대학교),A-06,유출,원남동사거리->성균관대입구,11145.0,37.5831,127.0009,19시,941.0
0,20170721.0,금,창경궁로(서울여자대학교),A-06,유출,원남동사거리->성균관대입구,11145.0,37.5831,127.0009,20시,656.0
0,20170722.0,토,창경궁로(서울여자대학교),A-06,유출,원남동사거리->성균관대입구,11973.0,37.5831,127.0009,8시,564.0
0,20170722.0,토,창경궁로(서울여자대학교),A-06,유출,원남동사거리->성균관대입구,11973.0,37.5831,127.0009,9시,655.0
0,20170722.0,토,창경궁로(서울여자대학교),A-06,유출,원남동사거리->성균관대입구,11973.0,37.5831,127.0009,10시,756.0
0,20170722.0,토,창경궁로(서울여자대학교),A-06,유출,원남동사거리->성균관대입구,11973.0,37.5831,127.0009,11시,841.0
0,20170722.0,토,창경궁로(서울여자대학교),A-06,유출,원남동사거리->성균관대입구,11973.0,37.5831,127.0009,12시,1086.0
0,20170722.0,토,창경궁로(서울여자대학교),A-06,유출,원남동사거리->성균관대입구,11973.0,37.5831,127.0009,13시,1157.0
0,20170722.0,토,창경궁로(서울여자대학교),A-06,유출,원남동사거리->성균관대입구,11973.0,37.5831,127.0009,14시,1153.0
0,20170722.0,토,창경궁로(서울여자대학교),A-06,유출,원남동사거리->성균관대입구,11973.0,37.5831,127.0009,15시,1156.0
0,20170722.0,토,창경궁로(서울여자대학교),A-06,유출,원남동사거리->성균관대입구,11973.0,37.5831,127.0009,16시,948.0
0,20170722.0,토,창경궁로(서울여자대학교),A-06,유출,원남동사거리->성균관대입구,11973.0,37.5831,127.0009,17시,914.0
0,20170722.0,토,창경궁로(서울여자대학교),A-06,유출,원남동사거리->성균관대입구,11973.0,37.5831,127.0009,18시,872.0
0,20170722.0,토,창경궁로(서울여자대학교),A-06,유출,원남동사거리->성균관대입구,11973.0,37.5831,127.0009,19시,927.0
0,20170722.0,토,창경궁로(서울여자대학교),A-06,유출,원남동사거리->성균관대입구,11973.0,37.5831,127.0009,20시,944.0
0,20170723.0,일,창경궁로(서울여자대학교),A-06,유출,원남동사거리->성균관대입구,9602.0,37.5831,127.0009,8시,416.0
0,20170723.0,일,창경궁로(서울여자대학교),A-06,유출,원남동사거리->성균관대입구,9602.0,37.5831,127.0009,9시,517.0
0,20170723.0,일,창경궁로(서울여자대학교),A-06,유출,원남동사거리->성균관대입구,9602.0,37.5831,127.0009,10시,608.0
0,20170723.0,일,창경궁로(서울여자대학교),A-06,유출,원남동사거리->성균관대입구,9602.0,37.5831,127.0009,11시,553.0
0,20170723.0,일,창경궁로(서울여자대학교),A-06,유출,원남동사거리->성균관대입구,9602.0,37.5831,127.0009,12시,696.0
0,20170723.0,일,창경궁로(서울여자대학교),A-06,유출,원남동사거리->성균관대입구,9602.0,37.5831,127.0009,13시,772.0
0,20170723.0,일,창경궁로(서울여자대학교),A-06,유출,원남동사거리->성균관대입구,9602.0,37.5831,127.0009,14시,831.0
0,20170723.0,일,창경궁로(서울여자대학교),A-06,유출,원남동사거리->성균관대입구,9602.0,37.5831,127.0009,15시,810.0
0,20170723.0,일,창경궁로(서울여자대학교),A-06,유출,원남동사거리->성균관대입구,9602.0,37.5831,127.0009,16시,906.0
0,20170723.0,일,창경궁로(서울여자대학교),A-06,유출,원남동사거리->성균관대입구,9602.0,37.5831,127.0009,17시,919.0
0,20170723.0,일,창경궁로(서울여자대학교),A-06,유출,원남동사거리->성균관대입구,9602.0,37.5831,127.0009,18시,902.0
0,20170723.0,일,창경궁로(서울여자대학교),A-06,유출,원남동사거리->성균관대입구,9602.0,37.5831,127.0009,19시,816.0
0,20170723.0,일,창경궁로(서울여자대학교),A-06,유출,원남동사거리->성균관대입구,9602.0,37.5831,127.0009,20시,856.0
0,20170724.0,월,창경궁로(서울여자대학교),A-06,유출,원남동사거리->성균관대입구,11372.0,37.5831,127.0009,8시,608.0
0,20170724.0,월,창경궁로(서울여자대학교),A-06,유출,원남동사거리->성균관대입구,11372.0,37.5831,127.0009,9시,651.0
0,20170724.0,월,창경궁로(서울여자대학교),A-06,유출,원남동사거리->성균관대입구,11372.0,37.5831,127.0009,10시,753.0
0,20170724.0,월,창경궁로(서울여자대학교),A-06,유출,원남동사거리->성균관대입구,11372.0,37.5831,127.0009,11시,791.0
0,20170724.0,월,창경궁로(서울여자대학교),A-06,유출,원남동사거리->성균관대입구,11372.0,37.5831,127.0009,12시,825.0
0,20170724.0,월,창경궁로(서울여자대학교),A-06,유출,원남동사거리->성균관대입구,11372.0,37.5831,127.0009,13시,843.0
0,20170724.0,월,창경궁로(서울여자대학교),A-06,유출,원남동사거리->성균관대입구,11372.0,37.5831,127.0009,14시,909.0
0,20170724.0,월,창경궁로(서울여자대학교),A-06,유출,원남동사거리->성균관대입구,11372.0,37.5831,127.0009,15시,926.0
0,20170724.0,월,창경궁로(서울여자대학교),A-06,유출,원남동사거리->성균관대입구,11372.0,37.5831,127.0009,16시,1013.0
0,20170724.0,월,창경궁로(서울여자대학교),A-06,유출,원남동사거리->성균관대입구,11372.0,37.5831,127.0009,17시,955.0
0,20170724.0,월,창경궁로(서울여자대학교),A-06,유출,원남동사거리->성균관대입구,11372.0,37.5831,127.0009,18시,1139.0
0,20170724.0,월,창경궁로(서울여자대학교),A-06,유출,원남동사거리->성균관대입구,11372.0,37.5831,127.0009,19시,1040.0
0,20170724.0,월,창경궁로(서울여자대학교),A-06,유출,원남동사거리->성균관대입구,11372.0,37.5831,127.0009,20시,919.0
0,20170725.0,화,창경궁로(서울여자대학교),A-06,유출,원남동사거리->성균관대입구,11654.0,37.5831,127.0009,8시,608.0
0,20170725.0,화,창경궁로(서울여자대학교),A-06,유출,원남동사거리->성균관대입구,11654.0,37.5831,127.0009,9시,722.0
0,20170725.0,화,창경궁로(서울여자대학교),A-06,유출,원남동사거리->성균관대입구,11654.0,37.5831,127.0009,10시,757.0
0,20170725.0,화,창경궁로(서울여자대학교),A-06,유출,원남동사거리->성균관대입구,11654.0,37.5831,127.0009,11시,910.0
0,20170725.0,화,창경궁로(서울여자대학교),A-06,유출,원남동사거리->성균관대입구,11654.0,37.5831,127.0009,12시,877.0
0,20170725.0,화,창경궁로(서울여자대학교),A-06,유출,원남동사거리->성균관대입구,11654.0,37.5831,127.0009,13시,828.0
0,20170725.0,화,창경궁로(서울여자대학교),A-06,유출,원남동사거리->성균관대입구,11654.0,37.5831,127.0009,14시,943.0
0,20170725.0,화,창경궁로(서울여자대학교),A-06,유출,원남동사거리->성균관대입구,11654.0,37.5831,127.0009,15시,1010.0
0,20170725.0,화,창경궁로(서울여자대학교),A-06,유출,원남동사거리->성균관대입구,11654.0,37.5831,127.0009,16시,1002.0
0,20170725.0,화,창경궁로(서울여자대학교),A-06,유출,원남동사거리->성균관대입구,11654.0,37.5831,127.0009,17시,1005.0
0,20170725.0,화,창경궁로(서울여자대학교),A-06,유출,원남동사거리->성균관대입구,11654.0,37.5831,127.0009,18시,997.0
0,20170725.0,화,창경궁로(서울여자대학교),A-06,유출,원남동사거리->성균관대입구,11654.0,37.5831,127.0009,19시,1090.0
0,20170725.0,화,창경궁로(서울여자대학교),A-06,유출,원남동사거리->성균관대입구,11654.0,37.5831,127.0009,20시,905.0
0,20170726.0,수,창경궁로(서울여자대학교),A-06,유출,원남동사거리->성균관대입구,11689.0,37.5831,127.0009,8시,603.0
0,20170726.0,수,창경궁로(서울여자대학교),A-06,유출,원남동사거리->성균관대입구,11689.0,37.5831,127.0009,9시,714.0
0,20170726.0,수,창경궁로(서울여자대학교),A-06,유출,원남동사거리->성균관대입구,11689.0,37.5831,127.0009,10시,761.0
0,20170726.0,수,창경궁로(서울여자대학교),A-06,유출,원남동사거리->성균관대입구,11689.0,37.5831,127.0009,11시,842.0
0,20170726.0,수,창경궁로(서울여자대학교),A-06,유출,원남동사거리->성균관대입구,11689.0,37.5831,127.0009,12시,808.0
0,20170726.0,수,창경궁로(서울여자대학교),A-06,유출,원남동사거리->성균관대입구,11689.0,37.5831,127.0009,13시,835.0
0,20170726.0,수,창경궁로(서울여자대학교),A-06,유출,원남동사거리->성균관대입구,11689.0,37.5831,127.0009,14시,857.0
0,20170726.0,수,창경궁로(서울여자대학교),A-06,유출,원남동사거리->성균관대입구,11689.0,37.5831,127.0009,15시,962.0
0,20170726.0,수,창경궁로(서울여자대학교),A-06,유출,원남동사거리->성균관대입구,11689.0,37.5831,127.0009,16시,967.0
0,20170726.0,수,창경궁로(서울여자대학교),A-06,유출,원남동사거리->성균관대입구,11689.0,37.5831,127.0009,17시,1048.0
0,20170726.0,수,창경궁로(서울여자대학교),A-06,유출,원남동사거리->성균관대입구,11689.0,37.5831,127.0009,18시,1104.0
0,20170726.0,수,창경궁로(서울여자대학교),A-06,유출,원남동사거리->성균관대입구,11689.0,37.5831,127.0009,19시,1175.0
0,20170726.0,수,창경궁로(서울여자대학교),A-06,유출,원남동사거리->성균관대입구,11689.0,37.5831,127.0009,20시,1013.0
0,20170727.0,목,창경궁로(서울여자대학교),A-06,유출,원남동사거리->성균관대입구,11606.0,37.5831,127.0009,8시,558.0
0,20170727.0,목,창경궁로(서울여자대학교),A-06,유출,원남동사거리->성균관대입구,11606.0,37.5831,127.0009,9시,736.0
0,20170727.0,목,창경궁로(서울여자대학교),A-06,유출,원남동사거리->성균관대입구,11606.0,37.5831,127.0009,10시,762.0
0,20170727.0,목,창경궁로(서울여자대학교),A-06,유출,원남동사거리->성균관대입구,11606.0,37.5831,127.0009,11시,833.0
0,20170727.0,목,창경궁로(서울여자대학교),A-06,유출,원남동사거리->성균관대입구,11606.0,37.5831,127.0009,12시,803.0
0,20170727.0,목,창경궁로(서울여자대학교),A-06,유출,원남동사거리->성균관대입구,11606.0,37.5831,127.0009,13시,808.0
0,20170727.0,목,창경궁로(서울여자대학교),A-06,유출,원남동사거리->성균관대입구,11606.0,37.5831,127.0009,14시,842.0
0,20170727.0,목,창경궁로(서울여자대학교),A-06,유출,원남동사거리->성균관대입구,11606.0,37.5831,127.0009,15시,988.0
0,20170727.0,목,창경궁로(서울여자대학교),A-06,유출,원남동사거리->성균관대입구,11606.0,37.5831,127.0009,16시,997.0
0,20170727.0,목,창경궁로(서울여자대학교),A-06,유출,원남동사거리->성균관대입구,11606.0,37.5831,127.0009,17시,1013.0
0,20170727.0,목,창경궁로(서울여자대학교),A-06,유출,원남동사거리->성균관대입구,11606.0,37.5831,127.0009,18시,1091.0
0,20170727.0,목,창경궁로(서울여자대학교),A-06,유출,원남동사거리->성균관대입구,11606.0,37.5831,127.0009,19시,1125.0
0,20170727.0,목,창경궁로(서울여자대학교),A-06,유출,원남동사거리->성균관대입구,11606.0,37.5831,127.0009,20시,1050.0
0,20170728.0,금,창경궁로(서울여자대학교),A-06,유출,원남동사거리->성균관대입구,11652.0,37.5831,127.0009,8시,580.0
0,20170728.0,금,창경궁로(서울여자대학교),A-06,유출,원남동사거리->성균관대입구,11652.0,37.5831,127.0009,9시,663.0
0,20170728.0,금,창경궁로(서울여자대학교),A-06,유출,원남동사거리->성균관대입구,11652.0,37.5831,127.0009,10시,699.0
0,20170728.0,금,창경궁로(서울여자대학교),A-06,유출,원남동사거리->성균관대입구,11652.0,37.5831,127.0009,11시,799.0
0,20170728.0,금,창경궁로(서울여자대학교),A-06,유출,원남동사거리->성균관대입구,11652.0,37.5831,127.0009,12시,853.0
0,20170728.0,금,창경궁로(서울여자대학교),A-06,유출,원남동사거리->성균관대입구,11652.0,37.5831,127.0009,13시,843.0
0,20170728.0,금,창경궁로(서울여자대학교),A-06,유출,원남동사거리->성균관대입구,11652.0,37.5831,127.0009,14시,883.0
0,20170728.0,금,창경궁로(서울여자대학교),A-06,유출,원남동사거리->성균관대입구,11652.0,37.5831,127.0009,15시,954.0
0,20170728.0,금,창경궁로(서울여자대학교),A-06,유출,원남동사거리->성균관대입구,11652.0,37.5831,127.0009,16시,980.0
0,20170728.0,금,창경궁로(서울여자대학교),A-06,유출,원남동사거리->성균관대입구,11652.0,37.5831,127.0009,17시,1074.0
0,20170728.0,금,창경궁로(서울여자대학교),A-06,유출,원남동사거리->성균관대입구,11652.0,37.5831,127.0009,18시,1147.0
0,20170728.0,금,창경궁로(서울여자대학교),A-06,유출,원남동사거리->성균관대입구,11652.0,37.5831,127.0009,19시,1109.0
0,20170728.0,금,창경궁로(서울여자대학교),A-06,유출,원남동사거리->성균관대입구,11652.0,37.5831,127.0009,20시,1068.0
0,20170729.0,토,창경궁로(서울여자대학교),A-06,유출,원남동사거리->성균관대입구,10685.0,37.5831,127.0009,8시,489.0
0,20170729.0,토,창경궁로(서울여자대학교),A-06,유출,원남동사거리->성균관대입구,10685.0,37.5831,127.0009,9시,683.0
0,20170729.0,토,창경궁로(서울여자대학교),A-06,유출,원남동사거리->성균관대입구,10685.0,37.5831,127.0009,10시,700.0
0,20170729.0,토,창경궁로(서울여자대학교),A-06,유출,원남동사거리->성균관대입구,10685.0,37.5831,127.0009,11시,763.0
0,20170729.0,토,창경궁로(서울여자대학교),A-06,유출,원남동사거리->성균관대입구,10685.0,37.5831,127.0009,12시,785.0
0,20170729.0,토,창경궁로(서울여자대학교),A-06,유출,원남동사거리->성균관대입구,10685.0,37.5831,127.0009,13시,809.0
0,20170729.0,토,창경궁로(서울여자대학교),A-06,유출,원남동사거리->성균관대입구,10685.0,37.5831,127.0009,14시,881.0
0,20170729.0,토,창경궁로(서울여자대학교),A-06,유출,원남동사거리->성균관대입구,10685.0,37.5831,127.0009,15시,899.0
0,20170729.0,토,창경궁로(서울여자대학교),A-06,유출,원남동사거리->성균관대입구,10685.0,37.5831,127.0009,16시,879.0
0,20170729.0,토,창경궁로(서울여자대학교),A-06,유출,원남동사거리->성균관대입구,10685.0,37.5831,127.0009,17시,950.0
0,20170729.0,토,창경궁로(서울여자대학교),A-06,유출,원남동사거리->성균관대입구,10685.0,37.5831,127.0009,18시,997.0
0,20170729.0,토,창경궁로(서울여자대학교),A-06,유출,원남동사거리->성균관대입구,10685.0,37.5831,127.0009,19시,943.0
0,20170729.0,토,창경궁로(서울여자대학교),A-06,유출,원남동사거리->성균관대입구,10685.0,37.5831,127.0009,20시,907.0
0,20170730.0,일,창경궁로(서울여자대학교),A-06,유출,원남동사거리->성균관대입구,10141.0,37.5831,127.0009,8시,405.0
0,20170730.0,일,창경궁로(서울여자대학교),A-06,유출,원남동사거리->성균관대입구,10141.0,37.5831,127.0009,9시,533.0
0,20170730.0,일,창경궁로(서울여자대학교),A-06,유출,원남동사거리->성균관대입구,10141.0,37.5831,127.0009,10시,593.0
0,20170730.0,일,창경궁로(서울여자대학교),A-06,유출,원남동사거리->성균관대입구,10141.0,37.5831,127.0009,11시,637.0
0,20170730.0,일,창경궁로(서울여자대학교),A-06,유출,원남동사거리->성균관대입구,10141.0,37.5831,127.0009,12시,720.0
0,20170730.0,일,창경궁로(서울여자대학교),A-06,유출,원남동사거리->성균관대입구,10141.0,37.5831,127.0009,13시,814.0
0,20170730.0,일,창경궁로(서울여자대학교),A-06,유출,원남동사거리->성균관대입구,10141.0,37.5831,127.0009,14시,930.0
0,20170730.0,일,창경궁로(서울여자대학교),A-06,유출,원남동사거리->성균관대입구,10141.0,37.5831,127.0009,15시,963.0
0,20170730.0,일,창경궁로(서울여자대학교),A-06,유출,원남동사거리->성균관대입구,10141.0,37.5831,127.0009,16시,963.0
0,20170730.0,일,창경궁로(서울여자대학교),A-06,유출,원남동사거리->성균관대입구,10141.0,37.5831,127.0009,17시,924.0
0,20170730.0,일,창경궁로(서울여자대학교),A-06,유출,원남동사거리->성균관대입구,10141.0,37.5831,127.0009,18시,966.0
0,20170730.0,일,창경궁로(서울여자대학교),A-06,유출,원남동사거리->성균관대입구,10141.0,37.5831,127.0009,19시,846.0
0,20170730.0,일,창경궁로(서울여자대학교),A-06,유출,원남동사거리->성균관대입구,10141.0,37.5831,127.0009,20시,847.0
0,20170731.0,월,창경궁로(서울여자대학교),A-06,유출,원남동사거리->성균관대입구,11520.0,37.5831,127.0009,8시,612.0
0,20170731.0,월,창경궁로(서울여자대학교),A-06,유출,원남동사거리->성균관대입구,11520.0,37.5831,127.0009,9시,666.0
0,20170731.0,월,창경궁로(서울여자대학교),A-06,유출,원남동사거리->성균관대입구,11520.0,37.5831,127.0009,10시,727.0
0,20170731.0,월,창경궁로(서울여자대학교),A-06,유출,원남동사거리->성균관대입구,11520.0,37.5831,127.0009,11시,834.0
0,20170731.0,월,창경궁로(서울여자대학교),A-06,유출,원남동사거리->성균관대입구,11520.0,37.5831,127.0009,12시,837.0
0,20170731.0,월,창경궁로(서울여자대학교),A-06,유출,원남동사거리->성균관대입구,11520.0,37.5831,127.0009,13시,825.0
0,20170731.0,월,창경궁로(서울여자대학교),A-06,유출,원남동사거리->성균관대입구,11520.0,37.5831,127.0009,14시,947.0
0,20170731.0,월,창경궁로(서울여자대학교),A-06,유출,원남동사거리->성균관대입구,11520.0,37.5831,127.0009,15시,929.0
0,20170731.0,월,창경궁로(서울여자대학교),A-06,유출,원남동사거리->성균관대입구,11520.0,37.5831,127.0009,16시,1039.0
0,20170731.0,월,창경궁로(서울여자대학교),A-06,유출,원남동사거리->성균관대입구,11520.0,37.5831,127.0009,17시,1016.0
0,20170731.0,월,창경궁로(서울여자대학교),A-06,유출,원남동사거리->성균관대입구,11520.0,37.5831,127.0009,18시,1076.0
0,20170731.0,월,창경궁로(서울여자대학교),A-06,유출,원남동사거리->성균관대입구,11520.0,37.5831,127.0009,19시,1068.0
0,20170731.0,월,창경궁로(서울여자대학교),A-06,유출,원남동사거리->성균관대입구,11520.0,37.5831,127.0009,20시,944.0
0,20170801.0,화,창경궁로(서울여자대학교),A-06,유입,성균관대입구->원남동사거리,16853.0,37.5831,127.0009,8시,2140.0
0,20170801.0,화,창경궁로(서울여자대학교),A-06,유입,성균관대입구->원남동사거리,16853.0,37.5831,127.0009,9시,1702.0
0,20170801.0,화,창경궁로(서울여자대학교),A-06,유입,성균관대입구->원남동사거리,16853.0,37.5831,127.0009,10시,1473.0
0,20170801.0,화,창경궁로(서울여자대학교),A-06,유입,성균관대입구->원남동사거리,16853.0,37.5831,127.0009,11시,1338.0
0,20170801.0,화,창경궁로(서울여자대학교),A-06,유입,성균관대입구->원남동사거리,16853.0,37.5831,127.0009,12시,1258.0
0,20170801.0,화,창경궁로(서울여자대학교),A-06,유입,성균관대입구->원남동사거리,16853.0,37.5831,127.0009,13시,1230.0
0,20170801.0,화,창경궁로(서울여자대학교),A-06,유입,성균관대입구->원남동사거리,16853.0,37.5831,127.0009,14시,1329.0
0,20170801.0,화,창경궁로(서울여자대학교),A-06,유입,성균관대입구->원남동사거리,16853.0,37.5831,127.0009,15시,1202.0
0,20170801.0,화,창경궁로(서울여자대학교),A-06,유입,성균관대입구->원남동사거리,16853.0,37.5831,127.0009,16시,1201.0
0,20170801.0,화,창경궁로(서울여자대학교),A-06,유입,성균관대입구->원남동사거리,16853.0,37.5831,127.0009,17시,1115.0
0,20170801.0,화,창경궁로(서울여자대학교),A-06,유입,성균관대입구->원남동사거리,16853.0,37.5831,127.0009,18시,1031.0
0,20170801.0,화,창경궁로(서울여자대학교),A-06,유입,성균관대입구->원남동사거리,16853.0,37.5831,127.0009,19시,860.0
0,20170801.0,화,창경궁로(서울여자대학교),A-06,유입,성균관대입구->원남동사거리,16853.0,37.5831,127.0009,20시,974.0
0,20170802.0,수,창경궁로(서울여자대학교),A-06,유입,성균관대입구->원남동사거리,17016.0,37.5831,127.0009,8시,2118.0
0,20170802.0,수,창경궁로(서울여자대학교),A-06,유입,성균관대입구->원남동사거리,17016.0,37.5831,127.0009,9시,1657.0
0,20170802.0,수,창경궁로(서울여자대학교),A-06,유입,성균관대입구->원남동사거리,17016.0,37.5831,127.0009,10시,1490.0
0,20170802.0,수,창경궁로(서울여자대학교),A-06,유입,성균관대입구->원남동사거리,17016.0,37.5831,127.0009,11시,1401.0
0,20170802.0,수,창경궁로(서울여자대학교),A-06,유입,성균관대입구->원남동사거리,17016.0,37.5831,127.0009,12시,1293.0
0,20170802.0,수,창경궁로(서울여자대학교),A-06,유입,성균관대입구->원남동사거리,17016.0,37.5831,127.0009,13시,1320.0
0,20170802.0,수,창경궁로(서울여자대학교),A-06,유입,성균관대입구->원남동사거리,17016.0,37.5831,127.0009,14시,1277.0
0,20170802.0,수,창경궁로(서울여자대학교),A-06,유입,성균관대입구->원남동사거리,17016.0,37.5831,127.0009,15시,1195.0
0,20170802.0,수,창경궁로(서울여자대학교),A-06,유입,성균관대입구->원남동사거리,17016.0,37.5831,127.0009,16시,1231.0
0,20170802.0,수,창경궁로(서울여자대학교),A-06,유입,성균관대입구->원남동사거리,17016.0,37.5831,127.0009,17시,1127.0
0,20170802.0,수,창경궁로(서울여자대학교),A-06,유입,성균관대입구->원남동사거리,17016.0,37.5831,127.0009,18시,1022.0
0,20170802.0,수,창경궁로(서울여자대학교),A-06,유입,성균관대입구->원남동사거리,17016.0,37.5831,127.0009,19시,935.0
0,20170802.0,수,창경궁로(서울여자대학교),A-06,유입,성균관대입구->원남동사거리,17016.0,37.5831,127.0009,20시,950.0
0,20170803.0,목,창경궁로(서울여자대학교),A-06,유입,성균관대입구->원남동사거리,17032.0,37.5831,127.0009,8시,2118.0
0,20170803.0,목,창경궁로(서울여자대학교),A-06,유입,성균관대입구->원남동사거리,17032.0,37.5831,127.0009,9시,1735.0
0,20170803.0,목,창경궁로(서울여자대학교),A-06,유입,성균관대입구->원남동사거리,17032.0,37.5831,127.0009,10시,1505.0
0,20170803.0,목,창경궁로(서울여자대학교),A-06,유입,성균관대입구->원남동사거리,17032.0,37.5831,127.0009,11시,1354.0
0,20170803.0,목,창경궁로(서울여자대학교),A-06,유입,성균관대입구->원남동사거리,17032.0,37.5831,127.0009,12시,1281.0
0,20170803.0,목,창경궁로(서울여자대학교),A-06,유입,성균관대입구->원남동사거리,17032.0,37.5831,127.0009,13시,1304.0
0,20170803.0,목,창경궁로(서울여자대학교),A-06,유입,성균관대입구->원남동사거리,17032.0,37.5831,127.0009,14시,1222.0
0,20170803.0,목,창경궁로(서울여자대학교),A-06,유입,성균관대입구->원남동사거리,17032.0,37.5831,127.0009,15시,1239.0
0,20170803.0,목,창경궁로(서울여자대학교),A-06,유입,성균관대입구->원남동사거리,17032.0,37.5831,127.0009,16시,1193.0
0,20170803.0,목,창경궁로(서울여자대학교),A-06,유입,성균관대입구->원남동사거리,17032.0,37.5831,127.0009,17시,1135.0
0,20170803.0,목,창경궁로(서울여자대학교),A-06,유입,성균관대입구->원남동사거리,17032.0,37.5831,127.0009,18시,1048.0
0,20170803.0,목,창경궁로(서울여자대학교),A-06,유입,성균관대입구->원남동사거리,17032.0,37.5831,127.0009,19시,907.0
0,20170803.0,목,창경궁로(서울여자대학교),A-06,유입,성균관대입구->원남동사거리,17032.0,37.5831,127.0009,20시,991.0
0,20170804.0,금,창경궁로(서울여자대학교),A-06,유입,성균관대입구->원남동사거리,17525.0,37.5831,127.0009,8시,2188.0
0,20170804.0,금,창경궁로(서울여자대학교),A-06,유입,성균관대입구->원남동사거리,17525.0,37.5831,127.0009,9시,1733.0
0,20170804.0,금,창경궁로(서울여자대학교),A-06,유입,성균관대입구->원남동사거리,17525.0,37.5831,127.0009,10시,1540.0
0,20170804.0,금,창경궁로(서울여자대학교),A-06,유입,성균관대입구->원남동사거리,17525.0,37.5831,127.0009,11시,1405.0
0,20170804.0,금,창경궁로(서울여자대학교),A-06,유입,성균관대입구->원남동사거리,17525.0,37.5831,127.0009,12시,1322.0
0,20170804.0,금,창경궁로(서울여자대학교),A-06,유입,성균관대입구->원남동사거리,17525.0,37.5831,127.0009,13시,1390.0
0,20170804.0,금,창경궁로(서울여자대학교),A-06,유입,성균관대입구->원남동사거리,17525.0,37.5831,127.0009,14시,1342.0
0,20170804.0,금,창경궁로(서울여자대학교),A-06,유입,성균관대입구->원남동사거리,17525.0,37.5831,127.0009,15시,1275.0
0,20170804.0,금,창경궁로(서울여자대학교),A-06,유입,성균관대입구->원남동사거리,17525.0,37.5831,127.0009,16시,1239.0
0,20170804.0,금,창경궁로(서울여자대학교),A-06,유입,성균관대입구->원남동사거리,17525.0,37.5831,127.0009,17시,1113.0
0,20170804.0,금,창경궁로(서울여자대학교),A-06,유입,성균관대입구->원남동사거리,17525.0,37.5831,127.0009,18시,1110.0
0,20170804.0,금,창경궁로(서울여자대학교),A-06,유입,성균관대입구->원남동사거리,17525.0,37.5831,127.0009,19시,874.0
0,20170804.0,금,창경궁로(서울여자대학교),A-06,유입,성균관대입구->원남동사거리,17525.0,37.5831,127.0009,20시,994.0
0,20170805.0,토,창경궁로(서울여자대학교),A-06,유입,성균관대입구->원남동사거리,17013.0,37.5831,127.0009,8시,1359.0
0,20170805.0,토,창경궁로(서울여자대학교),A-06,유입,성균관대입구->원남동사거리,17013.0,37.5831,127.0009,9시,1407.0
0,20170805.0,토,창경궁로(서울여자대학교),A-06,유입,성균관대입구->원남동사거리,17013.0,37.5831,127.0009,10시,1473.0
0,20170805.0,토,창경궁로(서울여자대학교),A-06,유입,성균관대입구->원남동사거리,17013.0,37.5831,127.0009,11시,1395.0
0,20170805.0,토,창경궁로(서울여자대학교),A-06,유입,성균관대입구->원남동사거리,17013.0,37.5831,127.0009,12시,1425.0
0,20170805.0,토,창경궁로(서울여자대학교),A-06,유입,성균관대입구->원남동사거리,17013.0,37.5831,127.0009,13시,1390.0
0,20170805.0,토,창경궁로(서울여자대학교),A-06,유입,성균관대입구->원남동사거리,17013.0,37.5831,127.0009,14시,1319.0
0,20170805.0,토,창경궁로(서울여자대학교),A-06,유입,성균관대입구->원남동사거리,17013.0,37.5831,127.0009,15시,1363.0
0,20170805.0,토,창경궁로(서울여자대학교),A-06,유입,성균관대입구->원남동사거리,17013.0,37.5831,127.0009,16시,1338.0
0,20170805.0,토,창경궁로(서울여자대학교),A-06,유입,성균관대입구->원남동사거리,17013.0,37.5831,127.0009,17시,1278.0
0,20170805.0,토,창경궁로(서울여자대학교),A-06,유입,성균관대입구->원남동사거리,17013.0,37.5831,127.0009,18시,1232.0
0,20170805.0,토,창경궁로(서울여자대학교),A-06,유입,성균관대입구->원남동사거리,17013.0,37.5831,127.0009,19시,1003.0
0,20170805.0,토,창경궁로(서울여자대학교),A-06,유입,성균관대입구->원남동사거리,17013.0,37.5831,127.0009,20시,1031.0
0,20170806.0,일,창경궁로(서울여자대학교),A-06,유입,성균관대입구->원남동사거리,15539.0,37.5831,127.0009,8시,1002.0
0,20170806.0,일,창경궁로(서울여자대학교),A-06,유입,성균관대입구->원남동사거리,15539.0,37.5831,127.0009,9시,1221.0
0,20170806.0,일,창경궁로(서울여자대학교),A-06,유입,성균관대입구->원남동사거리,15539.0,37.5831,127.0009,10시,1315.0
0,20170806.0,일,창경궁로(서울여자대학교),A-06,유입,성균관대입구->원남동사거리,15539.0,37.5831,127.0009,11시,1224.0
0,20170806.0,일,창경궁로(서울여자대학교),A-06,유입,성균관대입구->원남동사거리,15539.0,37.5831,127.0009,12시,1345.0
0,20170806.0,일,창경궁로(서울여자대학교),A-06,유입,성균관대입구->원남동사거리,15539.0,37.5831,127.0009,13시,1376.0
0,20170806.0,일,창경궁로(서울여자대학교),A-06,유입,성균관대입구->원남동사거리,15539.0,37.5831,127.0009,14시,1317.0
0,20170806.0,일,창경궁로(서울여자대학교),A-06,유입,성균관대입구->원남동사거리,15539.0,37.5831,127.0009,15시,1328.0
0,20170806.0,일,창경궁로(서울여자대학교),A-06,유입,성균관대입구->원남동사거리,15539.0,37.5831,127.0009,16시,1211.0
0,20170806.0,일,창경궁로(서울여자대학교),A-06,유입,성균관대입구->원남동사거리,15539.0,37.5831,127.0009,17시,1191.0
0,20170806.0,일,창경궁로(서울여자대학교),A-06,유입,성균관대입구->원남동사거리,15539.0,37.5831,127.0009,18시,1051.0
0,20170806.0,일,창경궁로(서울여자대학교),A-06,유입,성균관대입구->원남동사거리,15539.0,37.5831,127.0009,19시,965.0
0,20170806.0,일,창경궁로(서울여자대학교),A-06,유입,성균관대입구->원남동사거리,15539.0,37.5831,127.0009,20시,993.0
0,20170807.0,월,창경궁로(서울여자대학교),A-06,유입,성균관대입구->원남동사거리,16711.0,37.5831,127.0009,8시,2213.0
0,20170807.0,월,창경궁로(서울여자대학교),A-06,유입,성균관대입구->원남동사거리,16711.0,37.5831,127.0009,9시,1696.0
0,20170807.0,월,창경궁로(서울여자대학교),A-06,유입,성균관대입구->원남동사거리,16711.0,37.5831,127.0009,10시,1396.0
0,20170807.0,월,창경궁로(서울여자대학교),A-06,유입,성균관대입구->원남동사거리,16711.0,37.5831,127.0009,11시,1333.0
0,20170807.0,월,창경궁로(서울여자대학교),A-06,유입,성균관대입구->원남동사거리,16711.0,37.5831,127.0009,12시,1253.0
0,20170807.0,월,창경궁로(서울여자대학교),A-06,유입,성균관대입구->원남동사거리,16711.0,37.5831,127.0009,13시,1264.0
0,20170807.0,월,창경궁로(서울여자대학교),A-06,유입,성균관대입구->원남동사거리,16711.0,37.5831,127.0009,14시,1229.0
0,20170807.0,월,창경궁로(서울여자대학교),A-06,유입,성균관대입구->원남동사거리,16711.0,37.5831,127.0009,15시,1145.0
0,20170807.0,월,창경궁로(서울여자대학교),A-06,유입,성균관대입구->원남동사거리,16711.0,37.5831,127.0009,16시,1176.0
0,20170807.0,월,창경궁로(서울여자대학교),A-06,유입,성균관대입구->원남동사거리,16711.0,37.5831,127.0009,17시,1243.0
0,20170807.0,월,창경궁로(서울여자대학교),A-06,유입,성균관대입구->원남동사거리,16711.0,37.5831,127.0009,18시,1047.0
0,20170807.0,월,창경궁로(서울여자대학교),A-06,유입,성균관대입구->원남동사거리,16711.0,37.5831,127.0009,19시,840.0
0,20170807.0,월,창경궁로(서울여자대학교),A-06,유입,성균관대입구->원남동사거리,16711.0,37.5831,127.0009,20시,876.0
0,20170808.0,화,창경궁로(서울여자대학교),A-06,유입,성균관대입구->원남동사거리,16845.0,37.5831,127.0009,8시,2262.0
0,20170808.0,화,창경궁로(서울여자대학교),A-06,유입,성균관대입구->원남동사거리,16845.0,37.5831,127.0009,9시,1764.0
0,20170808.0,화,창경궁로(서울여자대학교),A-06,유입,성균관대입구->원남동사거리,16845.0,37.5831,127.0009,10시,1360.0
0,20170808.0,화,창경궁로(서울여자대학교),A-06,유입,성균관대입구->원남동사거리,16845.0,37.5831,127.0009,11시,1360.0
0,20170808.0,화,창경궁로(서울여자대학교),A-06,유입,성균관대입구->원남동사거리,16845.0,37.5831,127.0009,12시,1380.0
0,20170808.0,화,창경궁로(서울여자대학교),A-06,유입,성균관대입구->원남동사거리,16845.0,37.5831,127.0009,13시,1246.0
0,20170808.0,화,창경궁로(서울여자대학교),A-06,유입,성균관대입구->원남동사거리,16845.0,37.5831,127.0009,14시,1230.0
0,20170808.0,화,창경궁로(서울여자대학교),A-06,유입,성균관대입구->원남동사거리,16845.0,37.5831,127.0009,15시,1207.0
0,20170808.0,화,창경궁로(서울여자대학교),A-06,유입,성균관대입구->원남동사거리,16845.0,37.5831,127.0009,16시,1096.0
0,20170808.0,화,창경궁로(서울여자대학교),A-06,유입,성균관대입구->원남동사거리,16845.0,37.5831,127.0009,17시,1171.0
0,20170808.0,화,창경궁로(서울여자대학교),A-06,유입,성균관대입구->원남동사거리,16845.0,37.5831,127.0009,18시,1011.0
0,20170808.0,화,창경궁로(서울여자대학교),A-06,유입,성균관대입구->원남동사거리,16845.0,37.5831,127.0009,19시,816.0
0,20170808.0,화,창경궁로(서울여자대학교),A-06,유입,성균관대입구->원남동사거리,16845.0,37.5831,127.0009,20시,942.0
0,20170809.0,수,창경궁로(서울여자대학교),A-06,유입,성균관대입구->원남동사거리,17128.0,37.5831,127.0009,8시,2287.0
0,20170809.0,수,창경궁로(서울여자대학교),A-06,유입,성균관대입구->원남동사거리,17128.0,37.5831,127.0009,9시,1706.0
0,20170809.0,수,창경궁로(서울여자대학교),A-06,유입,성균관대입구->원남동사거리,17128.0,37.5831,127.0009,10시,1494.0
0,20170809.0,수,창경궁로(서울여자대학교),A-06,유입,성균관대입구->원남동사거리,17128.0,37.5831,127.0009,11시,1395.0
0,20170809.0,수,창경궁로(서울여자대학교),A-06,유입,성균관대입구->원남동사거리,17128.0,37.5831,127.0009,12시,1323.0
0,20170809.0,수,창경궁로(서울여자대학교),A-06,유입,성균관대입구->원남동사거리,17128.0,37.5831,127.0009,13시,1340.0
0,20170809.0,수,창경궁로(서울여자대학교),A-06,유입,성균관대입구->원남동사거리,17128.0,37.5831,127.0009,14시,1237.0
0,20170809.0,수,창경궁로(서울여자대학교),A-06,유입,성균관대입구->원남동사거리,17128.0,37.5831,127.0009,15시,1317.0
0,20170809.0,수,창경궁로(서울여자대학교),A-06,유입,성균관대입구->원남동사거리,17128.0,37.5831,127.0009,16시,1131.0
0,20170809.0,수,창경궁로(서울여자대학교),A-06,유입,성균관대입구->원남동사거리,17128.0,37.5831,127.0009,17시,1162.0
0,20170809.0,수,창경궁로(서울여자대학교),A-06,유입,성균관대입구->원남동사거리,17128.0,37.5831,127.0009,18시,983.0
0,20170809.0,수,창경궁로(서울여자대학교),A-06,유입,성균관대입구->원남동사거리,17128.0,37.5831,127.0009,19시,872.0
0,20170809.0,수,창경궁로(서울여자대학교),A-06,유입,성균관대입구->원남동사거리,17128.0,37.5831,127.0009,20시,881.0
0,20170810.0,목,창경궁로(서울여자대학교),A-06,유입,성균관대입구->원남동사거리,17296.0,37.5831,127.0009,8시,2287.0
0,20170810.0,목,창경궁로(서울여자대학교),A-06,유입,성균관대입구->원남동사거리,17296.0,37.5831,127.0009,9시,1968.0
0,20170810.0,목,창경궁로(서울여자대학교),A-06,유입,성균관대입구->원남동사거리,17296.0,37.5831,127.0009,10시,1560.0
0,20170810.0,목,창경궁로(서울여자대학교),A-06,유입,성균관대입구->원남동사거리,17296.0,37.5831,127.0009,11시,1412.0
0,20170810.0,목,창경궁로(서울여자대학교),A-06,유입,성균관대입구->원남동사거리,17296.0,37.5831,127.0009,12시,1332.0
0,20170810.0,목,창경궁로(서울여자대학교),A-06,유입,성균관대입구->원남동사거리,17296.0,37.5831,127.0009,13시,1375.0
0,20170810.0,목,창경궁로(서울여자대학교),A-06,유입,성균관대입구->원남동사거리,17296.0,37.5831,127.0009,14시,1257.0
0,20170810.0,목,창경궁로(서울여자대학교),A-06,유입,성균관대입구->원남동사거리,17296.0,37.5831,127.0009,15시,1205.0
0,20170810.0,목,창경궁로(서울여자대학교),A-06,유입,성균관대입구->원남동사거리,17296.0,37.5831,127.0009,16시,1141.0
0,20170810.0,목,창경궁로(서울여자대학교),A-06,유입,성균관대입구->원남동사거리,17296.0,37.5831,127.0009,17시,1144.0
0,20170810.0,목,창경궁로(서울여자대학교),A-06,유입,성균관대입구->원남동사거리,17296.0,37.5831,127.0009,18시,959.0
0,20170810.0,목,창경궁로(서울여자대학교),A-06,유입,성균관대입구->원남동사거리,17296.0,37.5831,127.0009,19시,800.0
0,20170810.0,목,창경궁로(서울여자대학교),A-06,유입,성균관대입구->원남동사거리,17296.0,37.5831,127.0009,20시,856.0
0,20170811.0,금,창경궁로(서울여자대학교),A-06,유입,성균관대입구->원남동사거리,17315.0,37.5831,127.0009,8시,2287.0
0,20170811.0,금,창경궁로(서울여자대학교),A-06,유입,성균관대입구->원남동사거리,17315.0,37.5831,127.0009,9시,1841.0
0,20170811.0,금,창경궁로(서울여자대학교),A-06,유입,성균관대입구->원남동사거리,17315.0,37.5831,127.0009,10시,1481.0
0,20170811.0,금,창경궁로(서울여자대학교),A-06,유입,성균관대입구->원남동사거리,17315.0,37.5831,127.0009,11시,1426.0
0,20170811.0,금,창경궁로(서울여자대학교),A-06,유입,성균관대입구->원남동사거리,17315.0,37.5831,127.0009,12시,1309.0
0,20170811.0,금,창경궁로(서울여자대학교),A-06,유입,성균관대입구->원남동사거리,17315.0,37.5831,127.0009,13시,1364.0
0,20170811.0,금,창경궁로(서울여자대학교),A-06,유입,성균관대입구->원남동사거리,17315.0,37.5831,127.0009,14시,1229.0
0,20170811.0,금,창경궁로(서울여자대학교),A-06,유입,성균관대입구->원남동사거리,17315.0,37.5831,127.0009,15시,1275.0
0,20170811.0,금,창경궁로(서울여자대학교),A-06,유입,성균관대입구->원남동사거리,17315.0,37.5831,127.0009,16시,1211.0
0,20170811.0,금,창경궁로(서울여자대학교),A-06,유입,성균관대입구->원남동사거리,17315.0,37.5831,127.0009,17시,1076.0
0,20170811.0,금,창경궁로(서울여자대학교),A-06,유입,성균관대입구->원남동사거리,17315.0,37.5831,127.0009,18시,1009.0
0,20170811.0,금,창경궁로(서울여자대학교),A-06,유입,성균관대입구->원남동사거리,17315.0,37.5831,127.0009,19시,843.0
0,20170811.0,금,창경궁로(서울여자대학교),A-06,유입,성균관대입구->원남동사거리,17315.0,37.5831,127.0009,20시,964.0
0,20170812.0,토,창경궁로(서울여자대학교),A-06,유입,성균관대입구->원남동사거리,17175.0,37.5831,127.0009,8시,1486.0
0,20170812.0,토,창경궁로(서울여자대학교),A-06,유입,성균관대입구->원남동사거리,17175.0,37.5831,127.0009,9시,1507.0
0,20170812.0,토,창경궁로(서울여자대학교),A-06,유입,성균관대입구->원남동사거리,17175.0,37.5831,127.0009,10시,1436.0
0,20170812.0,토,창경궁로(서울여자대학교),A-06,유입,성균관대입구->원남동사거리,17175.0,37.5831,127.0009,11시,1462.0
0,20170812.0,토,창경궁로(서울여자대학교),A-06,유입,성균관대입구->원남동사거리,17175.0,37.5831,127.0009,12시,1396.0
0,20170812.0,토,창경궁로(서울여자대학교),A-06,유입,성균관대입구->원남동사거리,17175.0,37.5831,127.0009,13시,1428.0
0,20170812.0,토,창경궁로(서울여자대학교),A-06,유입,성균관대입구->원남동사거리,17175.0,37.5831,127.0009,14시,1311.0
0,20170812.0,토,창경궁로(서울여자대학교),A-06,유입,성균관대입구->원남동사거리,17175.0,37.5831,127.0009,15시,1330.0
0,20170812.0,토,창경궁로(서울여자대학교),A-06,유입,성균관대입구->원남동사거리,17175.0,37.5831,127.0009,16시,1292.0
0,20170812.0,토,창경궁로(서울여자대학교),A-06,유입,성균관대입구->원남동사거리,17175.0,37.5831,127.0009,17시,1307.0
0,20170812.0,토,창경궁로(서울여자대학교),A-06,유입,성균관대입구->원남동사거리,17175.0,37.5831,127.0009,18시,1189.0
0,20170812.0,토,창경궁로(서울여자대학교),A-06,유입,성균관대입구->원남동사거리,17175.0,37.5831,127.0009,19시,982.0
0,20170812.0,토,창경궁로(서울여자대학교),A-06,유입,성균관대입구->원남동사거리,17175.0,37.5831,127.0009,20시,1049.0
0,20170813.0,일,창경궁로(서울여자대학교),A-06,유입,성균관대입구->원남동사거리,15936.0,37.5831,127.0009,8시,1026.0
0,20170813.0,일,창경궁로(서울여자대학교),A-06,유입,성균관대입구->원남동사거리,15936.0,37.5831,127.0009,9시,1270.0
0,20170813.0,일,창경궁로(서울여자대학교),A-06,유입,성균관대입구->원남동사거리,15936.0,37.5831,127.0009,10시,1352.0
0,20170813.0,일,창경궁로(서울여자대학교),A-06,유입,성균관대입구->원남동사거리,15936.0,37.5831,127.0009,11시,1275.0
0,20170813.0,일,창경궁로(서울여자대학교),A-06,유입,성균관대입구->원남동사거리,15936.0,37.5831,127.0009,12시,1456.0
0,20170813.0,일,창경궁로(서울여자대학교),A-06,유입,성균관대입구->원남동사거리,15936.0,37.5831,127.0009,13시,1495.0
0,20170813.0,일,창경궁로(서울여자대학교),A-06,유입,성균관대입구->원남동사거리,15936.0,37.5831,127.0009,14시,1314.0
0,20170813.0,일,창경궁로(서울여자대학교),A-06,유입,성균관대입구->원남동사거리,15936.0,37.5831,127.0009,15시,1253.0
0,20170813.0,일,창경궁로(서울여자대학교),A-06,유입,성균관대입구->원남동사거리,15936.0,37.5831,127.0009,16시,1285.0
0,20170813.0,일,창경궁로(서울여자대학교),A-06,유입,성균관대입구->원남동사거리,15936.0,37.5831,127.0009,17시,1274.0
0,20170813.0,일,창경궁로(서울여자대학교),A-06,유입,성균관대입구->원남동사거리,15936.0,37.5831,127.0009,18시,1077.0
0,20170813.0,일,창경궁로(서울여자대학교),A-06,유입,성균관대입구->원남동사거리,15936.0,37.5831,127.0009,19시,950.0
0,20170813.0,일,창경궁로(서울여자대학교),A-06,유입,성균관대입구->원남동사거리,15936.0,37.5831,127.0009,20시,909.0
0,20170814.0,월,창경궁로(서울여자대학교),A-06,유입,성균관대입구->원남동사거리,16839.0,37.5831,127.0009,8시,2156.0
0,20170814.0,월,창경궁로(서울여자대학교),A-06,유입,성균관대입구->원남동사거리,16839.0,37.5831,127.0009,9시,1564.0
0,20170814.0,월,창경궁로(서울여자대학교),A-06,유입,성균관대입구->원남동사거리,16839.0,37.5831,127.0009,10시,1508.0
0,20170814.0,월,창경궁로(서울여자대학교),A-06,유입,성균관대입구->원남동사거리,16839.0,37.5831,127.0009,11시,1387.0
0,20170814.0,월,창경궁로(서울여자대학교),A-06,유입,성균관대입구->원남동사거리,16839.0,37.5831,127.0009,12시,1270.0
0,20170814.0,월,창경궁로(서울여자대학교),A-06,유입,성균관대입구->원남동사거리,16839.0,37.5831,127.0009,13시,1334.0
0,20170814.0,월,창경궁로(서울여자대학교),A-06,유입,성균관대입구->원남동사거리,16839.0,37.5831,127.0009,14시,1315.0
0,20170814.0,월,창경궁로(서울여자대학교),A-06,유입,성균관대입구->원남동사거리,16839.0,37.5831,127.0009,15시,1124.0
0,20170814.0,월,창경궁로(서울여자대학교),A-06,유입,성균관대입구->원남동사거리,16839.0,37.5831,127.0009,16시,1122.0
0,20170814.0,월,창경궁로(서울여자대학교),A-06,유입,성균관대입구->원남동사거리,16839.0,37.5831,127.0009,17시,1228.0
0,20170814.0,월,창경궁로(서울여자대학교),A-06,유입,성균관대입구->원남동사거리,16839.0,37.5831,127.0009,18시,1021.0
0,20170814.0,월,창경궁로(서울여자대학교),A-06,유입,성균관대입구->원남동사거리,16839.0,37.5831,127.0009,19시,865.0
0,20170814.0,월,창경궁로(서울여자대학교),A-06,유입,성균관대입구->원남동사거리,16839.0,37.5831,127.0009,20시,945.0
0,20170815.0,화,창경궁로(서울여자대학교),A-06,유입,성균관대입구->원남동사거리,15683.0,37.5831,127.0009,8시,1054.0
0,20170815.0,화,창경궁로(서울여자대학교),A-06,유입,성균관대입구->원남동사거리,15683.0,37.5831,127.0009,9시,1206.0
0,20170815.0,화,창경궁로(서울여자대학교),A-06,유입,성균관대입구->원남동사거리,15683.0,37.5831,127.0009,10시,1250.0
0,20170815.0,화,창경궁로(서울여자대학교),A-06,유입,성균관대입구->원남동사거리,15683.0,37.5831,127.0009,11시,1303.0
0,20170815.0,화,창경궁로(서울여자대학교),A-06,유입,성균관대입구->원남동사거리,15683.0,37.5831,127.0009,12시,1316.0
0,20170815.0,화,창경궁로(서울여자대학교),A-06,유입,성균관대입구->원남동사거리,15683.0,37.5831,127.0009,13시,1300.0
0,20170815.0,화,창경궁로(서울여자대학교),A-06,유입,성균관대입구->원남동사거리,15683.0,37.5831,127.0009,14시,1253.0
0,20170815.0,화,창경궁로(서울여자대학교),A-06,유입,성균관대입구->원남동사거리,15683.0,37.5831,127.0009,15시,1322.0
0,20170815.0,화,창경궁로(서울여자대학교),A-06,유입,성균관대입구->원남동사거리,15683.0,37.5831,127.0009,16시,1272.0
0,20170815.0,화,창경궁로(서울여자대학교),A-06,유입,성균관대입구->원남동사거리,15683.0,37.5831,127.0009,17시,1226.0
0,20170815.0,화,창경궁로(서울여자대학교),A-06,유입,성균관대입구->원남동사거리,15683.0,37.5831,127.0009,18시,1376.0
0,20170815.0,화,창경궁로(서울여자대학교),A-06,유입,성균관대입구->원남동사거리,15683.0,37.5831,127.0009,19시,868.0
0,20170815.0,화,창경궁로(서울여자대학교),A-06,유입,성균관대입구->원남동사거리,15683.0,37.5831,127.0009,20시,937.0
0,20170816.0,수,창경궁로(서울여자대학교),A-06,유입,성균관대입구->원남동사거리,16105.0,37.5831,127.0009,8시,1736.0
0,20170816.0,수,창경궁로(서울여자대학교),A-06,유입,성균관대입구->원남동사거리,16105.0,37.5831,127.0009,9시,1366.0
0,20170816.0,수,창경궁로(서울여자대학교),A-06,유입,성균관대입구->원남동사거리,16105.0,37.5831,127.0009,10시,1344.0
0,20170816.0,수,창경궁로(서울여자대학교),A-06,유입,성균관대입구->원남동사거리,16105.0,37.5831,127.0009,11시,1381.0
0,20170816.0,수,창경궁로(서울여자대학교),A-06,유입,성균관대입구->원남동사거리,16105.0,37.5831,127.0009,12시,1406.0
0,20170816.0,수,창경궁로(서울여자대학교),A-06,유입,성균관대입구->원남동사거리,16105.0,37.5831,127.0009,13시,1392.0
0,20170816.0,수,창경궁로(서울여자대학교),A-06,유입,성균관대입구->원남동사거리,16105.0,37.5831,127.0009,14시,1271.0
0,20170816.0,수,창경궁로(서울여자대학교),A-06,유입,성균관대입구->원남동사거리,16105.0,37.5831,127.0009,15시,1202.0
0,20170816.0,수,창경궁로(서울여자대학교),A-06,유입,성균관대입구->원남동사거리,16105.0,37.5831,127.0009,16시,1081.0
0,20170816.0,수,창경궁로(서울여자대학교),A-06,유입,성균관대입구->원남동사거리,16105.0,37.5831,127.0009,17시,1188.0
0,20170816.0,수,창경궁로(서울여자대학교),A-06,유입,성균관대입구->원남동사거리,16105.0,37.5831,127.0009,18시,916.0
0,20170816.0,수,창경궁로(서울여자대학교),A-06,유입,성균관대입구->원남동사거리,16105.0,37.5831,127.0009,19시,842.0
0,20170816.0,수,창경궁로(서울여자대학교),A-06,유입,성균관대입구->원남동사거리,16105.0,37.5831,127.0009,20시,980.0
0,20170817.0,목,창경궁로(서울여자대학교),A-06,유입,성균관대입구->원남동사거리,16946.0,37.5831,127.0009,8시,2255.0
0,20170817.0,목,창경궁로(서울여자대학교),A-06,유입,성균관대입구->원남동사거리,16946.0,37.5831,127.0009,9시,1763.0
0,20170817.0,목,창경궁로(서울여자대학교),A-06,유입,성균관대입구->원남동사거리,16946.0,37.5831,127.0009,10시,1563.0
0,20170817.0,목,창경궁로(서울여자대학교),A-06,유입,성균관대입구->원남동사거리,16946.0,37.5831,127.0009,11시,1302.0
0,20170817.0,목,창경궁로(서울여자대학교),A-06,유입,성균관대입구->원남동사거리,16946.0,37.5831,127.0009,12시,1326.0
0,20170817.0,목,창경궁로(서울여자대학교),A-06,유입,성균관대입구->원남동사거리,16946.0,37.5831,127.0009,13시,1292.0
0,20170817.0,목,창경궁로(서울여자대학교),A-06,유입,성균관대입구->원남동사거리,16946.0,37.5831,127.0009,14시,1225.0
0,20170817.0,목,창경궁로(서울여자대학교),A-06,유입,성균관대입구->원남동사거리,16946.0,37.5831,127.0009,15시,1154.0
0,20170817.0,목,창경궁로(서울여자대학교),A-06,유입,성균관대입구->원남동사거리,16946.0,37.5831,127.0009,16시,1217.0
0,20170817.0,목,창경궁로(서울여자대학교),A-06,유입,성균관대입구->원남동사거리,16946.0,37.5831,127.0009,17시,1101.0
0,20170817.0,목,창경궁로(서울여자대학교),A-06,유입,성균관대입구->원남동사거리,16946.0,37.5831,127.0009,18시,961.0
0,20170817.0,목,창경궁로(서울여자대학교),A-06,유입,성균관대입구->원남동사거리,16946.0,37.5831,127.0009,19시,853.0
0,20170817.0,목,창경궁로(서울여자대학교),A-06,유입,성균관대입구->원남동사거리,16946.0,37.5831,127.0009,20시,934.0
0,20170818.0,금,창경궁로(서울여자대학교),A-06,유입,성균관대입구->원남동사거리,16348.0,37.5831,127.0009,8시,2334.0
0,20170818.0,금,창경궁로(서울여자대학교),A-06,유입,성균관대입구->원남동사거리,16348.0,37.5831,127.0009,9시,1745.0
0,20170818.0,금,창경궁로(서울여자대학교),A-06,유입,성균관대입구->원남동사거리,16348.0,37.5831,127.0009,10시,1441.0
0,20170818.0,금,창경궁로(서울여자대학교),A-06,유입,성균관대입구->원남동사거리,16348.0,37.5831,127.0009,11시,1338.0
0,20170818.0,금,창경궁로(서울여자대학교),A-06,유입,성균관대입구->원남동사거리,16348.0,37.5831,127.0009,12시,1283.0
0,20170818.0,금,창경궁로(서울여자대학교),A-06,유입,성균관대입구->원남동사거리,16348.0,37.5831,127.0009,13시,1330.0
0,20170818.0,금,창경궁로(서울여자대학교),A-06,유입,성균관대입구->원남동사거리,16348.0,37.5831,127.0009,14시,1166.0
0,20170818.0,금,창경궁로(서울여자대학교),A-06,유입,성균관대입구->원남동사거리,16348.0,37.5831,127.0009,15시,1099.0
0,20170818.0,금,창경궁로(서울여자대학교),A-06,유입,성균관대입구->원남동사거리,16348.0,37.5831,127.0009,16시,1088.0
0,20170818.0,금,창경궁로(서울여자대학교),A-06,유입,성균관대입구->원남동사거리,16348.0,37.5831,127.0009,17시,911.0
0,20170818.0,금,창경궁로(서울여자대학교),A-06,유입,성균관대입구->원남동사거리,16348.0,37.5831,127.0009,18시,853.0
0,20170818.0,금,창경궁로(서울여자대학교),A-06,유입,성균관대입구->원남동사거리,16348.0,37.5831,127.0009,19시,832.0
0,20170818.0,금,창경궁로(서울여자대학교),A-06,유입,성균관대입구->원남동사거리,16348.0,37.5831,127.0009,20시,928.0
0,20170819.0,토,창경궁로(서울여자대학교),A-06,유입,성균관대입구->원남동사거리,17559.0,37.5831,127.0009,8시,1454.0
0,20170819.0,토,창경궁로(서울여자대학교),A-06,유입,성균관대입구->원남동사거리,17559.0,37.5831,127.0009,9시,1528.0
0,20170819.0,토,창경궁로(서울여자대학교),A-06,유입,성균관대입구->원남동사거리,17559.0,37.5831,127.0009,10시,1477.0
0,20170819.0,토,창경궁로(서울여자대학교),A-06,유입,성균관대입구->원남동사거리,17559.0,37.5831,127.0009,11시,1470.0
0,20170819.0,토,창경궁로(서울여자대학교),A-06,유입,성균관대입구->원남동사거리,17559.0,37.5831,127.0009,12시,1434.0
0,20170819.0,토,창경궁로(서울여자대학교),A-06,유입,성균관대입구->원남동사거리,17559.0,37.5831,127.0009,13시,1428.0
0,20170819.0,토,창경궁로(서울여자대학교),A-06,유입,성균관대입구->원남동사거리,17559.0,37.5831,127.0009,14시,1436.0
0,20170819.0,토,창경궁로(서울여자대학교),A-06,유입,성균관대입구->원남동사거리,17559.0,37.5831,127.0009,15시,1361.0
0,20170819.0,토,창경궁로(서울여자대학교),A-06,유입,성균관대입구->원남동사거리,17559.0,37.5831,127.0009,16시,1358.0
0,20170819.0,토,창경궁로(서울여자대학교),A-06,유입,성균관대입구->원남동사거리,17559.0,37.5831,127.0009,17시,1342.0
0,20170819.0,토,창경궁로(서울여자대학교),A-06,유입,성균관대입구->원남동사거리,17559.0,37.5831,127.0009,18시,1196.0
0,20170819.0,토,창경궁로(서울여자대학교),A-06,유입,성균관대입구->원남동사거리,17559.0,37.5831,127.0009,19시,1050.0
0,20170819.0,토,창경궁로(서울여자대학교),A-06,유입,성균관대입구->원남동사거리,17559.0,37.5831,127.0009,20시,1025.0
0,20170820.0,일,창경궁로(서울여자대학교),A-06,유입,성균관대입구->원남동사거리,15562.0,37.5831,127.0009,8시,1046.0
0,20170820.0,일,창경궁로(서울여자대학교),A-06,유입,성균관대입구->원남동사거리,15562.0,37.5831,127.0009,9시,1215.0
0,20170820.0,일,창경궁로(서울여자대학교),A-06,유입,성균관대입구->원남동사거리,15562.0,37.5831,127.0009,10시,1324.0
0,20170820.0,일,창경궁로(서울여자대학교),A-06,유입,성균관대입구->원남동사거리,15562.0,37.5831,127.0009,11시,1236.0
0,20170820.0,일,창경궁로(서울여자대학교),A-06,유입,성균관대입구->원남동사거리,15562.0,37.5831,127.0009,12시,1385.0
0,20170820.0,일,창경궁로(서울여자대학교),A-06,유입,성균관대입구->원남동사거리,15562.0,37.5831,127.0009,13시,1378.0
0,20170820.0,일,창경궁로(서울여자대학교),A-06,유입,성균관대입구->원남동사거리,15562.0,37.5831,127.0009,14시,1356.0
0,20170820.0,일,창경궁로(서울여자대학교),A-06,유입,성균관대입구->원남동사거리,15562.0,37.5831,127.0009,15시,1258.0
0,20170820.0,일,창경궁로(서울여자대학교),A-06,유입,성균관대입구->원남동사거리,15562.0,37.5831,127.0009,16시,1252.0
0,20170820.0,일,창경궁로(서울여자대학교),A-06,유입,성균관대입구->원남동사거리,15562.0,37.5831,127.0009,17시,1189.0
0,20170820.0,일,창경궁로(서울여자대학교),A-06,유입,성균관대입구->원남동사거리,15562.0,37.5831,127.0009,18시,1092.0
0,20170820.0,일,창경궁로(서울여자대학교),A-06,유입,성균관대입구->원남동사거리,15562.0,37.5831,127.0009,19시,915.0
0,20170820.0,일,창경궁로(서울여자대학교),A-06,유입,성균관대입구->원남동사거리,15562.0,37.5831,127.0009,20시,916.0
0,20170821.0,월,창경궁로(서울여자대학교),A-06,유입,성균관대입구->원남동사거리,16383.0,37.5831,127.0009,8시,1922.0
0,20170821.0,월,창경궁로(서울여자대학교),A-06,유입,성균관대입구->원남동사거리,16383.0,37.5831,127.0009,9시,1723.0
0,20170821.0,월,창경궁로(서울여자대학교),A-06,유입,성균관대입구->원남동사거리,16383.0,37.5831,127.0009,10시,1432.0
0,20170821.0,월,창경궁로(서울여자대학교),A-06,유입,성균관대입구->원남동사거리,16383.0,37.5831,127.0009,11시,1349.0
0,20170821.0,월,창경궁로(서울여자대학교),A-06,유입,성균관대입구->원남동사거리,16383.0,37.5831,127.0009,12시,1239.0
0,20170821.0,월,창경궁로(서울여자대학교),A-06,유입,성균관대입구->원남동사거리,16383.0,37.5831,127.0009,13시,1263.0
0,20170821.0,월,창경궁로(서울여자대학교),A-06,유입,성균관대입구->원남동사거리,16383.0,37.5831,127.0009,14시,1265.0
0,20170821.0,월,창경궁로(서울여자대학교),A-06,유입,성균관대입구->원남동사거리,16383.0,37.5831,127.0009,15시,1146.0
0,20170821.0,월,창경궁로(서울여자대학교),A-06,유입,성균관대입구->원남동사거리,16383.0,37.5831,127.0009,16시,1138.0
0,20170821.0,월,창경궁로(서울여자대학교),A-06,유입,성균관대입구->원남동사거리,16383.0,37.5831,127.0009,17시,1085.0
0,20170821.0,월,창경궁로(서울여자대학교),A-06,유입,성균관대입구->원남동사거리,16383.0,37.5831,127.0009,18시,1013.0
0,20170821.0,월,창경궁로(서울여자대학교),A-06,유입,성균관대입구->원남동사거리,16383.0,37.5831,127.0009,19시,903.0
0,20170821.0,월,창경궁로(서울여자대학교),A-06,유입,성균관대입구->원남동사거리,16383.0,37.5831,127.0009,20시,905.0
0,20170822.0,화,창경궁로(서울여자대학교),A-06,유입,성균관대입구->원남동사거리,15084.0,37.5831,127.0009,8시,2331.0
0,20170822.0,화,창경궁로(서울여자대학교),A-06,유입,성균관대입구->원남동사거리,15084.0,37.5831,127.0009,9시,1853.0
0,20170822.0,화,창경궁로(서울여자대학교),A-06,유입,성균관대입구->원남동사거리,15084.0,37.5831,127.0009,10시,1575.0
0,20170822.0,화,창경궁로(서울여자대학교),A-06,유입,성균관대입구->원남동사거리,15084.0,37.5831,127.0009,11시,960.0
0,20170822.0,화,창경궁로(서울여자대학교),A-06,유입,성균관대입구->원남동사거리,15084.0,37.5831,127.0009,12시,799.0
0,20170822.0,화,창경궁로(서울여자대학교),A-06,유입,성균관대입구->원남동사거리,15084.0,37.5831,127.0009,13시,743.0
0,20170822.0,화,창경궁로(서울여자대학교),A-06,유입,성균관대입구->원남동사거리,15084.0,37.5831,127.0009,14시,604.0
0,20170822.0,화,창경궁로(서울여자대학교),A-06,유입,성균관대입구->원남동사거리,15084.0,37.5831,127.0009,15시,1044.0
0,20170822.0,화,창경궁로(서울여자대학교),A-06,유입,성균관대입구->원남동사거리,15084.0,37.5831,127.0009,16시,1180.0
0,20170822.0,화,창경궁로(서울여자대학교),A-06,유입,성균관대입구->원남동사거리,15084.0,37.5831,127.0009,17시,1131.0
0,20170822.0,화,창경궁로(서울여자대학교),A-06,유입,성균관대입구->원남동사거리,15084.0,37.5831,127.0009,18시,998.0
0,20170822.0,화,창경궁로(서울여자대학교),A-06,유입,성균관대입구->원남동사거리,15084.0,37.5831,127.0009,19시,892.0
0,20170822.0,화,창경궁로(서울여자대학교),A-06,유입,성균관대입구->원남동사거리,15084.0,37.5831,127.0009,20시,974.0
0,20170823.0,수,창경궁로(서울여자대학교),A-06,유입,성균관대입구->원남동사거리,17123.0,37.5831,127.0009,8시,2330.0
0,20170823.0,수,창경궁로(서울여자대학교),A-06,유입,성균관대입구->원남동사거리,17123.0,37.5831,127.0009,9시,1829.0
0,20170823.0,수,창경궁로(서울여자대학교),A-06,유입,성균관대입구->원남동사거리,17123.0,37.5831,127.0009,10시,1525.0
0,20170823.0,수,창경궁로(서울여자대학교),A-06,유입,성균관대입구->원남동사거리,17123.0,37.5831,127.0009,11시,1395.0
0,20170823.0,수,창경궁로(서울여자대학교),A-06,유입,성균관대입구->원남동사거리,17123.0,37.5831,127.0009,12시,1359.0
0,20170823.0,수,창경궁로(서울여자대학교),A-06,유입,성균관대입구->원남동사거리,17123.0,37.5831,127.0009,13시,1328.0
0,20170823.0,수,창경궁로(서울여자대학교),A-06,유입,성균관대입구->원남동사거리,17123.0,37.5831,127.0009,14시,1158.0
0,20170823.0,수,창경궁로(서울여자대학교),A-06,유입,성균관대입구->원남동사거리,17123.0,37.5831,127.0009,15시,1189.0
0,20170823.0,수,창경궁로(서울여자대학교),A-06,유입,성균관대입구->원남동사거리,17123.0,37.5831,127.0009,16시,1210.0
0,20170823.0,수,창경궁로(서울여자대학교),A-06,유입,성균관대입구->원남동사거리,17123.0,37.5831,127.0009,17시,1188.0
0,20170823.0,수,창경궁로(서울여자대학교),A-06,유입,성균관대입구->원남동사거리,17123.0,37.5831,127.0009,18시,964.0
0,20170823.0,수,창경궁로(서울여자대학교),A-06,유입,성균관대입구->원남동사거리,17123.0,37.5831,127.0009,19시,819.0
0,20170823.0,수,창경궁로(서울여자대학교),A-06,유입,성균관대입구->원남동사거리,17123.0,37.5831,127.0009,20시,829.0
0,20170824.0,목,창경궁로(서울여자대학교),A-06,유입,성균관대입구->원남동사거리,17220.0,37.5831,127.0009,8시,2351.0
0,20170824.0,목,창경궁로(서울여자대학교),A-06,유입,성균관대입구->원남동사거리,17220.0,37.5831,127.0009,9시,1816.0
0,20170824.0,목,창경궁로(서울여자대학교),A-06,유입,성균관대입구->원남동사거리,17220.0,37.5831,127.0009,10시,1538.0
0,20170824.0,목,창경궁로(서울여자대학교),A-06,유입,성균관대입구->원남동사거리,17220.0,37.5831,127.0009,11시,1401.0
0,20170824.0,목,창경궁로(서울여자대학교),A-06,유입,성균관대입구->원남동사거리,17220.0,37.5831,127.0009,12시,1247.0
0,20170824.0,목,창경궁로(서울여자대학교),A-06,유입,성균관대입구->원남동사거리,17220.0,37.5831,127.0009,13시,1297.0
0,20170824.0,목,창경궁로(서울여자대학교),A-06,유입,성균관대입구->원남동사거리,17220.0,37.5831,127.0009,14시,1247.0
0,20170824.0,목,창경궁로(서울여자대학교),A-06,유입,성균관대입구->원남동사거리,17220.0,37.5831,127.0009,15시,1184.0
0,20170824.0,목,창경궁로(서울여자대학교),A-06,유입,성균관대입구->원남동사거리,17220.0,37.5831,127.0009,16시,1160.0
0,20170824.0,목,창경궁로(서울여자대학교),A-06,유입,성균관대입구->원남동사거리,17220.0,37.5831,127.0009,17시,1115.0
0,20170824.0,목,창경궁로(서울여자대학교),A-06,유입,성균관대입구->원남동사거리,17220.0,37.5831,127.0009,18시,1013.0
0,20170824.0,목,창경궁로(서울여자대학교),A-06,유입,성균관대입구->원남동사거리,17220.0,37.5831,127.0009,19시,892.0
0,20170824.0,목,창경궁로(서울여자대학교),A-06,유입,성균관대입구->원남동사거리,17220.0,37.5831,127.0009,20시,959.0
0,20170825.0,금,창경궁로(서울여자대학교),A-06,유입,성균관대입구->원남동사거리,18182.0,37.5831,127.0009,8시,2289.0
0,20170825.0,금,창경궁로(서울여자대학교),A-06,유입,성균관대입구->원남동사거리,18182.0,37.5831,127.0009,9시,1889.0
0,20170825.0,금,창경궁로(서울여자대학교),A-06,유입,성균관대입구->원남동사거리,18182.0,37.5831,127.0009,10시,1619.0
0,20170825.0,금,창경궁로(서울여자대학교),A-06,유입,성균관대입구->원남동사거리,18182.0,37.5831,127.0009,11시,1486.0
0,20170825.0,금,창경궁로(서울여자대학교),A-06,유입,성균관대입구->원남동사거리,18182.0,37.5831,127.0009,12시,1583.0
0,20170825.0,금,창경궁로(서울여자대학교),A-06,유입,성균관대입구->원남동사거리,18182.0,37.5831,127.0009,13시,1506.0
0,20170825.0,금,창경궁로(서울여자대학교),A-06,유입,성균관대입구->원남동사거리,18182.0,37.5831,127.0009,14시,1342.0
0,20170825.0,금,창경궁로(서울여자대학교),A-06,유입,성균관대입구->원남동사거리,18182.0,37.5831,127.0009,15시,1297.0
0,20170825.0,금,창경궁로(서울여자대학교),A-06,유입,성균관대입구->원남동사거리,18182.0,37.5831,127.0009,16시,1321.0
0,20170825.0,금,창경궁로(서울여자대학교),A-06,유입,성균관대입구->원남동사거리,18182.0,37.5831,127.0009,17시,1105.0
0,20170825.0,금,창경궁로(서울여자대학교),A-06,유입,성균관대입구->원남동사거리,18182.0,37.5831,127.0009,18시,1016.0
0,20170825.0,금,창경궁로(서울여자대학교),A-06,유입,성균관대입구->원남동사거리,18182.0,37.5831,127.0009,19시,833.0
0,20170825.0,금,창경궁로(서울여자대학교),A-06,유입,성균관대입구->원남동사거리,18182.0,37.5831,127.0009,20시,896.0
0,20170826.0,토,창경궁로(서울여자대학교),A-06,유입,성균관대입구->원남동사거리,18223.0,37.5831,127.0009,8시,1495.0
0,20170826.0,토,창경궁로(서울여자대학교),A-06,유입,성균관대입구->원남동사거리,18223.0,37.5831,127.0009,9시,1550.0
0,20170826.0,토,창경궁로(서울여자대학교),A-06,유입,성균관대입구->원남동사거리,18223.0,37.5831,127.0009,10시,1580.0
0,20170826.0,토,창경궁로(서울여자대학교),A-06,유입,성균관대입구->원남동사거리,18223.0,37.5831,127.0009,11시,1527.0
0,20170826.0,토,창경궁로(서울여자대학교),A-06,유입,성균관대입구->원남동사거리,18223.0,37.5831,127.0009,12시,1836.0
0,20170826.0,토,창경궁로(서울여자대학교),A-06,유입,성균관대입구->원남동사거리,18223.0,37.5831,127.0009,13시,1571.0
0,20170826.0,토,창경궁로(서울여자대학교),A-06,유입,성균관대입구->원남동사거리,18223.0,37.5831,127.0009,14시,1590.0
0,20170826.0,토,창경궁로(서울여자대학교),A-06,유입,성균관대입구->원남동사거리,18223.0,37.5831,127.0009,15시,1458.0
0,20170826.0,토,창경궁로(서울여자대학교),A-06,유입,성균관대입구->원남동사거리,18223.0,37.5831,127.0009,16시,1426.0
0,20170826.0,토,창경궁로(서울여자대학교),A-06,유입,성균관대입구->원남동사거리,18223.0,37.5831,127.0009,17시,1101.0
0,20170826.0,토,창경궁로(서울여자대학교),A-06,유입,성균관대입구->원남동사거리,18223.0,37.5831,127.0009,18시,1045.0
0,20170826.0,토,창경궁로(서울여자대학교),A-06,유입,성균관대입구->원남동사거리,18223.0,37.5831,127.0009,19시,950.0
0,20170826.0,토,창경궁로(서울여자대학교),A-06,유입,성균관대입구->원남동사거리,18223.0,37.5831,127.0009,20시,1094.0
0,20170827.0,일,창경궁로(서울여자대학교),A-06,유입,성균관대입구->원남동사거리,17079.0,37.5831,127.0009,8시,1272.0
0,20170827.0,일,창경궁로(서울여자대학교),A-06,유입,성균관대입구->원남동사거리,17079.0,37.5831,127.0009,9시,1323.0
0,20170827.0,일,창경궁로(서울여자대학교),A-06,유입,성균관대입구->원남동사거리,17079.0,37.5831,127.0009,10시,1348.0
0,20170827.0,일,창경궁로(서울여자대학교),A-06,유입,성균관대입구->원남동사거리,17079.0,37.5831,127.0009,11시,1325.0
0,20170827.0,일,창경궁로(서울여자대학교),A-06,유입,성균관대입구->원남동사거리,17079.0,37.5831,127.0009,12시,1408.0
0,20170827.0,일,창경궁로(서울여자대학교),A-06,유입,성균관대입구->원남동사거리,17079.0,37.5831,127.0009,13시,1418.0
0,20170827.0,일,창경궁로(서울여자대학교),A-06,유입,성균관대입구->원남동사거리,17079.0,37.5831,127.0009,14시,1481.0
0,20170827.0,일,창경궁로(서울여자대학교),A-06,유입,성균관대입구->원남동사거리,17079.0,37.5831,127.0009,15시,1422.0
0,20170827.0,일,창경궁로(서울여자대학교),A-06,유입,성균관대입구->원남동사거리,17079.0,37.5831,127.0009,16시,1482.0
0,20170827.0,일,창경궁로(서울여자대학교),A-06,유입,성균관대입구->원남동사거리,17079.0,37.5831,127.0009,17시,1315.0
0,20170827.0,일,창경궁로(서울여자대학교),A-06,유입,성균관대입구->원남동사거리,17079.0,37.5831,127.0009,18시,1153.0
0,20170827.0,일,창경궁로(서울여자대학교),A-06,유입,성균관대입구->원남동사거리,17079.0,37.5831,127.0009,19시,1065.0
0,20170827.0,일,창경궁로(서울여자대학교),A-06,유입,성균관대입구->원남동사거리,17079.0,37.5831,127.0009,20시,1067.0
0,20170828.0,월,창경궁로(서울여자대학교),A-06,유입,성균관대입구->원남동사거리,17227.0,37.5831,127.0009,8시,2424.0
0,20170828.0,월,창경궁로(서울여자대학교),A-06,유입,성균관대입구->원남동사거리,17227.0,37.5831,127.0009,9시,1835.0
0,20170828.0,월,창경궁로(서울여자대학교),A-06,유입,성균관대입구->원남동사거리,17227.0,37.5831,127.0009,10시,1472.0
0,20170828.0,월,창경궁로(서울여자대학교),A-06,유입,성균관대입구->원남동사거리,17227.0,37.5831,127.0009,11시,1415.0
0,20170828.0,월,창경궁로(서울여자대학교),A-06,유입,성균관대입구->원남동사거리,17227.0,37.5831,127.0009,12시,1282.0
0,20170828.0,월,창경궁로(서울여자대학교),A-06,유입,성균관대입구->원남동사거리,17227.0,37.5831,127.0009,13시,1384.0
0,20170828.0,월,창경궁로(서울여자대학교),A-06,유입,성균관대입구->원남동사거리,17227.0,37.5831,127.0009,14시,1286.0
0,20170828.0,월,창경궁로(서울여자대학교),A-06,유입,성균관대입구->원남동사거리,17227.0,37.5831,127.0009,15시,1247.0
0,20170828.0,월,창경궁로(서울여자대학교),A-06,유입,성균관대입구->원남동사거리,17227.0,37.5831,127.0009,16시,1145.0
0,20170828.0,월,창경궁로(서울여자대학교),A-06,유입,성균관대입구->원남동사거리,17227.0,37.5831,127.0009,17시,1047.0
0,20170828.0,월,창경궁로(서울여자대학교),A-06,유입,성균관대입구->원남동사거리,17227.0,37.5831,127.0009,18시,983.0
0,20170828.0,월,창경궁로(서울여자대학교),A-06,유입,성균관대입구->원남동사거리,17227.0,37.5831,127.0009,19시,816.0
0,20170828.0,월,창경궁로(서울여자대학교),A-06,유입,성균관대입구->원남동사거리,17227.0,37.5831,127.0009,20시,891.0
0,20170829.0,화,창경궁로(서울여자대학교),A-06,유입,성균관대입구->원남동사거리,17523.0,37.5831,127.0009,8시,2288.0
0,20170829.0,화,창경궁로(서울여자대학교),A-06,유입,성균관대입구->원남동사거리,17523.0,37.5831,127.0009,9시,1884.0
0,20170829.0,화,창경궁로(서울여자대학교),A-06,유입,성균관대입구->원남동사거리,17523.0,37.5831,127.0009,10시,1535.0
0,20170829.0,화,창경궁로(서울여자대학교),A-06,유입,성균관대입구->원남동사거리,17523.0,37.5831,127.0009,11시,1415.0
0,20170829.0,화,창경궁로(서울여자대학교),A-06,유입,성균관대입구->원남동사거리,17523.0,37.5831,127.0009,12시,1334.0
0,20170829.0,화,창경궁로(서울여자대학교),A-06,유입,성균관대입구->원남동사거리,17523.0,37.5831,127.0009,13시,1249.0
0,20170829.0,화,창경궁로(서울여자대학교),A-06,유입,성균관대입구->원남동사거리,17523.0,37.5831,127.0009,14시,1234.0
0,20170829.0,화,창경궁로(서울여자대학교),A-06,유입,성균관대입구->원남동사거리,17523.0,37.5831,127.0009,15시,1215.0
0,20170829.0,화,창경궁로(서울여자대학교),A-06,유입,성균관대입구->원남동사거리,17523.0,37.5831,127.0009,16시,1156.0
0,20170829.0,화,창경궁로(서울여자대학교),A-06,유입,성균관대입구->원남동사거리,17523.0,37.5831,127.0009,17시,1230.0
0,20170829.0,화,창경궁로(서울여자대학교),A-06,유입,성균관대입구->원남동사거리,17523.0,37.5831,127.0009,18시,1025.0
0,20170829.0,화,창경궁로(서울여자대학교),A-06,유입,성균관대입구->원남동사거리,17523.0,37.5831,127.0009,19시,907.0
0,20170829.0,화,창경궁로(서울여자대학교),A-06,유입,성균관대입구->원남동사거리,17523.0,37.5831,127.0009,20시,1051.0
0,20170830.0,수,창경궁로(서울여자대학교),A-06,유입,성균관대입구->원남동사거리,17697.0,37.5831,127.0009,8시,2341.0
0,20170830.0,수,창경궁로(서울여자대학교),A-06,유입,성균관대입구->원남동사거리,17697.0,37.5831,127.0009,9시,1849.0
0,20170830.0,수,창경궁로(서울여자대학교),A-06,유입,성균관대입구->원남동사거리,17697.0,37.5831,127.0009,10시,1568.0
0,20170830.0,수,창경궁로(서울여자대학교),A-06,유입,성균관대입구->원남동사거리,17697.0,37.5831,127.0009,11시,1397.0
0,20170830.0,수,창경궁로(서울여자대학교),A-06,유입,성균관대입구->원남동사거리,17697.0,37.5831,127.0009,12시,1288.0
0,20170830.0,수,창경궁로(서울여자대학교),A-06,유입,성균관대입구->원남동사거리,17697.0,37.5831,127.0009,13시,1328.0
0,20170830.0,수,창경궁로(서울여자대학교),A-06,유입,성균관대입구->원남동사거리,17697.0,37.5831,127.0009,14시,1212.0
0,20170830.0,수,창경궁로(서울여자대학교),A-06,유입,성균관대입구->원남동사거리,17697.0,37.5831,127.0009,15시,1257.0
0,20170830.0,수,창경궁로(서울여자대학교),A-06,유입,성균관대입구->원남동사거리,17697.0,37.5831,127.0009,16시,1180.0
0,20170830.0,수,창경궁로(서울여자대학교),A-06,유입,성균관대입구->원남동사거리,17697.0,37.5831,127.0009,17시,1188.0
0,20170830.0,수,창경궁로(서울여자대학교),A-06,유입,성균관대입구->원남동사거리,17697.0,37.5831,127.0009,18시,1136.0
0,20170830.0,수,창경궁로(서울여자대학교),A-06,유입,성균관대입구->원남동사거리,17697.0,37.5831,127.0009,19시,965.0
0,20170830.0,수,창경궁로(서울여자대학교),A-06,유입,성균관대입구->원남동사거리,17697.0,37.5831,127.0009,20시,988.0
0,20170831.0,목,창경궁로(서울여자대학교),A-06,유입,성균관대입구->원남동사거리,16141.0,37.5831,127.0009,8시,2363.0
0,20170831.0,목,창경궁로(서울여자대학교),A-06,유입,성균관대입구->원남동사거리,16141.0,37.5831,127.0009,9시,1812.0
0,20170831.0,목,창경궁로(서울여자대학교),A-06,유입,성균관대입구->원남동사거리,16141.0,37.5831,127.0009,10시,1629.0
0,20170831.0,목,창경궁로(서울여자대학교),A-06,유입,성균관대입구->원남동사거리,16141.0,37.5831,127.0009,11시,1382.0
0,20170831.0,목,창경궁로(서울여자대학교),A-06,유입,성균관대입구->원남동사거리,16141.0,37.5831,127.0009,12시,1325.0
0,20170831.0,목,창경궁로(서울여자대학교),A-06,유입,성균관대입구->원남동사거리,16141.0,37.5831,127.0009,13시,1350.0
0,20170831.0,목,창경궁로(서울여자대학교),A-06,유입,성균관대입구->원남동사거리,16141.0,37.5831,127.0009,14시,1256.0
0,20170831.0,목,창경궁로(서울여자대학교),A-06,유입,성균관대입구->원남동사거리,16141.0,37.5831,127.0009,15시,783.0
0,20170831.0,목,창경궁로(서울여자대학교),A-06,유입,성균관대입구->원남동사거리,16141.0,37.5831,127.0009,16시,768.0
0,20170831.0,목,창경궁로(서울여자대학교),A-06,유입,성균관대입구->원남동사거리,16141.0,37.5831,127.0009,17시,796.0
0,20170831.0,목,창경궁로(서울여자대학교),A-06,유입,성균관대입구->원남동사거리,16141.0,37.5831,127.0009,18시,725.0
0,20170831.0,목,창경궁로(서울여자대학교),A-06,유입,성균관대입구->원남동사거리,16141.0,37.5831,127.0009,19시,977.0
0,20170831.0,목,창경궁로(서울여자대학교),A-06,유입,성균관대입구->원남동사거리,16141.0,37.5831,127.0009,20시,975.0
0,20170801.0,화,창경궁로(서울여자대학교),A-06,유출,원남동사거리->성균관대입구,11470.0,37.5831,127.0009,8시,646.0
0,20170801.0,화,창경궁로(서울여자대학교),A-06,유출,원남동사거리->성균관대입구,11470.0,37.5831,127.0009,9시,656.0
0,20170801.0,화,창경궁로(서울여자대학교),A-06,유출,원남동사거리->성균관대입구,11470.0,37.5831,127.0009,10시,771.0
0,20170801.0,화,창경궁로(서울여자대학교),A-06,유출,원남동사거리->성균관대입구,11470.0,37.5831,127.0009,11시,835.0
0,20170801.0,화,창경궁로(서울여자대학교),A-06,유출,원남동사거리->성균관대입구,11470.0,37.5831,127.0009,12시,896.0
0,20170801.0,화,창경궁로(서울여자대학교),A-06,유출,원남동사거리->성균관대입구,11470.0,37.5831,127.0009,13시,745.0
0,20170801.0,화,창경궁로(서울여자대학교),A-06,유출,원남동사거리->성균관대입구,11470.0,37.5831,127.0009,14시,896.0
0,20170801.0,화,창경궁로(서울여자대학교),A-06,유출,원남동사거리->성균관대입구,11470.0,37.5831,127.0009,15시,932.0
0,20170801.0,화,창경궁로(서울여자대학교),A-06,유출,원남동사거리->성균관대입구,11470.0,37.5831,127.0009,16시,913.0
0,20170801.0,화,창경궁로(서울여자대학교),A-06,유출,원남동사거리->성균관대입구,11470.0,37.5831,127.0009,17시,1034.0
0,20170801.0,화,창경궁로(서울여자대학교),A-06,유출,원남동사거리->성균관대입구,11470.0,37.5831,127.0009,18시,1106.0
0,20170801.0,화,창경궁로(서울여자대학교),A-06,유출,원남동사거리->성균관대입구,11470.0,37.5831,127.0009,19시,1065.0
0,20170801.0,화,창경궁로(서울여자대학교),A-06,유출,원남동사거리->성균관대입구,11470.0,37.5831,127.0009,20시,975.0
0,20170802.0,수,창경궁로(서울여자대학교),A-06,유출,원남동사거리->성균관대입구,11844.0,37.5831,127.0009,8시,628.0
0,20170802.0,수,창경궁로(서울여자대학교),A-06,유출,원남동사거리->성균관대입구,11844.0,37.5831,127.0009,9시,750.0
0,20170802.0,수,창경궁로(서울여자대학교),A-06,유출,원남동사거리->성균관대입구,11844.0,37.5831,127.0009,10시,793.0
0,20170802.0,수,창경궁로(서울여자대학교),A-06,유출,원남동사거리->성균관대입구,11844.0,37.5831,127.0009,11시,876.0
0,20170802.0,수,창경궁로(서울여자대학교),A-06,유출,원남동사거리->성균관대입구,11844.0,37.5831,127.0009,12시,840.0
0,20170802.0,수,창경궁로(서울여자대학교),A-06,유출,원남동사거리->성균관대입구,11844.0,37.5831,127.0009,13시,860.0
0,20170802.0,수,창경궁로(서울여자대학교),A-06,유출,원남동사거리->성균관대입구,11844.0,37.5831,127.0009,14시,906.0
0,20170802.0,수,창경궁로(서울여자대학교),A-06,유출,원남동사거리->성균관대입구,11844.0,37.5831,127.0009,15시,1017.0
0,20170802.0,수,창경궁로(서울여자대학교),A-06,유출,원남동사거리->성균관대입구,11844.0,37.5831,127.0009,16시,990.0
0,20170802.0,수,창경궁로(서울여자대학교),A-06,유출,원남동사거리->성균관대입구,11844.0,37.5831,127.0009,17시,1025.0
0,20170802.0,수,창경궁로(서울여자대학교),A-06,유출,원남동사거리->성균관대입구,11844.0,37.5831,127.0009,18시,1132.0
0,20170802.0,수,창경궁로(서울여자대학교),A-06,유출,원남동사거리->성균관대입구,11844.0,37.5831,127.0009,19시,1049.0
0,20170802.0,수,창경궁로(서울여자대학교),A-06,유출,원남동사거리->성균관대입구,11844.0,37.5831,127.0009,20시,978.0
0,20170803.0,목,창경궁로(서울여자대학교),A-06,유출,원남동사거리->성균관대입구,11781.0,37.5831,127.0009,8시,602.0
0,20170803.0,목,창경궁로(서울여자대학교),A-06,유출,원남동사거리->성균관대입구,11781.0,37.5831,127.0009,9시,707.0
0,20170803.0,목,창경궁로(서울여자대학교),A-06,유출,원남동사거리->성균관대입구,11781.0,37.5831,127.0009,10시,734.0
0,20170803.0,목,창경궁로(서울여자대학교),A-06,유출,원남동사거리->성균관대입구,11781.0,37.5831,127.0009,11시,905.0
0,20170803.0,목,창경궁로(서울여자대학교),A-06,유출,원남동사거리->성균관대입구,11781.0,37.5831,127.0009,12시,887.0
0,20170803.0,목,창경궁로(서울여자대학교),A-06,유출,원남동사거리->성균관대입구,11781.0,37.5831,127.0009,13시,868.0
0,20170803.0,목,창경궁로(서울여자대학교),A-06,유출,원남동사거리->성균관대입구,11781.0,37.5831,127.0009,14시,887.0
0,20170803.0,목,창경궁로(서울여자대학교),A-06,유출,원남동사거리->성균관대입구,11781.0,37.5831,127.0009,15시,994.0
0,20170803.0,목,창경궁로(서울여자대학교),A-06,유출,원남동사거리->성균관대입구,11781.0,37.5831,127.0009,16시,1019.0
0,20170803.0,목,창경궁로(서울여자대학교),A-06,유출,원남동사거리->성균관대입구,11781.0,37.5831,127.0009,17시,1034.0
0,20170803.0,목,창경궁로(서울여자대학교),A-06,유출,원남동사거리->성균관대입구,11781.0,37.5831,127.0009,18시,1085.0
0,20170803.0,목,창경궁로(서울여자대학교),A-06,유출,원남동사거리->성균관대입구,11781.0,37.5831,127.0009,19시,1069.0
0,20170803.0,목,창경궁로(서울여자대학교),A-06,유출,원남동사거리->성균관대입구,11781.0,37.5831,127.0009,20시,990.0
0,20170804.0,금,창경궁로(서울여자대학교),A-06,유출,원남동사거리->성균관대입구,12002.0,37.5831,127.0009,8시,614.0
0,20170804.0,금,창경궁로(서울여자대학교),A-06,유출,원남동사거리->성균관대입구,12002.0,37.5831,127.0009,9시,700.0
0,20170804.0,금,창경궁로(서울여자대학교),A-06,유출,원남동사거리->성균관대입구,12002.0,37.5831,127.0009,10시,946.0
0,20170804.0,금,창경궁로(서울여자대학교),A-06,유출,원남동사거리->성균관대입구,12002.0,37.5831,127.0009,11시,932.0
0,20170804.0,금,창경궁로(서울여자대학교),A-06,유출,원남동사거리->성균관대입구,12002.0,37.5831,127.0009,12시,914.0
0,20170804.0,금,창경궁로(서울여자대학교),A-06,유출,원남동사거리->성균관대입구,12002.0,37.5831,127.0009,13시,892.0
0,20170804.0,금,창경궁로(서울여자대학교),A-06,유출,원남동사거리->성균관대입구,12002.0,37.5831,127.0009,14시,936.0
0,20170804.0,금,창경궁로(서울여자대학교),A-06,유출,원남동사거리->성균관대입구,12002.0,37.5831,127.0009,15시,974.0
0,20170804.0,금,창경궁로(서울여자대학교),A-06,유출,원남동사거리->성균관대입구,12002.0,37.5831,127.0009,16시,969.0
0,20170804.0,금,창경궁로(서울여자대학교),A-06,유출,원남동사거리->성균관대입구,12002.0,37.5831,127.0009,17시,962.0
0,20170804.0,금,창경궁로(서울여자대학교),A-06,유출,원남동사거리->성균관대입구,12002.0,37.5831,127.0009,18시,1116.0
0,20170804.0,금,창경궁로(서울여자대학교),A-06,유출,원남동사거리->성균관대입구,12002.0,37.5831,127.0009,19시,1048.0
0,20170804.0,금,창경궁로(서울여자대학교),A-06,유출,원남동사거리->성균관대입구,12002.0,37.5831,127.0009,20시,999.0
0,20170805.0,토,창경궁로(서울여자대학교),A-06,유출,원남동사거리->성균관대입구,10780.0,37.5831,127.0009,8시,510.0
0,20170805.0,토,창경궁로(서울여자대학교),A-06,유출,원남동사거리->성균관대입구,10780.0,37.5831,127.0009,9시,594.0
0,20170805.0,토,창경궁로(서울여자대학교),A-06,유출,원남동사거리->성균관대입구,10780.0,37.5831,127.0009,10시,736.0
0,20170805.0,토,창경궁로(서울여자대학교),A-06,유출,원남동사거리->성균관대입구,10780.0,37.5831,127.0009,11시,724.0
0,20170805.0,토,창경궁로(서울여자대학교),A-06,유출,원남동사거리->성균관대입구,10780.0,37.5831,127.0009,12시,788.0
0,20170805.0,토,창경궁로(서울여자대학교),A-06,유출,원남동사거리->성균관대입구,10780.0,37.5831,127.0009,13시,848.0
0,20170805.0,토,창경궁로(서울여자대학교),A-06,유출,원남동사거리->성균관대입구,10780.0,37.5831,127.0009,14시,910.0
0,20170805.0,토,창경궁로(서울여자대학교),A-06,유출,원남동사거리->성균관대입구,10780.0,37.5831,127.0009,15시,971.0
0,20170805.0,토,창경궁로(서울여자대학교),A-06,유출,원남동사거리->성균관대입구,10780.0,37.5831,127.0009,16시,1022.0
0,20170805.0,토,창경궁로(서울여자대학교),A-06,유출,원남동사거리->성균관대입구,10780.0,37.5831,127.0009,17시,1049.0
0,20170805.0,토,창경궁로(서울여자대학교),A-06,유출,원남동사거리->성균관대입구,10780.0,37.5831,127.0009,18시,930.0
0,20170805.0,토,창경궁로(서울여자대학교),A-06,유출,원남동사거리->성균관대입구,10780.0,37.5831,127.0009,19시,827.0
0,20170805.0,토,창경궁로(서울여자대학교),A-06,유출,원남동사거리->성균관대입구,10780.0,37.5831,127.0009,20시,871.0
0,20170806.0,일,창경궁로(서울여자대학교),A-06,유출,원남동사거리->성균관대입구,9864.0,37.5831,127.0009,8시,381.0
0,20170806.0,일,창경궁로(서울여자대학교),A-06,유출,원남동사거리->성균관대입구,9864.0,37.5831,127.0009,9시,519.0
0,20170806.0,일,창경궁로(서울여자대학교),A-06,유출,원남동사거리->성균관대입구,9864.0,37.5831,127.0009,10시,577.0
0,20170806.0,일,창경궁로(서울여자대학교),A-06,유출,원남동사거리->성균관대입구,9864.0,37.5831,127.0009,11시,636.0
0,20170806.0,일,창경궁로(서울여자대학교),A-06,유출,원남동사거리->성균관대입구,9864.0,37.5831,127.0009,12시,785.0
0,20170806.0,일,창경궁로(서울여자대학교),A-06,유출,원남동사거리->성균관대입구,9864.0,37.5831,127.0009,13시,789.0
0,20170806.0,일,창경궁로(서울여자대학교),A-06,유출,원남동사거리->성균관대입구,9864.0,37.5831,127.0009,14시,1052.0
0,20170806.0,일,창경궁로(서울여자대학교),A-06,유출,원남동사거리->성균관대입구,9864.0,37.5831,127.0009,15시,817.0
0,20170806.0,일,창경궁로(서울여자대학교),A-06,유출,원남동사거리->성균관대입구,9864.0,37.5831,127.0009,16시,891.0
0,20170806.0,일,창경궁로(서울여자대학교),A-06,유출,원남동사거리->성균관대입구,9864.0,37.5831,127.0009,17시,913.0
0,20170806.0,일,창경궁로(서울여자대학교),A-06,유출,원남동사거리->성균관대입구,9864.0,37.5831,127.0009,18시,922.0
0,20170806.0,일,창경궁로(서울여자대학교),A-06,유출,원남동사거리->성균관대입구,9864.0,37.5831,127.0009,19시,791.0
0,20170806.0,일,창경궁로(서울여자대학교),A-06,유출,원남동사거리->성균관대입구,9864.0,37.5831,127.0009,20시,791.0
0,20170807.0,월,창경궁로(서울여자대학교),A-06,유출,원남동사거리->성균관대입구,11787.0,37.5831,127.0009,8시,618.0
0,20170807.0,월,창경궁로(서울여자대학교),A-06,유출,원남동사거리->성균관대입구,11787.0,37.5831,127.0009,9시,762.0
0,20170807.0,월,창경궁로(서울여자대학교),A-06,유출,원남동사거리->성균관대입구,11787.0,37.5831,127.0009,10시,829.0
0,20170807.0,월,창경궁로(서울여자대학교),A-06,유출,원남동사거리->성균관대입구,11787.0,37.5831,127.0009,11시,790.0
0,20170807.0,월,창경궁로(서울여자대학교),A-06,유출,원남동사거리->성균관대입구,11787.0,37.5831,127.0009,12시,901.0
0,20170807.0,월,창경궁로(서울여자대학교),A-06,유출,원남동사거리->성균관대입구,11787.0,37.5831,127.0009,13시,846.0
0,20170807.0,월,창경궁로(서울여자대학교),A-06,유출,원남동사거리->성균관대입구,11787.0,37.5831,127.0009,14시,910.0
0,20170807.0,월,창경궁로(서울여자대학교),A-06,유출,원남동사거리->성균관대입구,11787.0,37.5831,127.0009,15시,959.0
0,20170807.0,월,창경궁로(서울여자대학교),A-06,유출,원남동사거리->성균관대입구,11787.0,37.5831,127.0009,16시,1009.0
0,20170807.0,월,창경궁로(서울여자대학교),A-06,유출,원남동사거리->성균관대입구,11787.0,37.5831,127.0009,17시,1029.0
0,20170807.0,월,창경궁로(서울여자대학교),A-06,유출,원남동사거리->성균관대입구,11787.0,37.5831,127.0009,18시,1144.0
0,20170807.0,월,창경궁로(서울여자대학교),A-06,유출,원남동사거리->성균관대입구,11787.0,37.5831,127.0009,19시,1052.0
0,20170807.0,월,창경궁로(서울여자대학교),A-06,유출,원남동사거리->성균관대입구,11787.0,37.5831,127.0009,20시,938.0
0,20170808.0,화,창경궁로(서울여자대학교),A-06,유출,원남동사거리->성균관대입구,11693.0,37.5831,127.0009,8시,633.0
0,20170808.0,화,창경궁로(서울여자대학교),A-06,유출,원남동사거리->성균관대입구,11693.0,37.5831,127.0009,9시,707.0
0,20170808.0,화,창경궁로(서울여자대학교),A-06,유출,원남동사거리->성균관대입구,11693.0,37.5831,127.0009,10시,702.0
0,20170808.0,화,창경궁로(서울여자대학교),A-06,유출,원남동사거리->성균관대입구,11693.0,37.5831,127.0009,11시,889.0
0,20170808.0,화,창경궁로(서울여자대학교),A-06,유출,원남동사거리->성균관대입구,11693.0,37.5831,127.0009,12시,882.0
0,20170808.0,화,창경궁로(서울여자대학교),A-06,유출,원남동사거리->성균관대입구,11693.0,37.5831,127.0009,13시,820.0
0,20170808.0,화,창경궁로(서울여자대학교),A-06,유출,원남동사거리->성균관대입구,11693.0,37.5831,127.0009,14시,901.0
0,20170808.0,화,창경궁로(서울여자대학교),A-06,유출,원남동사거리->성균관대입구,11693.0,37.5831,127.0009,15시,992.0
0,20170808.0,화,창경궁로(서울여자대학교),A-06,유출,원남동사거리->성균관대입구,11693.0,37.5831,127.0009,16시,993.0
0,20170808.0,화,창경궁로(서울여자대학교),A-06,유출,원남동사거리->성균관대입구,11693.0,37.5831,127.0009,17시,992.0
0,20170808.0,화,창경궁로(서울여자대학교),A-06,유출,원남동사거리->성균관대입구,11693.0,37.5831,127.0009,18시,1092.0
0,20170808.0,화,창경궁로(서울여자대학교),A-06,유출,원남동사거리->성균관대입구,11693.0,37.5831,127.0009,19시,1114.0
0,20170808.0,화,창경궁로(서울여자대학교),A-06,유출,원남동사거리->성균관대입구,11693.0,37.5831,127.0009,20시,976.0
0,20170809.0,수,창경궁로(서울여자대학교),A-06,유출,원남동사거리->성균관대입구,11690.0,37.5831,127.0009,8시,597.0
0,20170809.0,수,창경궁로(서울여자대학교),A-06,유출,원남동사거리->성균관대입구,11690.0,37.5831,127.0009,9시,758.0
0,20170809.0,수,창경궁로(서울여자대학교),A-06,유출,원남동사거리->성균관대입구,11690.0,37.5831,127.0009,10시,780.0
0,20170809.0,수,창경궁로(서울여자대학교),A-06,유출,원남동사거리->성균관대입구,11690.0,37.5831,127.0009,11시,882.0
0,20170809.0,수,창경궁로(서울여자대학교),A-06,유출,원남동사거리->성균관대입구,11690.0,37.5831,127.0009,12시,824.0
0,20170809.0,수,창경궁로(서울여자대학교),A-06,유출,원남동사거리->성균관대입구,11690.0,37.5831,127.0009,13시,806.0
0,20170809.0,수,창경궁로(서울여자대학교),A-06,유출,원남동사거리->성균관대입구,11690.0,37.5831,127.0009,14시,858.0
0,20170809.0,수,창경궁로(서울여자대학교),A-06,유출,원남동사거리->성균관대입구,11690.0,37.5831,127.0009,15시,984.0
0,20170809.0,수,창경궁로(서울여자대학교),A-06,유출,원남동사거리->성균관대입구,11690.0,37.5831,127.0009,16시,1047.0
0,20170809.0,수,창경궁로(서울여자대학교),A-06,유출,원남동사거리->성균관대입구,11690.0,37.5831,127.0009,17시,999.0
0,20170809.0,수,창경궁로(서울여자대학교),A-06,유출,원남동사거리->성균관대입구,11690.0,37.5831,127.0009,18시,1114.0
0,20170809.0,수,창경궁로(서울여자대학교),A-06,유출,원남동사거리->성균관대입구,11690.0,37.5831,127.0009,19시,1102.0
0,20170809.0,수,창경궁로(서울여자대학교),A-06,유출,원남동사거리->성균관대입구,11690.0,37.5831,127.0009,20시,939.0
0,20170810.0,목,창경궁로(서울여자대학교),A-06,유출,원남동사거리->성균관대입구,11511.0,37.5831,127.0009,8시,624.0
0,20170810.0,목,창경궁로(서울여자대학교),A-06,유출,원남동사거리->성균관대입구,11511.0,37.5831,127.0009,9시,683.0
0,20170810.0,목,창경궁로(서울여자대학교),A-06,유출,원남동사거리->성균관대입구,11511.0,37.5831,127.0009,10시,743.0
0,20170810.0,목,창경궁로(서울여자대학교),A-06,유출,원남동사거리->성균관대입구,11511.0,37.5831,127.0009,11시,850.0
0,20170810.0,목,창경궁로(서울여자대학교),A-06,유출,원남동사거리->성균관대입구,11511.0,37.5831,127.0009,12시,823.0
0,20170810.0,목,창경궁로(서울여자대학교),A-06,유출,원남동사거리->성균관대입구,11511.0,37.5831,127.0009,13시,828.0
0,20170810.0,목,창경궁로(서울여자대학교),A-06,유출,원남동사거리->성균관대입구,11511.0,37.5831,127.0009,14시,902.0
0,20170810.0,목,창경궁로(서울여자대학교),A-06,유출,원남동사거리->성균관대입구,11511.0,37.5831,127.0009,15시,960.0
0,20170810.0,목,창경궁로(서울여자대학교),A-06,유출,원남동사거리->성균관대입구,11511.0,37.5831,127.0009,16시,965.0
0,20170810.0,목,창경궁로(서울여자대학교),A-06,유출,원남동사거리->성균관대입구,11511.0,37.5831,127.0009,17시,1015.0
0,20170810.0,목,창경궁로(서울여자대학교),A-06,유출,원남동사거리->성균관대입구,11511.0,37.5831,127.0009,18시,1037.0
0,20170810.0,목,창경궁로(서울여자대학교),A-06,유출,원남동사거리->성균관대입구,11511.0,37.5831,127.0009,19시,1068.0
0,20170810.0,목,창경궁로(서울여자대학교),A-06,유출,원남동사거리->성균관대입구,11511.0,37.5831,127.0009,20시,1013.0
0,20170811.0,금,창경궁로(서울여자대학교),A-06,유출,원남동사거리->성균관대입구,11498.0,37.5831,127.0009,8시,596.0
0,20170811.0,금,창경궁로(서울여자대학교),A-06,유출,원남동사거리->성균관대입구,11498.0,37.5831,127.0009,9시,707.0
0,20170811.0,금,창경궁로(서울여자대학교),A-06,유출,원남동사거리->성균관대입구,11498.0,37.5831,127.0009,10시,774.0
0,20170811.0,금,창경궁로(서울여자대학교),A-06,유출,원남동사거리->성균관대입구,11498.0,37.5831,127.0009,11시,857.0
0,20170811.0,금,창경궁로(서울여자대학교),A-06,유출,원남동사거리->성균관대입구,11498.0,37.5831,127.0009,12시,887.0
0,20170811.0,금,창경궁로(서울여자대학교),A-06,유출,원남동사거리->성균관대입구,11498.0,37.5831,127.0009,13시,819.0
0,20170811.0,금,창경궁로(서울여자대학교),A-06,유출,원남동사거리->성균관대입구,11498.0,37.5831,127.0009,14시,920.0
0,20170811.0,금,창경궁로(서울여자대학교),A-06,유출,원남동사거리->성균관대입구,11498.0,37.5831,127.0009,15시,975.0
0,20170811.0,금,창경궁로(서울여자대학교),A-06,유출,원남동사거리->성균관대입구,11498.0,37.5831,127.0009,16시,950.0
0,20170811.0,금,창경궁로(서울여자대학교),A-06,유출,원남동사거리->성균관대입구,11498.0,37.5831,127.0009,17시,984.0
0,20170811.0,금,창경궁로(서울여자대학교),A-06,유출,원남동사거리->성균관대입구,11498.0,37.5831,127.0009,18시,1037.0
0,20170811.0,금,창경궁로(서울여자대학교),A-06,유출,원남동사거리->성균관대입구,11498.0,37.5831,127.0009,19시,978.0
0,20170811.0,금,창경궁로(서울여자대학교),A-06,유출,원남동사거리->성균관대입구,11498.0,37.5831,127.0009,20시,1014.0
0,20170812.0,토,창경궁로(서울여자대학교),A-06,유출,원남동사거리->성균관대입구,10884.0,37.5831,127.0009,8시,558.0
0,20170812.0,토,창경궁로(서울여자대학교),A-06,유출,원남동사거리->성균관대입구,10884.0,37.5831,127.0009,9시,679.0
0,20170812.0,토,창경궁로(서울여자대학교),A-06,유출,원남동사거리->성균관대입구,10884.0,37.5831,127.0009,10시,706.0
0,20170812.0,토,창경궁로(서울여자대학교),A-06,유출,원남동사거리->성균관대입구,10884.0,37.5831,127.0009,11시,707.0
0,20170812.0,토,창경궁로(서울여자대학교),A-06,유출,원남동사거리->성균관대입구,10884.0,37.5831,127.0009,12시,769.0
0,20170812.0,토,창경궁로(서울여자대학교),A-06,유출,원남동사거리->성균관대입구,10884.0,37.5831,127.0009,13시,845.0
0,20170812.0,토,창경궁로(서울여자대학교),A-06,유출,원남동사거리->성균관대입구,10884.0,37.5831,127.0009,14시,941.0
0,20170812.0,토,창경궁로(서울여자대학교),A-06,유출,원남동사거리->성균관대입구,10884.0,37.5831,127.0009,15시,921.0
0,20170812.0,토,창경궁로(서울여자대학교),A-06,유출,원남동사거리->성균관대입구,10884.0,37.5831,127.0009,16시,921.0
0,20170812.0,토,창경궁로(서울여자대학교),A-06,유출,원남동사거리->성균관대입구,10884.0,37.5831,127.0009,17시,1032.0
0,20170812.0,토,창경궁로(서울여자대학교),A-06,유출,원남동사거리->성균관대입구,10884.0,37.5831,127.0009,18시,969.0
0,20170812.0,토,창경궁로(서울여자대학교),A-06,유출,원남동사거리->성균관대입구,10884.0,37.5831,127.0009,19시,883.0
0,20170812.0,토,창경궁로(서울여자대학교),A-06,유출,원남동사거리->성균관대입구,10884.0,37.5831,127.0009,20시,953.0
0,20170813.0,일,창경궁로(서울여자대학교),A-06,유출,원남동사거리->성균관대입구,9736.0,37.5831,127.0009,8시,362.0
0,20170813.0,일,창경궁로(서울여자대학교),A-06,유출,원남동사거리->성균관대입구,9736.0,37.5831,127.0009,9시,545.0
0,20170813.0,일,창경궁로(서울여자대학교),A-06,유출,원남동사거리->성균관대입구,9736.0,37.5831,127.0009,10시,581.0
0,20170813.0,일,창경궁로(서울여자대학교),A-06,유출,원남동사거리->성균관대입구,9736.0,37.5831,127.0009,11시,576.0
0,20170813.0,일,창경궁로(서울여자대학교),A-06,유출,원남동사거리->성균관대입구,9736.0,37.5831,127.0009,12시,733.0
0,20170813.0,일,창경궁로(서울여자대학교),A-06,유출,원남동사거리->성균관대입구,9736.0,37.5831,127.0009,13시,789.0
0,20170813.0,일,창경궁로(서울여자대학교),A-06,유출,원남동사거리->성균관대입구,9736.0,37.5831,127.0009,14시,898.0
0,20170813.0,일,창경궁로(서울여자대학교),A-06,유출,원남동사거리->성균관대입구,9736.0,37.5831,127.0009,15시,814.0
0,20170813.0,일,창경궁로(서울여자대학교),A-06,유출,원남동사거리->성균관대입구,9736.0,37.5831,127.0009,16시,915.0
0,20170813.0,일,창경궁로(서울여자대학교),A-06,유출,원남동사거리->성균관대입구,9736.0,37.5831,127.0009,17시,957.0
0,20170813.0,일,창경궁로(서울여자대학교),A-06,유출,원남동사거리->성균관대입구,9736.0,37.5831,127.0009,18시,920.0
0,20170813.0,일,창경궁로(서울여자대학교),A-06,유출,원남동사거리->성균관대입구,9736.0,37.5831,127.0009,19시,841.0
0,20170813.0,일,창경궁로(서울여자대학교),A-06,유출,원남동사거리->성균관대입구,9736.0,37.5831,127.0009,20시,805.0
0,20170814.0,월,창경궁로(서울여자대학교),A-06,유출,원남동사거리->성균관대입구,11725.0,37.5831,127.0009,8시,639.0
0,20170814.0,월,창경궁로(서울여자대학교),A-06,유출,원남동사거리->성균관대입구,11725.0,37.5831,127.0009,9시,737.0
0,20170814.0,월,창경궁로(서울여자대학교),A-06,유출,원남동사거리->성균관대입구,11725.0,37.5831,127.0009,10시,809.0
0,20170814.0,월,창경궁로(서울여자대학교),A-06,유출,원남동사거리->성균관대입구,11725.0,37.5831,127.0009,11시,860.0
0,20170814.0,월,창경궁로(서울여자대학교),A-06,유출,원남동사거리->성균관대입구,11725.0,37.5831,127.0009,12시,843.0
0,20170814.0,월,창경궁로(서울여자대학교),A-06,유출,원남동사거리->성균관대입구,11725.0,37.5831,127.0009,13시,847.0
0,20170814.0,월,창경궁로(서울여자대학교),A-06,유출,원남동사거리->성균관대입구,11725.0,37.5831,127.0009,14시,938.0
0,20170814.0,월,창경궁로(서울여자대학교),A-06,유출,원남동사거리->성균관대입구,11725.0,37.5831,127.0009,15시,996.0
0,20170814.0,월,창경궁로(서울여자대학교),A-06,유출,원남동사거리->성균관대입구,11725.0,37.5831,127.0009,16시,1026.0
0,20170814.0,월,창경궁로(서울여자대학교),A-06,유출,원남동사거리->성균관대입구,11725.0,37.5831,127.0009,17시,1015.0
0,20170814.0,월,창경궁로(서울여자대학교),A-06,유출,원남동사거리->성균관대입구,11725.0,37.5831,127.0009,18시,1062.0
0,20170814.0,월,창경궁로(서울여자대학교),A-06,유출,원남동사거리->성균관대입구,11725.0,37.5831,127.0009,19시,1034.0
0,20170814.0,월,창경궁로(서울여자대학교),A-06,유출,원남동사거리->성균관대입구,11725.0,37.5831,127.0009,20시,919.0
0,20170815.0,화,창경궁로(서울여자대학교),A-06,유출,원남동사거리->성균관대입구,11599.0,37.5831,127.0009,8시,374.0
0,20170815.0,화,창경궁로(서울여자대학교),A-06,유출,원남동사거리->성균관대입구,11599.0,37.5831,127.0009,9시,488.0
0,20170815.0,화,창경궁로(서울여자대학교),A-06,유출,원남동사거리->성균관대입구,11599.0,37.5831,127.0009,10시,593.0
0,20170815.0,화,창경궁로(서울여자대학교),A-06,유출,원남동사거리->성균관대입구,11599.0,37.5831,127.0009,11시,757.0
0,20170815.0,화,창경궁로(서울여자대학교),A-06,유출,원남동사거리->성균관대입구,11599.0,37.5831,127.0009,12시,899.0
0,20170815.0,화,창경궁로(서울여자대학교),A-06,유출,원남동사거리->성균관대입구,11599.0,37.5831,127.0009,13시,988.0
0,20170815.0,화,창경궁로(서울여자대학교),A-06,유출,원남동사거리->성균관대입구,11599.0,37.5831,127.0009,14시,1143.0
0,20170815.0,화,창경궁로(서울여자대학교),A-06,유출,원남동사거리->성균관대입구,11599.0,37.5831,127.0009,15시,1150.0
0,20170815.0,화,창경궁로(서울여자대학교),A-06,유출,원남동사거리->성균관대입구,11599.0,37.5831,127.0009,16시,1234.0
0,20170815.0,화,창경궁로(서울여자대학교),A-06,유출,원남동사거리->성균관대입구,11599.0,37.5831,127.0009,17시,1259.0
0,20170815.0,화,창경궁로(서울여자대학교),A-06,유출,원남동사거리->성균관대입구,11599.0,37.5831,127.0009,18시,1093.0
0,20170815.0,화,창경궁로(서울여자대학교),A-06,유출,원남동사거리->성균관대입구,11599.0,37.5831,127.0009,19시,875.0
0,20170815.0,화,창경궁로(서울여자대학교),A-06,유출,원남동사거리->성균관대입구,11599.0,37.5831,127.0009,20시,746.0
0,20170816.0,수,창경궁로(서울여자대학교),A-06,유출,원남동사거리->성균관대입구,11287.0,37.5831,127.0009,8시,414.0
0,20170816.0,수,창경궁로(서울여자대학교),A-06,유출,원남동사거리->성균관대입구,11287.0,37.5831,127.0009,9시,496.0
0,20170816.0,수,창경궁로(서울여자대학교),A-06,유출,원남동사거리->성균관대입구,11287.0,37.5831,127.0009,10시,580.0
0,20170816.0,수,창경궁로(서울여자대학교),A-06,유출,원남동사거리->성균관대입구,11287.0,37.5831,127.0009,11시,824.0
0,20170816.0,수,창경궁로(서울여자대학교),A-06,유출,원남동사거리->성균관대입구,11287.0,37.5831,127.0009,12시,897.0
0,20170816.0,수,창경궁로(서울여자대학교),A-06,유출,원남동사거리->성균관대입구,11287.0,37.5831,127.0009,13시,885.0
0,20170816.0,수,창경궁로(서울여자대학교),A-06,유출,원남동사거리->성균관대입구,11287.0,37.5831,127.0009,14시,970.0
0,20170816.0,수,창경궁로(서울여자대학교),A-06,유출,원남동사거리->성균관대입구,11287.0,37.5831,127.0009,15시,968.0
0,20170816.0,수,창경궁로(서울여자대학교),A-06,유출,원남동사거리->성균관대입구,11287.0,37.5831,127.0009,16시,946.0
0,20170816.0,수,창경궁로(서울여자대학교),A-06,유출,원남동사거리->성균관대입구,11287.0,37.5831,127.0009,17시,969.0
0,20170816.0,수,창경궁로(서울여자대학교),A-06,유출,원남동사거리->성균관대입구,11287.0,37.5831,127.0009,18시,1104.0
0,20170816.0,수,창경궁로(서울여자대학교),A-06,유출,원남동사거리->성균관대입구,11287.0,37.5831,127.0009,19시,1150.0
0,20170816.0,수,창경궁로(서울여자대학교),A-06,유출,원남동사거리->성균관대입구,11287.0,37.5831,127.0009,20시,1084.0
0,20170817.0,목,창경궁로(서울여자대학교),A-06,유출,원남동사거리->성균관대입구,11655.0,37.5831,127.0009,8시,621.0
0,20170817.0,목,창경궁로(서울여자대학교),A-06,유출,원남동사거리->성균관대입구,11655.0,37.5831,127.0009,9시,721.0
0,20170817.0,목,창경궁로(서울여자대학교),A-06,유출,원남동사거리->성균관대입구,11655.0,37.5831,127.0009,10시,727.0
0,20170817.0,목,창경궁로(서울여자대학교),A-06,유출,원남동사거리->성균관대입구,11655.0,37.5831,127.0009,11시,884.0
0,20170817.0,목,창경궁로(서울여자대학교),A-06,유출,원남동사거리->성균관대입구,11655.0,37.5831,127.0009,12시,870.0
0,20170817.0,목,창경궁로(서울여자대학교),A-06,유출,원남동사거리->성균관대입구,11655.0,37.5831,127.0009,13시,763.0
0,20170817.0,목,창경궁로(서울여자대학교),A-06,유출,원남동사거리->성균관대입구,11655.0,37.5831,127.0009,14시,862.0
0,20170817.0,목,창경궁로(서울여자대학교),A-06,유출,원남동사거리->성균관대입구,11655.0,37.5831,127.0009,15시,975.0
0,20170817.0,목,창경궁로(서울여자대학교),A-06,유출,원남동사거리->성균관대입구,11655.0,37.5831,127.0009,16시,970.0
0,20170817.0,목,창경궁로(서울여자대학교),A-06,유출,원남동사거리->성균관대입구,11655.0,37.5831,127.0009,17시,993.0
0,20170817.0,목,창경궁로(서울여자대학교),A-06,유출,원남동사거리->성균관대입구,11655.0,37.5831,127.0009,18시,1038.0
0,20170817.0,목,창경궁로(서울여자대학교),A-06,유출,원남동사거리->성균관대입구,11655.0,37.5831,127.0009,19시,1132.0
0,20170817.0,목,창경궁로(서울여자대학교),A-06,유출,원남동사거리->성균관대입구,11655.0,37.5831,127.0009,20시,1099.0
0,20170818.0,금,창경궁로(서울여자대학교),A-06,유출,원남동사거리->성균관대입구,11479.0,37.5831,127.0009,8시,618.0
0,20170818.0,금,창경궁로(서울여자대학교),A-06,유출,원남동사거리->성균관대입구,11479.0,37.5831,127.0009,9시,699.0
0,20170818.0,금,창경궁로(서울여자대학교),A-06,유출,원남동사거리->성균관대입구,11479.0,37.5831,127.0009,10시,779.0
0,20170818.0,금,창경궁로(서울여자대학교),A-06,유출,원남동사거리->성균관대입구,11479.0,37.5831,127.0009,11시,763.0
0,20170818.0,금,창경궁로(서울여자대학교),A-06,유출,원남동사거리->성균관대입구,11479.0,37.5831,127.0009,12시,831.0
0,20170818.0,금,창경궁로(서울여자대학교),A-06,유출,원남동사거리->성균관대입구,11479.0,37.5831,127.0009,13시,766.0
0,20170818.0,금,창경궁로(서울여자대학교),A-06,유출,원남동사거리->성균관대입구,11479.0,37.5831,127.0009,14시,870.0
0,20170818.0,금,창경궁로(서울여자대학교),A-06,유출,원남동사거리->성균관대입구,11479.0,37.5831,127.0009,15시,933.0
0,20170818.0,금,창경궁로(서울여자대학교),A-06,유출,원남동사거리->성균관대입구,11479.0,37.5831,127.0009,16시,998.0
0,20170818.0,금,창경궁로(서울여자대학교),A-06,유출,원남동사거리->성균관대입구,11479.0,37.5831,127.0009,17시,1057.0
0,20170818.0,금,창경궁로(서울여자대학교),A-06,유출,원남동사거리->성균관대입구,11479.0,37.5831,127.0009,18시,1033.0
0,20170818.0,금,창경궁로(서울여자대학교),A-06,유출,원남동사거리->성균관대입구,11479.0,37.5831,127.0009,19시,1035.0
0,20170818.0,금,창경궁로(서울여자대학교),A-06,유출,원남동사거리->성균관대입구,11479.0,37.5831,127.0009,20시,1097.0
0,20170819.0,토,창경궁로(서울여자대학교),A-06,유출,원남동사거리->성균관대입구,10324.0,37.5831,127.0009,8시,552.0
0,20170819.0,토,창경궁로(서울여자대학교),A-06,유출,원남동사거리->성균관대입구,10324.0,37.5831,127.0009,9시,741.0
0,20170819.0,토,창경궁로(서울여자대학교),A-06,유출,원남동사거리->성균관대입구,10324.0,37.5831,127.0009,10시,700.0
0,20170819.0,토,창경궁로(서울여자대학교),A-06,유출,원남동사거리->성균관대입구,10324.0,37.5831,127.0009,11시,724.0
0,20170819.0,토,창경궁로(서울여자대학교),A-06,유출,원남동사거리->성균관대입구,10324.0,37.5831,127.0009,12시,738.0
0,20170819.0,토,창경궁로(서울여자대학교),A-06,유출,원남동사거리->성균관대입구,10324.0,37.5831,127.0009,13시,778.0
0,20170819.0,토,창경궁로(서울여자대학교),A-06,유출,원남동사거리->성균관대입구,10324.0,37.5831,127.0009,14시,834.0
0,20170819.0,토,창경궁로(서울여자대학교),A-06,유출,원남동사거리->성균관대입구,10324.0,37.5831,127.0009,15시,853.0
0,20170819.0,토,창경궁로(서울여자대학교),A-06,유출,원남동사거리->성균관대입구,10324.0,37.5831,127.0009,16시,914.0
0,20170819.0,토,창경궁로(서울여자대학교),A-06,유출,원남동사거리->성균관대입구,10324.0,37.5831,127.0009,17시,872.0
0,20170819.0,토,창경궁로(서울여자대학교),A-06,유출,원남동사거리->성균관대입구,10324.0,37.5831,127.0009,18시,882.0
0,20170819.0,토,창경궁로(서울여자대학교),A-06,유출,원남동사거리->성균관대입구,10324.0,37.5831,127.0009,19시,897.0
0,20170819.0,토,창경궁로(서울여자대학교),A-06,유출,원남동사거리->성균관대입구,10324.0,37.5831,127.0009,20시,839.0
0,20170820.0,일,창경궁로(서울여자대학교),A-06,유출,원남동사거리->성균관대입구,9211.0,37.5831,127.0009,8시,374.0
0,20170820.0,일,창경궁로(서울여자대학교),A-06,유출,원남동사거리->성균관대입구,9211.0,37.5831,127.0009,9시,458.0
0,20170820.0,일,창경궁로(서울여자대학교),A-06,유출,원남동사거리->성균관대입구,9211.0,37.5831,127.0009,10시,601.0
0,20170820.0,일,창경궁로(서울여자대학교),A-06,유출,원남동사거리->성균관대입구,9211.0,37.5831,127.0009,11시,572.0
0,20170820.0,일,창경궁로(서울여자대학교),A-06,유출,원남동사거리->성균관대입구,9211.0,37.5831,127.0009,12시,692.0
0,20170820.0,일,창경궁로(서울여자대학교),A-06,유출,원남동사거리->성균관대입구,9211.0,37.5831,127.0009,13시,793.0
0,20170820.0,일,창경궁로(서울여자대학교),A-06,유출,원남동사거리->성균관대입구,9211.0,37.5831,127.0009,14시,800.0
0,20170820.0,일,창경궁로(서울여자대학교),A-06,유출,원남동사거리->성균관대입구,9211.0,37.5831,127.0009,15시,817.0
0,20170820.0,일,창경궁로(서울여자대학교),A-06,유출,원남동사거리->성균관대입구,9211.0,37.5831,127.0009,16시,891.0
0,20170820.0,일,창경궁로(서울여자대학교),A-06,유출,원남동사거리->성균관대입구,9211.0,37.5831,127.0009,17시,919.0
0,20170820.0,일,창경궁로(서울여자대학교),A-06,유출,원남동사거리->성균관대입구,9211.0,37.5831,127.0009,18시,894.0
0,20170820.0,일,창경궁로(서울여자대학교),A-06,유출,원남동사거리->성균관대입구,9211.0,37.5831,127.0009,19시,688.0
0,20170820.0,일,창경궁로(서울여자대학교),A-06,유출,원남동사거리->성균관대입구,9211.0,37.5831,127.0009,20시,712.0
0,20170821.0,월,창경궁로(서울여자대학교),A-06,유출,원남동사거리->성균관대입구,11469.0,37.5831,127.0009,8시,547.0
0,20170821.0,월,창경궁로(서울여자대학교),A-06,유출,원남동사거리->성균관대입구,11469.0,37.5831,127.0009,9시,681.0
0,20170821.0,월,창경궁로(서울여자대학교),A-06,유출,원남동사거리->성균관대입구,11469.0,37.5831,127.0009,10시,723.0
0,20170821.0,월,창경궁로(서울여자대학교),A-06,유출,원남동사거리->성균관대입구,11469.0,37.5831,127.0009,11시,791.0
0,20170821.0,월,창경궁로(서울여자대학교),A-06,유출,원남동사거리->성균관대입구,11469.0,37.5831,127.0009,12시,832.0
0,20170821.0,월,창경궁로(서울여자대학교),A-06,유출,원남동사거리->성균관대입구,11469.0,37.5831,127.0009,13시,799.0
0,20170821.0,월,창경궁로(서울여자대학교),A-06,유출,원남동사거리->성균관대입구,11469.0,37.5831,127.0009,14시,884.0
0,20170821.0,월,창경궁로(서울여자대학교),A-06,유출,원남동사거리->성균관대입구,11469.0,37.5831,127.0009,15시,990.0
0,20170821.0,월,창경궁로(서울여자대학교),A-06,유출,원남동사거리->성균관대입구,11469.0,37.5831,127.0009,16시,1037.0
0,20170821.0,월,창경궁로(서울여자대학교),A-06,유출,원남동사거리->성균관대입구,11469.0,37.5831,127.0009,17시,1044.0
0,20170821.0,월,창경궁로(서울여자대학교),A-06,유출,원남동사거리->성균관대입구,11469.0,37.5831,127.0009,18시,1110.0
0,20170821.0,월,창경궁로(서울여자대학교),A-06,유출,원남동사거리->성균관대입구,11469.0,37.5831,127.0009,19시,1031.0
0,20170821.0,월,창경궁로(서울여자대학교),A-06,유출,원남동사거리->성균관대입구,11469.0,37.5831,127.0009,20시,1000.0
0,20170822.0,화,창경궁로(서울여자대학교),A-06,유출,원남동사거리->성균관대입구,10169.0,37.5831,127.0009,8시,575.0
0,20170822.0,화,창경궁로(서울여자대학교),A-06,유출,원남동사거리->성균관대입구,10169.0,37.5831,127.0009,9시,688.0
0,20170822.0,화,창경궁로(서울여자대학교),A-06,유출,원남동사거리->성균관대입구,10169.0,37.5831,127.0009,10시,704.0
0,20170822.0,화,창경궁로(서울여자대학교),A-06,유출,원남동사거리->성균관대입구,10169.0,37.5831,127.0009,11시,582.0
0,20170822.0,화,창경궁로(서울여자대학교),A-06,유출,원남동사거리->성균관대입구,10169.0,37.5831,127.0009,12시,592.0
0,20170822.0,화,창경궁로(서울여자대학교),A-06,유출,원남동사거리->성균관대입구,10169.0,37.5831,127.0009,13시,555.0
0,20170822.0,화,창경궁로(서울여자대학교),A-06,유출,원남동사거리->성균관대입구,10169.0,37.5831,127.0009,14시,452.0
0,20170822.0,화,창경궁로(서울여자대학교),A-06,유출,원남동사거리->성균관대입구,10169.0,37.5831,127.0009,15시,818.0
0,20170822.0,화,창경궁로(서울여자대학교),A-06,유출,원남동사거리->성균관대입구,10169.0,37.5831,127.0009,16시,989.0
0,20170822.0,화,창경궁로(서울여자대학교),A-06,유출,원남동사거리->성균관대입구,10169.0,37.5831,127.0009,17시,1028.0
0,20170822.0,화,창경궁로(서울여자대학교),A-06,유출,원남동사거리->성균관대입구,10169.0,37.5831,127.0009,18시,1082.0
0,20170822.0,화,창경궁로(서울여자대학교),A-06,유출,원남동사거리->성균관대입구,10169.0,37.5831,127.0009,19시,1098.0
0,20170822.0,화,창경궁로(서울여자대학교),A-06,유출,원남동사거리->성균관대입구,10169.0,37.5831,127.0009,20시,1006.0
0,20170823.0,수,창경궁로(서울여자대학교),A-06,유출,원남동사거리->성균관대입구,11286.0,37.5831,127.0009,8시,573.0
0,20170823.0,수,창경궁로(서울여자대학교),A-06,유출,원남동사거리->성균관대입구,11286.0,37.5831,127.0009,9시,688.0
0,20170823.0,수,창경궁로(서울여자대학교),A-06,유출,원남동사거리->성균관대입구,11286.0,37.5831,127.0009,10시,746.0
0,20170823.0,수,창경궁로(서울여자대학교),A-06,유출,원남동사거리->성균관대입구,11286.0,37.5831,127.0009,11시,807.0
0,20170823.0,수,창경궁로(서울여자대학교),A-06,유출,원남동사거리->성균관대입구,11286.0,37.5831,127.0009,12시,890.0
0,20170823.0,수,창경궁로(서울여자대학교),A-06,유출,원남동사거리->성균관대입구,11286.0,37.5831,127.0009,13시,811.0
0,20170823.0,수,창경궁로(서울여자대학교),A-06,유출,원남동사거리->성균관대입구,11286.0,37.5831,127.0009,14시,866.0
0,20170823.0,수,창경궁로(서울여자대학교),A-06,유출,원남동사거리->성균관대입구,11286.0,37.5831,127.0009,15시,1028.0
0,20170823.0,수,창경궁로(서울여자대학교),A-06,유출,원남동사거리->성균관대입구,11286.0,37.5831,127.0009,16시,985.0
0,20170823.0,수,창경궁로(서울여자대학교),A-06,유출,원남동사거리->성균관대입구,11286.0,37.5831,127.0009,17시,972.0
0,20170823.0,수,창경궁로(서울여자대학교),A-06,유출,원남동사거리->성균관대입구,11286.0,37.5831,127.0009,18시,1047.0
0,20170823.0,수,창경궁로(서울여자대학교),A-06,유출,원남동사거리->성균관대입구,11286.0,37.5831,127.0009,19시,960.0
0,20170823.0,수,창경궁로(서울여자대학교),A-06,유출,원남동사거리->성균관대입구,11286.0,37.5831,127.0009,20시,913.0
0,20170824.0,목,창경궁로(서울여자대학교),A-06,유출,원남동사거리->성균관대입구,11002.0,37.5831,127.0009,8시,569.0
0,20170824.0,목,창경궁로(서울여자대학교),A-06,유출,원남동사거리->성균관대입구,11002.0,37.5831,127.0009,9시,645.0
0,20170824.0,목,창경궁로(서울여자대학교),A-06,유출,원남동사거리->성균관대입구,11002.0,37.5831,127.0009,10시,698.0
0,20170824.0,목,창경궁로(서울여자대학교),A-06,유출,원남동사거리->성균관대입구,11002.0,37.5831,127.0009,11시,762.0
0,20170824.0,목,창경궁로(서울여자대학교),A-06,유출,원남동사거리->성균관대입구,11002.0,37.5831,127.0009,12시,772.0
0,20170824.0,목,창경궁로(서울여자대학교),A-06,유출,원남동사거리->성균관대입구,11002.0,37.5831,127.0009,13시,721.0
0,20170824.0,목,창경궁로(서울여자대학교),A-06,유출,원남동사거리->성균관대입구,11002.0,37.5831,127.0009,14시,821.0
0,20170824.0,목,창경궁로(서울여자대학교),A-06,유출,원남동사거리->성균관대입구,11002.0,37.5831,127.0009,15시,919.0
0,20170824.0,목,창경궁로(서울여자대학교),A-06,유출,원남동사거리->성균관대입구,11002.0,37.5831,127.0009,16시,884.0
0,20170824.0,목,창경궁로(서울여자대학교),A-06,유출,원남동사거리->성균관대입구,11002.0,37.5831,127.0009,17시,1009.0
0,20170824.0,목,창경궁로(서울여자대학교),A-06,유출,원남동사거리->성균관대입구,11002.0,37.5831,127.0009,18시,1139.0
0,20170824.0,목,창경궁로(서울여자대학교),A-06,유출,원남동사거리->성균관대입구,11002.0,37.5831,127.0009,19시,1106.0
0,20170824.0,목,창경궁로(서울여자대학교),A-06,유출,원남동사거리->성균관대입구,11002.0,37.5831,127.0009,20시,957.0
0,20170825.0,금,창경궁로(서울여자대학교),A-06,유출,원남동사거리->성균관대입구,11592.0,37.5831,127.0009,8시,625.0
0,20170825.0,금,창경궁로(서울여자대학교),A-06,유출,원남동사거리->성균관대입구,11592.0,37.5831,127.0009,9시,642.0
0,20170825.0,금,창경궁로(서울여자대학교),A-06,유출,원남동사거리->성균관대입구,11592.0,37.5831,127.0009,10시,807.0
0,20170825.0,금,창경궁로(서울여자대학교),A-06,유출,원남동사거리->성균관대입구,11592.0,37.5831,127.0009,11시,907.0
0,20170825.0,금,창경궁로(서울여자대학교),A-06,유출,원남동사거리->성균관대입구,11592.0,37.5831,127.0009,12시,898.0
0,20170825.0,금,창경궁로(서울여자대학교),A-06,유출,원남동사거리->성균관대입구,11592.0,37.5831,127.0009,13시,907.0
0,20170825.0,금,창경궁로(서울여자대학교),A-06,유출,원남동사거리->성균관대입구,11592.0,37.5831,127.0009,14시,930.0
0,20170825.0,금,창경궁로(서울여자대학교),A-06,유출,원남동사거리->성균관대입구,11592.0,37.5831,127.0009,15시,1004.0
0,20170825.0,금,창경궁로(서울여자대학교),A-06,유출,원남동사거리->성균관대입구,11592.0,37.5831,127.0009,16시,989.0
0,20170825.0,금,창경궁로(서울여자대학교),A-06,유출,원남동사거리->성균관대입구,11592.0,37.5831,127.0009,17시,999.0
0,20170825.0,금,창경궁로(서울여자대학교),A-06,유출,원남동사거리->성균관대입구,11592.0,37.5831,127.0009,18시,791.0
0,20170825.0,금,창경궁로(서울여자대학교),A-06,유출,원남동사거리->성균관대입구,11592.0,37.5831,127.0009,19시,979.0
0,20170825.0,금,창경궁로(서울여자대학교),A-06,유출,원남동사거리->성균관대입구,11592.0,37.5831,127.0009,20시,1114.0
0,20170826.0,토,창경궁로(서울여자대학교),A-06,유출,원남동사거리->성균관대입구,12638.0,37.5831,127.0009,8시,631.0
0,20170826.0,토,창경궁로(서울여자대학교),A-06,유출,원남동사거리->성균관대입구,12638.0,37.5831,127.0009,9시,677.0
0,20170826.0,토,창경궁로(서울여자대학교),A-06,유출,원남동사거리->성균관대입구,12638.0,37.5831,127.0009,10시,747.0
0,20170826.0,토,창경궁로(서울여자대학교),A-06,유출,원남동사거리->성균관대입구,12638.0,37.5831,127.0009,11시,731.0
0,20170826.0,토,창경궁로(서울여자대학교),A-06,유출,원남동사거리->성균관대입구,12638.0,37.5831,127.0009,12시,918.0
0,20170826.0,토,창경궁로(서울여자대학교),A-06,유출,원남동사거리->성균관대입구,12638.0,37.5831,127.0009,13시,1280.0
0,20170826.0,토,창경궁로(서울여자대학교),A-06,유출,원남동사거리->성균관대입구,12638.0,37.5831,127.0009,14시,1276.0
0,20170826.0,토,창경궁로(서울여자대학교),A-06,유출,원남동사거리->성균관대입구,12638.0,37.5831,127.0009,15시,1303.0
0,20170826.0,토,창경궁로(서울여자대학교),A-06,유출,원남동사거리->성균관대입구,12638.0,37.5831,127.0009,16시,1148.0
0,20170826.0,토,창경궁로(서울여자대학교),A-06,유출,원남동사거리->성균관대입구,12638.0,37.5831,127.0009,17시,890.0
0,20170826.0,토,창경궁로(서울여자대학교),A-06,유출,원남동사거리->성균관대입구,12638.0,37.5831,127.0009,18시,1069.0
0,20170826.0,토,창경궁로(서울여자대학교),A-06,유출,원남동사거리->성균관대입구,12638.0,37.5831,127.0009,19시,995.0
0,20170826.0,토,창경궁로(서울여자대학교),A-06,유출,원남동사거리->성균관대입구,12638.0,37.5831,127.0009,20시,973.0
0,20170827.0,일,창경궁로(서울여자대학교),A-06,유출,원남동사거리->성균관대입구,10538.0,37.5831,127.0009,8시,540.0
0,20170827.0,일,창경궁로(서울여자대학교),A-06,유출,원남동사거리->성균관대입구,10538.0,37.5831,127.0009,9시,592.0
0,20170827.0,일,창경궁로(서울여자대학교),A-06,유출,원남동사거리->성균관대입구,10538.0,37.5831,127.0009,10시,631.0
0,20170827.0,일,창경궁로(서울여자대학교),A-06,유출,원남동사거리->성균관대입구,10538.0,37.5831,127.0009,11시,655.0
0,20170827.0,일,창경궁로(서울여자대학교),A-06,유출,원남동사거리->성균관대입구,10538.0,37.5831,127.0009,12시,775.0
0,20170827.0,일,창경궁로(서울여자대학교),A-06,유출,원남동사거리->성균관대입구,10538.0,37.5831,127.0009,13시,847.0
0,20170827.0,일,창경궁로(서울여자대학교),A-06,유출,원남동사거리->성균관대입구,10538.0,37.5831,127.0009,14시,935.0
0,20170827.0,일,창경궁로(서울여자대학교),A-06,유출,원남동사거리->성균관대입구,10538.0,37.5831,127.0009,15시,984.0
0,20170827.0,일,창경궁로(서울여자대학교),A-06,유출,원남동사거리->성균관대입구,10538.0,37.5831,127.0009,16시,1042.0
0,20170827.0,일,창경궁로(서울여자대학교),A-06,유출,원남동사거리->성균관대입구,10538.0,37.5831,127.0009,17시,1027.0
0,20170827.0,일,창경궁로(서울여자대학교),A-06,유출,원남동사거리->성균관대입구,10538.0,37.5831,127.0009,18시,846.0
0,20170827.0,일,창경궁로(서울여자대학교),A-06,유출,원남동사거리->성균관대입구,10538.0,37.5831,127.0009,19시,791.0
0,20170827.0,일,창경궁로(서울여자대학교),A-06,유출,원남동사거리->성균관대입구,10538.0,37.5831,127.0009,20시,873.0
0,20170828.0,월,창경궁로(서울여자대학교),A-06,유출,원남동사거리->성균관대입구,11204.0,37.5831,127.0009,8시,609.0
0,20170828.0,월,창경궁로(서울여자대학교),A-06,유출,원남동사거리->성균관대입구,11204.0,37.5831,127.0009,9시,686.0
0,20170828.0,월,창경궁로(서울여자대학교),A-06,유출,원남동사거리->성균관대입구,11204.0,37.5831,127.0009,10시,714.0
0,20170828.0,월,창경궁로(서울여자대학교),A-06,유출,원남동사거리->성균관대입구,11204.0,37.5831,127.0009,11시,924.0
0,20170828.0,월,창경궁로(서울여자대학교),A-06,유출,원남동사거리->성균관대입구,11204.0,37.5831,127.0009,12시,863.0
0,20170828.0,월,창경궁로(서울여자대학교),A-06,유출,원남동사거리->성균관대입구,11204.0,37.5831,127.0009,13시,856.0
0,20170828.0,월,창경궁로(서울여자대학교),A-06,유출,원남동사거리->성균관대입구,11204.0,37.5831,127.0009,14시,928.0
0,20170828.0,월,창경궁로(서울여자대학교),A-06,유출,원남동사거리->성균관대입구,11204.0,37.5831,127.0009,15시,997.0
0,20170828.0,월,창경궁로(서울여자대학교),A-06,유출,원남동사거리->성균관대입구,11204.0,37.5831,127.0009,16시,863.0
0,20170828.0,월,창경궁로(서울여자대학교),A-06,유출,원남동사거리->성균관대입구,11204.0,37.5831,127.0009,17시,792.0
0,20170828.0,월,창경궁로(서울여자대학교),A-06,유출,원남동사거리->성균관대입구,11204.0,37.5831,127.0009,18시,1036.0
0,20170828.0,월,창경궁로(서울여자대학교),A-06,유출,원남동사거리->성균관대입구,11204.0,37.5831,127.0009,19시,941.0
0,20170828.0,월,창경궁로(서울여자대학교),A-06,유출,원남동사거리->성균관대입구,11204.0,37.5831,127.0009,20시,995.0
0,20170829.0,화,창경궁로(서울여자대학교),A-06,유출,원남동사거리->성균관대입구,11892.0,37.5831,127.0009,8시,641.0
0,20170829.0,화,창경궁로(서울여자대학교),A-06,유출,원남동사거리->성균관대입구,11892.0,37.5831,127.0009,9시,672.0
0,20170829.0,화,창경궁로(서울여자대학교),A-06,유출,원남동사거리->성균관대입구,11892.0,37.5831,127.0009,10시,727.0
0,20170829.0,화,창경궁로(서울여자대학교),A-06,유출,원남동사거리->성균관대입구,11892.0,37.5831,127.0009,11시,862.0
0,20170829.0,화,창경궁로(서울여자대학교),A-06,유출,원남동사거리->성균관대입구,11892.0,37.5831,127.0009,12시,908.0
0,20170829.0,화,창경궁로(서울여자대학교),A-06,유출,원남동사거리->성균관대입구,11892.0,37.5831,127.0009,13시,851.0
0,20170829.0,화,창경궁로(서울여자대학교),A-06,유출,원남동사거리->성균관대입구,11892.0,37.5831,127.0009,14시,934.0
0,20170829.0,화,창경궁로(서울여자대학교),A-06,유출,원남동사거리->성균관대입구,11892.0,37.5831,127.0009,15시,990.0
0,20170829.0,화,창경궁로(서울여자대학교),A-06,유출,원남동사거리->성균관대입구,11892.0,37.5831,127.0009,16시,1006.0
0,20170829.0,화,창경궁로(서울여자대학교),A-06,유출,원남동사거리->성균관대입구,11892.0,37.5831,127.0009,17시,1040.0
0,20170829.0,화,창경궁로(서울여자대학교),A-06,유출,원남동사거리->성균관대입구,11892.0,37.5831,127.0009,18시,1169.0
0,20170829.0,화,창경궁로(서울여자대학교),A-06,유출,원남동사거리->성균관대입구,11892.0,37.5831,127.0009,19시,1070.0
0,20170829.0,화,창경궁로(서울여자대학교),A-06,유출,원남동사거리->성균관대입구,11892.0,37.5831,127.0009,20시,1022.0
0,20170830.0,수,창경궁로(서울여자대학교),A-06,유출,원남동사거리->성균관대입구,11719.0,37.5831,127.0009,8시,634.0
0,20170830.0,수,창경궁로(서울여자대학교),A-06,유출,원남동사거리->성균관대입구,11719.0,37.5831,127.0009,9시,740.0
0,20170830.0,수,창경궁로(서울여자대학교),A-06,유출,원남동사거리->성균관대입구,11719.0,37.5831,127.0009,10시,769.0
0,20170830.0,수,창경궁로(서울여자대학교),A-06,유출,원남동사거리->성균관대입구,11719.0,37.5831,127.0009,11시,847.0
0,20170830.0,수,창경궁로(서울여자대학교),A-06,유출,원남동사거리->성균관대입구,11719.0,37.5831,127.0009,12시,830.0
0,20170830.0,수,창경궁로(서울여자대학교),A-06,유출,원남동사거리->성균관대입구,11719.0,37.5831,127.0009,13시,819.0
0,20170830.0,수,창경궁로(서울여자대학교),A-06,유출,원남동사거리->성균관대입구,11719.0,37.5831,127.0009,14시,850.0
0,20170830.0,수,창경궁로(서울여자대학교),A-06,유출,원남동사거리->성균관대입구,11719.0,37.5831,127.0009,15시,988.0
0,20170830.0,수,창경궁로(서울여자대학교),A-06,유출,원남동사거리->성균관대입구,11719.0,37.5831,127.0009,16시,1019.0
0,20170830.0,수,창경궁로(서울여자대학교),A-06,유출,원남동사거리->성균관대입구,11719.0,37.5831,127.0009,17시,997.0
0,20170830.0,수,창경궁로(서울여자대학교),A-06,유출,원남동사거리->성균관대입구,11719.0,37.5831,127.0009,18시,1093.0
0,20170830.0,수,창경궁로(서울여자대학교),A-06,유출,원남동사거리->성균관대입구,11719.0,37.5831,127.0009,19시,1116.0
0,20170830.0,수,창경궁로(서울여자대학교),A-06,유출,원남동사거리->성균관대입구,11719.0,37.5831,127.0009,20시,1017.0
0,20170831.0,목,창경궁로(서울여자대학교),A-06,유출,원남동사거리->성균관대입구,9788.0,37.5831,127.0009,8시,612.0
0,20170831.0,목,창경궁로(서울여자대학교),A-06,유출,원남동사거리->성균관대입구,9788.0,37.5831,127.0009,9시,704.0
0,20170831.0,목,창경궁로(서울여자대학교),A-06,유출,원남동사거리->성균관대입구,9788.0,37.5831,127.0009,10시,663.0
0,20170831.0,목,창경궁로(서울여자대학교),A-06,유출,원남동사거리->성균관대입구,9788.0,37.5831,127.0009,11시,782.0
0,20170831.0,목,창경궁로(서울여자대학교),A-06,유출,원남동사거리->성균관대입구,9788.0,37.5831,127.0009,12시,743.0
0,20170831.0,목,창경궁로(서울여자대학교),A-06,유출,원남동사거리->성균관대입구,9788.0,37.5831,127.0009,13시,725.0
0,20170831.0,목,창경궁로(서울여자대학교),A-06,유출,원남동사거리->성균관대입구,9788.0,37.5831,127.0009,14시,899.0
0,20170831.0,목,창경궁로(서울여자대학교),A-06,유출,원남동사거리->성균관대입구,9788.0,37.5831,127.0009,15시,630.0
0,20170831.0,목,창경궁로(서울여자대학교),A-06,유출,원남동사거리->성균관대입구,9788.0,37.5831,127.0009,16시,618.0
0,20170831.0,목,창경궁로(서울여자대학교),A-06,유출,원남동사거리->성균관대입구,9788.0,37.5831,127.0009,17시,641.0
0,20170831.0,목,창경궁로(서울여자대학교),A-06,유출,원남동사거리->성균관대입구,9788.0,37.5831,127.0009,18시,736.0
0,20170831.0,목,창경궁로(서울여자대학교),A-06,유출,원남동사거리->성균관대입구,9788.0,37.5831,127.0009,19시,1110.0
0,20170831.0,목,창경궁로(서울여자대학교),A-06,유출,원남동사거리->성균관대입구,9788.0,37.5831,127.0009,20시,925.0
0,20170901.0,금,창경궁로(서울여자대학교),A-06,유입,성균관대입구->원남동사거리,17887.0,37.5831,127.0009,8시,2309.0
0,20170901.0,금,창경궁로(서울여자대학교),A-06,유입,성균관대입구->원남동사거리,17887.0,37.5831,127.0009,9시,1934.0
0,20170901.0,금,창경궁로(서울여자대학교),A-06,유입,성균관대입구->원남동사거리,17887.0,37.5831,127.0009,10시,1588.0
0,20170901.0,금,창경궁로(서울여자대학교),A-06,유입,성균관대입구->원남동사거리,17887.0,37.5831,127.0009,11시,1392.0
0,20170901.0,금,창경궁로(서울여자대학교),A-06,유입,성균관대입구->원남동사거리,17887.0,37.5831,127.0009,12시,1305.0
0,20170901.0,금,창경궁로(서울여자대학교),A-06,유입,성균관대입구->원남동사거리,17887.0,37.5831,127.0009,13시,1318.0
0,20170901.0,금,창경궁로(서울여자대학교),A-06,유입,성균관대입구->원남동사거리,17887.0,37.5831,127.0009,14시,1350.0
0,20170901.0,금,창경궁로(서울여자대학교),A-06,유입,성균관대입구->원남동사거리,17887.0,37.5831,127.0009,15시,1269.0
0,20170901.0,금,창경궁로(서울여자대학교),A-06,유입,성균관대입구->원남동사거리,17887.0,37.5831,127.0009,16시,1292.0
0,20170901.0,금,창경궁로(서울여자대학교),A-06,유입,성균관대입구->원남동사거리,17887.0,37.5831,127.0009,17시,1192.0
0,20170901.0,금,창경궁로(서울여자대학교),A-06,유입,성균관대입구->원남동사거리,17887.0,37.5831,127.0009,18시,982.0
0,20170901.0,금,창경궁로(서울여자대학교),A-06,유입,성균관대입구->원남동사거리,17887.0,37.5831,127.0009,19시,944.0
0,20170901.0,금,창경궁로(서울여자대학교),A-06,유입,성균관대입구->원남동사거리,17887.0,37.5831,127.0009,20시,1012.0
0,20170902.0,토,창경궁로(서울여자대학교),A-06,유입,성균관대입구->원남동사거리,18651.0,37.5831,127.0009,8시,1541.0
0,20170902.0,토,창경궁로(서울여자대학교),A-06,유입,성균관대입구->원남동사거리,18651.0,37.5831,127.0009,9시,1630.0
0,20170902.0,토,창경궁로(서울여자대학교),A-06,유입,성균관대입구->원남동사거리,18651.0,37.5831,127.0009,10시,1656.0
0,20170902.0,토,창경궁로(서울여자대학교),A-06,유입,성균관대입구->원남동사거리,18651.0,37.5831,127.0009,11시,1654.0
0,20170902.0,토,창경궁로(서울여자대학교),A-06,유입,성균관대입구->원남동사거리,18651.0,37.5831,127.0009,12시,1613.0
0,20170902.0,토,창경궁로(서울여자대학교),A-06,유입,성균관대입구->원남동사거리,18651.0,37.5831,127.0009,13시,1644.0
0,20170902.0,토,창경궁로(서울여자대학교),A-06,유입,성균관대입구->원남동사거리,18651.0,37.5831,127.0009,14시,1681.0
0,20170902.0,토,창경궁로(서울여자대학교),A-06,유입,성균관대입구->원남동사거리,18651.0,37.5831,127.0009,15시,1525.0
0,20170902.0,토,창경궁로(서울여자대학교),A-06,유입,성균관대입구->원남동사거리,18651.0,37.5831,127.0009,16시,1427.0
0,20170902.0,토,창경궁로(서울여자대학교),A-06,유입,성균관대입구->원남동사거리,18651.0,37.5831,127.0009,17시,1311.0
0,20170902.0,토,창경궁로(서울여자대학교),A-06,유입,성균관대입구->원남동사거리,18651.0,37.5831,127.0009,18시,992.0
0,20170902.0,토,창경궁로(서울여자대학교),A-06,유입,성균관대입구->원남동사거리,18651.0,37.5831,127.0009,19시,930.0
0,20170902.0,토,창경궁로(서울여자대학교),A-06,유입,성균관대입구->원남동사거리,18651.0,37.5831,127.0009,20시,1047.0
0,20170903.0,일,창경궁로(서울여자대학교),A-06,유입,성균관대입구->원남동사거리,16333.0,37.5831,127.0009,8시,1096.0
0,20170903.0,일,창경궁로(서울여자대학교),A-06,유입,성균관대입구->원남동사거리,16333.0,37.5831,127.0009,9시,1350.0
0,20170903.0,일,창경궁로(서울여자대학교),A-06,유입,성균관대입구->원남동사거리,16333.0,37.5831,127.0009,10시,1348.0
0,20170903.0,일,창경궁로(서울여자대학교),A-06,유입,성균관대입구->원남동사거리,16333.0,37.5831,127.0009,11시,1379.0
0,20170903.0,일,창경궁로(서울여자대학교),A-06,유입,성균관대입구->원남동사거리,16333.0,37.5831,127.0009,12시,1416.0
0,20170903.0,일,창경궁로(서울여자대학교),A-06,유입,성균관대입구->원남동사거리,16333.0,37.5831,127.0009,13시,1449.0
0,20170903.0,일,창경궁로(서울여자대학교),A-06,유입,성균관대입구->원남동사거리,16333.0,37.5831,127.0009,14시,1381.0
0,20170903.0,일,창경궁로(서울여자대학교),A-06,유입,성균관대입구->원남동사거리,16333.0,37.5831,127.0009,15시,1330.0
0,20170903.0,일,창경궁로(서울여자대학교),A-06,유입,성균관대입구->원남동사거리,16333.0,37.5831,127.0009,16시,1268.0
0,20170903.0,일,창경궁로(서울여자대학교),A-06,유입,성균관대입구->원남동사거리,16333.0,37.5831,127.0009,17시,1212.0
0,20170903.0,일,창경궁로(서울여자대학교),A-06,유입,성균관대입구->원남동사거리,16333.0,37.5831,127.0009,18시,1095.0
0,20170903.0,일,창경궁로(서울여자대학교),A-06,유입,성균관대입구->원남동사거리,16333.0,37.5831,127.0009,19시,973.0
0,20170903.0,일,창경궁로(서울여자대학교),A-06,유입,성균관대입구->원남동사거리,16333.0,37.5831,127.0009,20시,1036.0
0,20170904.0,월,창경궁로(서울여자대학교),A-06,유입,성균관대입구->원남동사거리,17270.0,37.5831,127.0009,8시,2283.0
0,20170904.0,월,창경궁로(서울여자대학교),A-06,유입,성균관대입구->원남동사거리,17270.0,37.5831,127.0009,9시,1932.0
0,20170904.0,월,창경궁로(서울여자대학교),A-06,유입,성균관대입구->원남동사거리,17270.0,37.5831,127.0009,10시,1579.0
0,20170904.0,월,창경궁로(서울여자대학교),A-06,유입,성균관대입구->원남동사거리,17270.0,37.5831,127.0009,11시,1355.0
0,20170904.0,월,창경궁로(서울여자대학교),A-06,유입,성균관대입구->원남동사거리,17270.0,37.5831,127.0009,12시,1288.0
0,20170904.0,월,창경궁로(서울여자대학교),A-06,유입,성균관대입구->원남동사거리,17270.0,37.5831,127.0009,13시,1304.0
0,20170904.0,월,창경궁로(서울여자대학교),A-06,유입,성균관대입구->원남동사거리,17270.0,37.5831,127.0009,14시,1258.0
0,20170904.0,월,창경궁로(서울여자대학교),A-06,유입,성균관대입구->원남동사거리,17270.0,37.5831,127.0009,15시,1161.0
0,20170904.0,월,창경궁로(서울여자대학교),A-06,유입,성균관대입구->원남동사거리,17270.0,37.5831,127.0009,16시,1186.0
0,20170904.0,월,창경궁로(서울여자대학교),A-06,유입,성균관대입구->원남동사거리,17270.0,37.5831,127.0009,17시,1098.0
0,20170904.0,월,창경궁로(서울여자대학교),A-06,유입,성균관대입구->원남동사거리,17270.0,37.5831,127.0009,18시,991.0
0,20170904.0,월,창경궁로(서울여자대학교),A-06,유입,성균관대입구->원남동사거리,17270.0,37.5831,127.0009,19시,864.0
0,20170904.0,월,창경궁로(서울여자대학교),A-06,유입,성균관대입구->원남동사거리,17270.0,37.5831,127.0009,20시,971.0
0,20170905.0,화,창경궁로(서울여자대학교),A-06,유입,성균관대입구->원남동사거리,17679.0,37.5831,127.0009,8시,2302.0
0,20170905.0,화,창경궁로(서울여자대학교),A-06,유입,성균관대입구->원남동사거리,17679.0,37.5831,127.0009,9시,1928.0
0,20170905.0,화,창경궁로(서울여자대학교),A-06,유입,성균관대입구->원남동사거리,17679.0,37.5831,127.0009,10시,1563.0
0,20170905.0,화,창경궁로(서울여자대학교),A-06,유입,성균관대입구->원남동사거리,17679.0,37.5831,127.0009,11시,1341.0
0,20170905.0,화,창경궁로(서울여자대학교),A-06,유입,성균관대입구->원남동사거리,17679.0,37.5831,127.0009,12시,1317.0
0,20170905.0,화,창경궁로(서울여자대학교),A-06,유입,성균관대입구->원남동사거리,17679.0,37.5831,127.0009,13시,1372.0
0,20170905.0,화,창경궁로(서울여자대학교),A-06,유입,성균관대입구->원남동사거리,17679.0,37.5831,127.0009,14시,1352.0
0,20170905.0,화,창경궁로(서울여자대학교),A-06,유입,성균관대입구->원남동사거리,17679.0,37.5831,127.0009,15시,1193.0
0,20170905.0,화,창경궁로(서울여자대학교),A-06,유입,성균관대입구->원남동사거리,17679.0,37.5831,127.0009,16시,1280.0
0,20170905.0,화,창경궁로(서울여자대학교),A-06,유입,성균관대입구->원남동사거리,17679.0,37.5831,127.0009,17시,1136.0
0,20170905.0,화,창경궁로(서울여자대학교),A-06,유입,성균관대입구->원남동사거리,17679.0,37.5831,127.0009,18시,1021.0
0,20170905.0,화,창경궁로(서울여자대학교),A-06,유입,성균관대입구->원남동사거리,17679.0,37.5831,127.0009,19시,906.0
0,20170905.0,화,창경궁로(서울여자대학교),A-06,유입,성균관대입구->원남동사거리,17679.0,37.5831,127.0009,20시,968.0
0,20170906.0,수,창경궁로(서울여자대학교),A-06,유입,성균관대입구->원남동사거리,17172.0,37.5831,127.0009,8시,2308.0
0,20170906.0,수,창경궁로(서울여자대학교),A-06,유입,성균관대입구->원남동사거리,17172.0,37.5831,127.0009,9시,1902.0
0,20170906.0,수,창경궁로(서울여자대학교),A-06,유입,성균관대입구->원남동사거리,17172.0,37.5831,127.0009,10시,1528.0
0,20170906.0,수,창경궁로(서울여자대학교),A-06,유입,성균관대입구->원남동사거리,17172.0,37.5831,127.0009,11시,1444.0
0,20170906.0,수,창경궁로(서울여자대학교),A-06,유입,성균관대입구->원남동사거리,17172.0,37.5831,127.0009,12시,1265.0
0,20170906.0,수,창경궁로(서울여자대학교),A-06,유입,성균관대입구->원남동사거리,17172.0,37.5831,127.0009,13시,1297.0
0,20170906.0,수,창경궁로(서울여자대학교),A-06,유입,성균관대입구->원남동사거리,17172.0,37.5831,127.0009,14시,1197.0
0,20170906.0,수,창경궁로(서울여자대학교),A-06,유입,성균관대입구->원남동사거리,17172.0,37.5831,127.0009,15시,1181.0
0,20170906.0,수,창경궁로(서울여자대학교),A-06,유입,성균관대입구->원남동사거리,17172.0,37.5831,127.0009,16시,1146.0
0,20170906.0,수,창경궁로(서울여자대학교),A-06,유입,성균관대입구->원남동사거리,17172.0,37.5831,127.0009,17시,1147.0
0,20170906.0,수,창경궁로(서울여자대학교),A-06,유입,성균관대입구->원남동사거리,17172.0,37.5831,127.0009,18시,1006.0
0,20170906.0,수,창경궁로(서울여자대학교),A-06,유입,성균관대입구->원남동사거리,17172.0,37.5831,127.0009,19시,832.0
0,20170906.0,수,창경궁로(서울여자대학교),A-06,유입,성균관대입구->원남동사거리,17172.0,37.5831,127.0009,20시,919.0
0,20170907.0,목,창경궁로(서울여자대학교),A-06,유입,성균관대입구->원남동사거리,17643.0,37.5831,127.0009,8시,2316.0
0,20170907.0,목,창경궁로(서울여자대학교),A-06,유입,성균관대입구->원남동사거리,17643.0,37.5831,127.0009,9시,1927.0
0,20170907.0,목,창경궁로(서울여자대학교),A-06,유입,성균관대입구->원남동사거리,17643.0,37.5831,127.0009,10시,1558.0
0,20170907.0,목,창경궁로(서울여자대학교),A-06,유입,성균관대입구->원남동사거리,17643.0,37.5831,127.0009,11시,1375.0
0,20170907.0,목,창경궁로(서울여자대학교),A-06,유입,성균관대입구->원남동사거리,17643.0,37.5831,127.0009,12시,1268.0
0,20170907.0,목,창경궁로(서울여자대학교),A-06,유입,성균관대입구->원남동사거리,17643.0,37.5831,127.0009,13시,1324.0
0,20170907.0,목,창경궁로(서울여자대학교),A-06,유입,성균관대입구->원남동사거리,17643.0,37.5831,127.0009,14시,1266.0
0,20170907.0,목,창경궁로(서울여자대학교),A-06,유입,성균관대입구->원남동사거리,17643.0,37.5831,127.0009,15시,1309.0
0,20170907.0,목,창경궁로(서울여자대학교),A-06,유입,성균관대입구->원남동사거리,17643.0,37.5831,127.0009,16시,1168.0
0,20170907.0,목,창경궁로(서울여자대학교),A-06,유입,성균관대입구->원남동사거리,17643.0,37.5831,127.0009,17시,1176.0
0,20170907.0,목,창경궁로(서울여자대학교),A-06,유입,성균관대입구->원남동사거리,17643.0,37.5831,127.0009,18시,1039.0
0,20170907.0,목,창경궁로(서울여자대학교),A-06,유입,성균관대입구->원남동사거리,17643.0,37.5831,127.0009,19시,923.0
0,20170907.0,목,창경궁로(서울여자대학교),A-06,유입,성균관대입구->원남동사거리,17643.0,37.5831,127.0009,20시,994.0
0,20170908.0,금,창경궁로(서울여자대학교),A-06,유입,성균관대입구->원남동사거리,17728.0,37.5831,127.0009,8시,2338.0
0,20170908.0,금,창경궁로(서울여자대학교),A-06,유입,성균관대입구->원남동사거리,17728.0,37.5831,127.0009,9시,1905.0
0,20170908.0,금,창경궁로(서울여자대학교),A-06,유입,성균관대입구->원남동사거리,17728.0,37.5831,127.0009,10시,1576.0
0,20170908.0,금,창경궁로(서울여자대학교),A-06,유입,성균관대입구->원남동사거리,17728.0,37.5831,127.0009,11시,1408.0
0,20170908.0,금,창경궁로(서울여자대학교),A-06,유입,성균관대입구->원남동사거리,17728.0,37.5831,127.0009,12시,1318.0
0,20170908.0,금,창경궁로(서울여자대학교),A-06,유입,성균관대입구->원남동사거리,17728.0,37.5831,127.0009,13시,1277.0
0,20170908.0,금,창경궁로(서울여자대학교),A-06,유입,성균관대입구->원남동사거리,17728.0,37.5831,127.0009,14시,1269.0
0,20170908.0,금,창경궁로(서울여자대학교),A-06,유입,성균관대입구->원남동사거리,17728.0,37.5831,127.0009,15시,1218.0
0,20170908.0,금,창경궁로(서울여자대학교),A-06,유입,성균관대입구->원남동사거리,17728.0,37.5831,127.0009,16시,1337.0
0,20170908.0,금,창경궁로(서울여자대학교),A-06,유입,성균관대입구->원남동사거리,17728.0,37.5831,127.0009,17시,1120.0
0,20170908.0,금,창경궁로(서울여자대학교),A-06,유입,성균관대입구->원남동사거리,17728.0,37.5831,127.0009,18시,996.0
0,20170908.0,금,창경궁로(서울여자대학교),A-06,유입,성균관대입구->원남동사거리,17728.0,37.5831,127.0009,19시,929.0
0,20170908.0,금,창경궁로(서울여자대학교),A-06,유입,성균관대입구->원남동사거리,17728.0,37.5831,127.0009,20시,1037.0
0,20170909.0,토,창경궁로(서울여자대학교),A-06,유입,성균관대입구->원남동사거리,18277.0,37.5831,127.0009,8시,1571.0
0,20170909.0,토,창경궁로(서울여자대학교),A-06,유입,성균관대입구->원남동사거리,18277.0,37.5831,127.0009,9시,1670.0
0,20170909.0,토,창경궁로(서울여자대학교),A-06,유입,성균관대입구->원남동사거리,18277.0,37.5831,127.0009,10시,1610.0
0,20170909.0,토,창경궁로(서울여자대학교),A-06,유입,성균관대입구->원남동사거리,18277.0,37.5831,127.0009,11시,1648.0
0,20170909.0,토,창경궁로(서울여자대학교),A-06,유입,성균관대입구->원남동사거리,18277.0,37.5831,127.0009,12시,1525.0
0,20170909.0,토,창경궁로(서울여자대학교),A-06,유입,성균관대입구->원남동사거리,18277.0,37.5831,127.0009,13시,1420.0
0,20170909.0,토,창경궁로(서울여자대학교),A-06,유입,성균관대입구->원남동사거리,18277.0,37.5831,127.0009,14시,1459.0
0,20170909.0,토,창경궁로(서울여자대학교),A-06,유입,성균관대입구->원남동사거리,18277.0,37.5831,127.0009,15시,1392.0
0,20170909.0,토,창경궁로(서울여자대학교),A-06,유입,성균관대입구->원남동사거리,18277.0,37.5831,127.0009,16시,1367.0
0,20170909.0,토,창경궁로(서울여자대학교),A-06,유입,성균관대입구->원남동사거리,18277.0,37.5831,127.0009,17시,1276.0
0,20170909.0,토,창경궁로(서울여자대학교),A-06,유입,성균관대입구->원남동사거리,18277.0,37.5831,127.0009,18시,1167.0
0,20170909.0,토,창경궁로(서울여자대학교),A-06,유입,성균관대입구->원남동사거리,18277.0,37.5831,127.0009,19시,1040.0
0,20170909.0,토,창경궁로(서울여자대학교),A-06,유입,성균관대입구->원남동사거리,18277.0,37.5831,127.0009,20시,1132.0
0,20170910.0,일,창경궁로(서울여자대학교),A-06,유입,성균관대입구->원남동사거리,16469.0,37.5831,127.0009,8시,1105.0
0,20170910.0,일,창경궁로(서울여자대학교),A-06,유입,성균관대입구->원남동사거리,16469.0,37.5831,127.0009,9시,1307.0
0,20170910.0,일,창경궁로(서울여자대학교),A-06,유입,성균관대입구->원남동사거리,16469.0,37.5831,127.0009,10시,1400.0
0,20170910.0,일,창경궁로(서울여자대학교),A-06,유입,성균관대입구->원남동사거리,16469.0,37.5831,127.0009,11시,1370.0
0,20170910.0,일,창경궁로(서울여자대학교),A-06,유입,성균관대입구->원남동사거리,16469.0,37.5831,127.0009,12시,1413.0
0,20170910.0,일,창경궁로(서울여자대학교),A-06,유입,성균관대입구->원남동사거리,16469.0,37.5831,127.0009,13시,1424.0
0,20170910.0,일,창경궁로(서울여자대학교),A-06,유입,성균관대입구->원남동사거리,16469.0,37.5831,127.0009,14시,1486.0
0,20170910.0,일,창경궁로(서울여자대학교),A-06,유입,성균관대입구->원남동사거리,16469.0,37.5831,127.0009,15시,1347.0
0,20170910.0,일,창경궁로(서울여자대학교),A-06,유입,성균관대입구->원남동사거리,16469.0,37.5831,127.0009,16시,1274.0
0,20170910.0,일,창경궁로(서울여자대학교),A-06,유입,성균관대입구->원남동사거리,16469.0,37.5831,127.0009,17시,1222.0
0,20170910.0,일,창경궁로(서울여자대학교),A-06,유입,성균관대입구->원남동사거리,16469.0,37.5831,127.0009,18시,1114.0
0,20170910.0,일,창경궁로(서울여자대학교),A-06,유입,성균관대입구->원남동사거리,16469.0,37.5831,127.0009,19시,967.0
0,20170910.0,일,창경궁로(서울여자대학교),A-06,유입,성균관대입구->원남동사거리,16469.0,37.5831,127.0009,20시,1040.0
0,20170911.0,월,창경궁로(서울여자대학교),A-06,유입,성균관대입구->원남동사거리,17538.0,37.5831,127.0009,8시,2219.0
0,20170911.0,월,창경궁로(서울여자대학교),A-06,유입,성균관대입구->원남동사거리,17538.0,37.5831,127.0009,9시,1876.0
0,20170911.0,월,창경궁로(서울여자대학교),A-06,유입,성균관대입구->원남동사거리,17538.0,37.5831,127.0009,10시,1688.0
0,20170911.0,월,창경궁로(서울여자대학교),A-06,유입,성균관대입구->원남동사거리,17538.0,37.5831,127.0009,11시,1404.0
0,20170911.0,월,창경궁로(서울여자대학교),A-06,유입,성균관대입구->원남동사거리,17538.0,37.5831,127.0009,12시,1322.0
0,20170911.0,월,창경궁로(서울여자대학교),A-06,유입,성균관대입구->원남동사거리,17538.0,37.5831,127.0009,13시,1358.0
0,20170911.0,월,창경궁로(서울여자대학교),A-06,유입,성균관대입구->원남동사거리,17538.0,37.5831,127.0009,14시,1256.0
0,20170911.0,월,창경궁로(서울여자대학교),A-06,유입,성균관대입구->원남동사거리,17538.0,37.5831,127.0009,15시,1208.0
0,20170911.0,월,창경궁로(서울여자대학교),A-06,유입,성균관대입구->원남동사거리,17538.0,37.5831,127.0009,16시,1203.0
0,20170911.0,월,창경궁로(서울여자대학교),A-06,유입,성균관대입구->원남동사거리,17538.0,37.5831,127.0009,17시,1156.0
0,20170911.0,월,창경궁로(서울여자대학교),A-06,유입,성균관대입구->원남동사거리,17538.0,37.5831,127.0009,18시,1005.0
0,20170911.0,월,창경궁로(서울여자대학교),A-06,유입,성균관대입구->원남동사거리,17538.0,37.5831,127.0009,19시,880.0
0,20170911.0,월,창경궁로(서울여자대학교),A-06,유입,성균관대입구->원남동사거리,17538.0,37.5831,127.0009,20시,963.0
0,20170912.0,화,창경궁로(서울여자대학교),A-06,유입,성균관대입구->원남동사거리,17173.0,37.5831,127.0009,8시,2374.0
0,20170912.0,화,창경궁로(서울여자대학교),A-06,유입,성균관대입구->원남동사거리,17173.0,37.5831,127.0009,9시,1978.0
0,20170912.0,화,창경궁로(서울여자대학교),A-06,유입,성균관대입구->원남동사거리,17173.0,37.5831,127.0009,10시,1589.0
0,20170912.0,화,창경궁로(서울여자대학교),A-06,유입,성균관대입구->원남동사거리,17173.0,37.5831,127.0009,11시,1367.0
0,20170912.0,화,창경궁로(서울여자대학교),A-06,유입,성균관대입구->원남동사거리,17173.0,37.5831,127.0009,12시,1239.0
0,20170912.0,화,창경궁로(서울여자대학교),A-06,유입,성균관대입구->원남동사거리,17173.0,37.5831,127.0009,13시,1241.0
0,20170912.0,화,창경궁로(서울여자대학교),A-06,유입,성균관대입구->원남동사거리,17173.0,37.5831,127.0009,14시,1279.0
0,20170912.0,화,창경궁로(서울여자대학교),A-06,유입,성균관대입구->원남동사거리,17173.0,37.5831,127.0009,15시,1164.0
0,20170912.0,화,창경궁로(서울여자대학교),A-06,유입,성균관대입구->원남동사거리,17173.0,37.5831,127.0009,16시,1144.0
0,20170912.0,화,창경궁로(서울여자대학교),A-06,유입,성균관대입구->원남동사거리,17173.0,37.5831,127.0009,17시,999.0
0,20170912.0,화,창경궁로(서울여자대학교),A-06,유입,성균관대입구->원남동사거리,17173.0,37.5831,127.0009,18시,965.0
0,20170912.0,화,창경궁로(서울여자대학교),A-06,유입,성균관대입구->원남동사거리,17173.0,37.5831,127.0009,19시,855.0
0,20170912.0,화,창경궁로(서울여자대학교),A-06,유입,성균관대입구->원남동사거리,17173.0,37.5831,127.0009,20시,979.0
0,20170913.0,수,창경궁로(서울여자대학교),A-06,유입,성균관대입구->원남동사거리,17489.0,37.5831,127.0009,8시,2295.0
0,20170913.0,수,창경궁로(서울여자대학교),A-06,유입,성균관대입구->원남동사거리,17489.0,37.5831,127.0009,9시,1926.0
0,20170913.0,수,창경궁로(서울여자대학교),A-06,유입,성균관대입구->원남동사거리,17489.0,37.5831,127.0009,10시,1553.0
0,20170913.0,수,창경궁로(서울여자대학교),A-06,유입,성균관대입구->원남동사거리,17489.0,37.5831,127.0009,11시,1388.0
0,20170913.0,수,창경궁로(서울여자대학교),A-06,유입,성균관대입구->원남동사거리,17489.0,37.5831,127.0009,12시,1313.0
0,20170913.0,수,창경궁로(서울여자대학교),A-06,유입,성균관대입구->원남동사거리,17489.0,37.5831,127.0009,13시,1321.0
0,20170913.0,수,창경궁로(서울여자대학교),A-06,유입,성균관대입구->원남동사거리,17489.0,37.5831,127.0009,14시,1252.0
0,20170913.0,수,창경궁로(서울여자대학교),A-06,유입,성균관대입구->원남동사거리,17489.0,37.5831,127.0009,15시,1178.0
0,20170913.0,수,창경궁로(서울여자대학교),A-06,유입,성균관대입구->원남동사거리,17489.0,37.5831,127.0009,16시,1233.0
0,20170913.0,수,창경궁로(서울여자대학교),A-06,유입,성균관대입구->원남동사거리,17489.0,37.5831,127.0009,17시,1150.0
0,20170913.0,수,창경궁로(서울여자대학교),A-06,유입,성균관대입구->원남동사거리,17489.0,37.5831,127.0009,18시,1019.0
0,20170913.0,수,창경궁로(서울여자대학교),A-06,유입,성균관대입구->원남동사거리,17489.0,37.5831,127.0009,19시,886.0
0,20170913.0,수,창경궁로(서울여자대학교),A-06,유입,성균관대입구->원남동사거리,17489.0,37.5831,127.0009,20시,975.0
0,20170914.0,목,창경궁로(서울여자대학교),A-06,유입,성균관대입구->원남동사거리,17882.0,37.5831,127.0009,8시,2301.0
0,20170914.0,목,창경궁로(서울여자대학교),A-06,유입,성균관대입구->원남동사거리,17882.0,37.5831,127.0009,9시,1972.0
0,20170914.0,목,창경궁로(서울여자대학교),A-06,유입,성균관대입구->원남동사거리,17882.0,37.5831,127.0009,10시,1628.0
0,20170914.0,목,창경궁로(서울여자대학교),A-06,유입,성균관대입구->원남동사거리,17882.0,37.5831,127.0009,11시,1410.0
0,20170914.0,목,창경궁로(서울여자대학교),A-06,유입,성균관대입구->원남동사거리,17882.0,37.5831,127.0009,12시,1305.0
0,20170914.0,목,창경궁로(서울여자대학교),A-06,유입,성균관대입구->원남동사거리,17882.0,37.5831,127.0009,13시,1333.0
0,20170914.0,목,창경궁로(서울여자대학교),A-06,유입,성균관대입구->원남동사거리,17882.0,37.5831,127.0009,14시,1279.0
0,20170914.0,목,창경궁로(서울여자대학교),A-06,유입,성균관대입구->원남동사거리,17882.0,37.5831,127.0009,15시,1277.0
0,20170914.0,목,창경궁로(서울여자대학교),A-06,유입,성균관대입구->원남동사거리,17882.0,37.5831,127.0009,16시,1223.0
0,20170914.0,목,창경궁로(서울여자대학교),A-06,유입,성균관대입구->원남동사거리,17882.0,37.5831,127.0009,17시,1096.0
0,20170914.0,목,창경궁로(서울여자대학교),A-06,유입,성균관대입구->원남동사거리,17882.0,37.5831,127.0009,18시,1071.0
0,20170914.0,목,창경궁로(서울여자대학교),A-06,유입,성균관대입구->원남동사거리,17882.0,37.5831,127.0009,19시,995.0
0,20170914.0,목,창경궁로(서울여자대학교),A-06,유입,성균관대입구->원남동사거리,17882.0,37.5831,127.0009,20시,992.0
0,20170915.0,금,창경궁로(서울여자대학교),A-06,유입,성균관대입구->원남동사거리,18161.0,37.5831,127.0009,8시,2444.0
0,20170915.0,금,창경궁로(서울여자대학교),A-06,유입,성균관대입구->원남동사거리,18161.0,37.5831,127.0009,9시,1861.0
0,20170915.0,금,창경궁로(서울여자대학교),A-06,유입,성균관대입구->원남동사거리,18161.0,37.5831,127.0009,10시,1628.0
0,20170915.0,금,창경궁로(서울여자대학교),A-06,유입,성균관대입구->원남동사거리,18161.0,37.5831,127.0009,11시,1433.0
0,20170915.0,금,창경궁로(서울여자대학교),A-06,유입,성균관대입구->원남동사거리,18161.0,37.5831,127.0009,12시,1315.0
0,20170915.0,금,창경궁로(서울여자대학교),A-06,유입,성균관대입구->원남동사거리,18161.0,37.5831,127.0009,13시,1362.0
0,20170915.0,금,창경궁로(서울여자대학교),A-06,유입,성균관대입구->원남동사거리,18161.0,37.5831,127.0009,14시,1321.0
0,20170915.0,금,창경궁로(서울여자대학교),A-06,유입,성균관대입구->원남동사거리,18161.0,37.5831,127.0009,15시,1318.0
0,20170915.0,금,창경궁로(서울여자대학교),A-06,유입,성균관대입구->원남동사거리,18161.0,37.5831,127.0009,16시,1200.0
0,20170915.0,금,창경궁로(서울여자대학교),A-06,유입,성균관대입구->원남동사거리,18161.0,37.5831,127.0009,17시,1132.0
0,20170915.0,금,창경궁로(서울여자대학교),A-06,유입,성균관대입구->원남동사거리,18161.0,37.5831,127.0009,18시,1100.0
0,20170915.0,금,창경궁로(서울여자대학교),A-06,유입,성균관대입구->원남동사거리,18161.0,37.5831,127.0009,19시,988.0
0,20170915.0,금,창경궁로(서울여자대학교),A-06,유입,성균관대입구->원남동사거리,18161.0,37.5831,127.0009,20시,1059.0
0,20170916.0,토,창경궁로(서울여자대학교),A-06,유입,성균관대입구->원남동사거리,18748.0,37.5831,127.0009,8시,1594.0
0,20170916.0,토,창경궁로(서울여자대학교),A-06,유입,성균관대입구->원남동사거리,18748.0,37.5831,127.0009,9시,1635.0
0,20170916.0,토,창경궁로(서울여자대학교),A-06,유입,성균관대입구->원남동사거리,18748.0,37.5831,127.0009,10시,1604.0
0,20170916.0,토,창경궁로(서울여자대학교),A-06,유입,성균관대입구->원남동사거리,18748.0,37.5831,127.0009,11시,1648.0
0,20170916.0,토,창경궁로(서울여자대학교),A-06,유입,성균관대입구->원남동사거리,18748.0,37.5831,127.0009,12시,1601.0
0,20170916.0,토,창경궁로(서울여자대학교),A-06,유입,성균관대입구->원남동사거리,18748.0,37.5831,127.0009,13시,1606.0
0,20170916.0,토,창경궁로(서울여자대학교),A-06,유입,성균관대입구->원남동사거리,18748.0,37.5831,127.0009,14시,1538.0
0,20170916.0,토,창경궁로(서울여자대학교),A-06,유입,성균관대입구->원남동사거리,18748.0,37.5831,127.0009,15시,1461.0
0,20170916.0,토,창경궁로(서울여자대학교),A-06,유입,성균관대입구->원남동사거리,18748.0,37.5831,127.0009,16시,1399.0
0,20170916.0,토,창경궁로(서울여자대학교),A-06,유입,성균관대입구->원남동사거리,18748.0,37.5831,127.0009,17시,1442.0
0,20170916.0,토,창경궁로(서울여자대학교),A-06,유입,성균관대입구->원남동사거리,18748.0,37.5831,127.0009,18시,1134.0
0,20170916.0,토,창경궁로(서울여자대학교),A-06,유입,성균관대입구->원남동사거리,18748.0,37.5831,127.0009,19시,991.0
0,20170916.0,토,창경궁로(서울여자대학교),A-06,유입,성균관대입구->원남동사거리,18748.0,37.5831,127.0009,20시,1095.0
0,20170917.0,일,창경궁로(서울여자대학교),A-06,유입,성균관대입구->원남동사거리,16208.0,37.5831,127.0009,8시,1130.0
0,20170917.0,일,창경궁로(서울여자대학교),A-06,유입,성균관대입구->원남동사거리,16208.0,37.5831,127.0009,9시,1344.0
0,20170917.0,일,창경궁로(서울여자대학교),A-06,유입,성균관대입구->원남동사거리,16208.0,37.5831,127.0009,10시,1404.0
0,20170917.0,일,창경궁로(서울여자대학교),A-06,유입,성균관대입구->원남동사거리,16208.0,37.5831,127.0009,11시,1380.0
0,20170917.0,일,창경궁로(서울여자대학교),A-06,유입,성균관대입구->원남동사거리,16208.0,37.5831,127.0009,12시,1403.0
0,20170917.0,일,창경궁로(서울여자대학교),A-06,유입,성균관대입구->원남동사거리,16208.0,37.5831,127.0009,13시,1459.0
0,20170917.0,일,창경궁로(서울여자대학교),A-06,유입,성균관대입구->원남동사거리,16208.0,37.5831,127.0009,14시,1386.0
0,20170917.0,일,창경궁로(서울여자대학교),A-06,유입,성균관대입구->원남동사거리,16208.0,37.5831,127.0009,15시,1282.0
0,20170917.0,일,창경궁로(서울여자대학교),A-06,유입,성균관대입구->원남동사거리,16208.0,37.5831,127.0009,16시,1140.0
0,20170917.0,일,창경궁로(서울여자대학교),A-06,유입,성균관대입구->원남동사거리,16208.0,37.5831,127.0009,17시,1197.0
0,20170917.0,일,창경궁로(서울여자대학교),A-06,유입,성균관대입구->원남동사거리,16208.0,37.5831,127.0009,18시,1061.0
0,20170917.0,일,창경궁로(서울여자대학교),A-06,유입,성균관대입구->원남동사거리,16208.0,37.5831,127.0009,19시,973.0
0,20170917.0,일,창경궁로(서울여자대학교),A-06,유입,성균관대입구->원남동사거리,16208.0,37.5831,127.0009,20시,1049.0
0,20170918.0,월,창경궁로(서울여자대학교),A-06,유입,성균관대입구->원남동사거리,17293.0,37.5831,127.0009,8시,2356.0
0,20170918.0,월,창경궁로(서울여자대학교),A-06,유입,성균관대입구->원남동사거리,17293.0,37.5831,127.0009,9시,1911.0
0,20170918.0,월,창경궁로(서울여자대학교),A-06,유입,성균관대입구->원남동사거리,17293.0,37.5831,127.0009,10시,1508.0
0,20170918.0,월,창경궁로(서울여자대학교),A-06,유입,성균관대입구->원남동사거리,17293.0,37.5831,127.0009,11시,1355.0
0,20170918.0,월,창경궁로(서울여자대학교),A-06,유입,성균관대입구->원남동사거리,17293.0,37.5831,127.0009,12시,1250.0
0,20170918.0,월,창경궁로(서울여자대학교),A-06,유입,성균관대입구->원남동사거리,17293.0,37.5831,127.0009,13시,1242.0
0,20170918.0,월,창경궁로(서울여자대학교),A-06,유입,성균관대입구->원남동사거리,17293.0,37.5831,127.0009,14시,1272.0
0,20170918.0,월,창경궁로(서울여자대학교),A-06,유입,성균관대입구->원남동사거리,17293.0,37.5831,127.0009,15시,1248.0
0,20170918.0,월,창경궁로(서울여자대학교),A-06,유입,성균관대입구->원남동사거리,17293.0,37.5831,127.0009,16시,1139.0
0,20170918.0,월,창경궁로(서울여자대학교),A-06,유입,성균관대입구->원남동사거리,17293.0,37.5831,127.0009,17시,1200.0
0,20170918.0,월,창경궁로(서울여자대학교),A-06,유입,성균관대입구->원남동사거리,17293.0,37.5831,127.0009,18시,993.0
0,20170918.0,월,창경궁로(서울여자대학교),A-06,유입,성균관대입구->원남동사거리,17293.0,37.5831,127.0009,19시,872.0
0,20170918.0,월,창경궁로(서울여자대학교),A-06,유입,성균관대입구->원남동사거리,17293.0,37.5831,127.0009,20시,947.0
0,20170919.0,화,창경궁로(서울여자대학교),A-06,유입,성균관대입구->원남동사거리,17755.0,37.5831,127.0009,8시,2394.0
0,20170919.0,화,창경궁로(서울여자대학교),A-06,유입,성균관대입구->원남동사거리,17755.0,37.5831,127.0009,9시,1876.0
0,20170919.0,화,창경궁로(서울여자대학교),A-06,유입,성균관대입구->원남동사거리,17755.0,37.5831,127.0009,10시,1578.0
0,20170919.0,화,창경궁로(서울여자대학교),A-06,유입,성균관대입구->원남동사거리,17755.0,37.5831,127.0009,11시,1456.0
0,20170919.0,화,창경궁로(서울여자대학교),A-06,유입,성균관대입구->원남동사거리,17755.0,37.5831,127.0009,12시,1274.0
0,20170919.0,화,창경궁로(서울여자대학교),A-06,유입,성균관대입구->원남동사거리,17755.0,37.5831,127.0009,13시,1360.0
0,20170919.0,화,창경궁로(서울여자대학교),A-06,유입,성균관대입구->원남동사거리,17755.0,37.5831,127.0009,14시,1265.0
0,20170919.0,화,창경궁로(서울여자대학교),A-06,유입,성균관대입구->원남동사거리,17755.0,37.5831,127.0009,15시,1240.0
0,20170919.0,화,창경궁로(서울여자대학교),A-06,유입,성균관대입구->원남동사거리,17755.0,37.5831,127.0009,16시,1166.0
0,20170919.0,화,창경궁로(서울여자대학교),A-06,유입,성균관대입구->원남동사거리,17755.0,37.5831,127.0009,17시,1220.0
0,20170919.0,화,창경궁로(서울여자대학교),A-06,유입,성균관대입구->원남동사거리,17755.0,37.5831,127.0009,18시,1112.0
0,20170919.0,화,창경궁로(서울여자대학교),A-06,유입,성균관대입구->원남동사거리,17755.0,37.5831,127.0009,19시,851.0
0,20170919.0,화,창경궁로(서울여자대학교),A-06,유입,성균관대입구->원남동사거리,17755.0,37.5831,127.0009,20시,963.0
0,20170920.0,수,창경궁로(서울여자대학교),A-06,유입,성균관대입구->원남동사거리,16390.0,37.5831,127.0009,8시,2004.0
0,20170920.0,수,창경궁로(서울여자대학교),A-06,유입,성균관대입구->원남동사거리,16390.0,37.5831,127.0009,9시,1496.0
0,20170920.0,수,창경궁로(서울여자대학교),A-06,유입,성균관대입구->원남동사거리,16390.0,37.5831,127.0009,10시,1123.0
0,20170920.0,수,창경궁로(서울여자대학교),A-06,유입,성균관대입구->원남동사거리,16390.0,37.5831,127.0009,11시,1502.0
0,20170920.0,수,창경궁로(서울여자대학교),A-06,유입,성균관대입구->원남동사거리,16390.0,37.5831,127.0009,12시,1277.0
0,20170920.0,수,창경궁로(서울여자대학교),A-06,유입,성균관대입구->원남동사거리,16390.0,37.5831,127.0009,13시,1320.0
0,20170920.0,수,창경궁로(서울여자대학교),A-06,유입,성균관대입구->원남동사거리,16390.0,37.5831,127.0009,14시,1357.0
0,20170920.0,수,창경궁로(서울여자대학교),A-06,유입,성균관대입구->원남동사거리,16390.0,37.5831,127.0009,15시,1214.0
0,20170920.0,수,창경궁로(서울여자대학교),A-06,유입,성균관대입구->원남동사거리,16390.0,37.5831,127.0009,16시,1216.0
0,20170920.0,수,창경궁로(서울여자대학교),A-06,유입,성균관대입구->원남동사거리,16390.0,37.5831,127.0009,17시,1134.0
0,20170920.0,수,창경궁로(서울여자대학교),A-06,유입,성균관대입구->원남동사거리,16390.0,37.5831,127.0009,18시,1014.0
0,20170920.0,수,창경궁로(서울여자대학교),A-06,유입,성균관대입구->원남동사거리,16390.0,37.5831,127.0009,19시,812.0
0,20170920.0,수,창경궁로(서울여자대학교),A-06,유입,성균관대입구->원남동사거리,16390.0,37.5831,127.0009,20시,921.0
0,20170921.0,목,창경궁로(서울여자대학교),A-06,유입,성균관대입구->원남동사거리,16789.0,37.5831,127.0009,8시,2335.0
0,20170921.0,목,창경궁로(서울여자대학교),A-06,유입,성균관대입구->원남동사거리,16789.0,37.5831,127.0009,9시,1906.0
0,20170921.0,목,창경궁로(서울여자대학교),A-06,유입,성균관대입구->원남동사거리,16789.0,37.5831,127.0009,10시,1634.0
0,20170921.0,목,창경궁로(서울여자대학교),A-06,유입,성균관대입구->원남동사거리,16789.0,37.5831,127.0009,11시,1040.0
0,20170921.0,목,창경궁로(서울여자대학교),A-06,유입,성균관대입구->원남동사거리,16789.0,37.5831,127.0009,12시,1282.0
0,20170921.0,목,창경궁로(서울여자대학교),A-06,유입,성균관대입구->원남동사거리,16789.0,37.5831,127.0009,13시,1208.0
0,20170921.0,목,창경궁로(서울여자대학교),A-06,유입,성균관대입구->원남동사거리,16789.0,37.5831,127.0009,14시,1234.0
0,20170921.0,목,창경궁로(서울여자대학교),A-06,유입,성균관대입구->원남동사거리,16789.0,37.5831,127.0009,15시,1290.0
0,20170921.0,목,창경궁로(서울여자대학교),A-06,유입,성균관대입구->원남동사거리,16789.0,37.5831,127.0009,16시,1220.0
0,20170921.0,목,창경궁로(서울여자대학교),A-06,유입,성균관대입구->원남동사거리,16789.0,37.5831,127.0009,17시,1096.0
0,20170921.0,목,창경궁로(서울여자대학교),A-06,유입,성균관대입구->원남동사거리,16789.0,37.5831,127.0009,18시,966.0
0,20170921.0,목,창경궁로(서울여자대학교),A-06,유입,성균관대입구->원남동사거리,16789.0,37.5831,127.0009,19시,773.0
0,20170921.0,목,창경궁로(서울여자대학교),A-06,유입,성균관대입구->원남동사거리,16789.0,37.5831,127.0009,20시,805.0
0,20170922.0,금,창경궁로(서울여자대학교),A-06,유입,성균관대입구->원남동사거리,17969.0,37.5831,127.0009,8시,2432.0
0,20170922.0,금,창경궁로(서울여자대학교),A-06,유입,성균관대입구->원남동사거리,17969.0,37.5831,127.0009,9시,1984.0
0,20170922.0,금,창경궁로(서울여자대학교),A-06,유입,성균관대입구->원남동사거리,17969.0,37.5831,127.0009,10시,1650.0
0,20170922.0,금,창경궁로(서울여자대학교),A-06,유입,성균관대입구->원남동사거리,17969.0,37.5831,127.0009,11시,1466.0
0,20170922.0,금,창경궁로(서울여자대학교),A-06,유입,성균관대입구->원남동사거리,17969.0,37.5831,127.0009,12시,1330.0
0,20170922.0,금,창경궁로(서울여자대학교),A-06,유입,성균관대입구->원남동사거리,17969.0,37.5831,127.0009,13시,1368.0
0,20170922.0,금,창경궁로(서울여자대학교),A-06,유입,성균관대입구->원남동사거리,17969.0,37.5831,127.0009,14시,1183.0
0,20170922.0,금,창경궁로(서울여자대학교),A-06,유입,성균관대입구->원남동사거리,17969.0,37.5831,127.0009,15시,1266.0
0,20170922.0,금,창경궁로(서울여자대학교),A-06,유입,성균관대입구->원남동사거리,17969.0,37.5831,127.0009,16시,1223.0
0,20170922.0,금,창경궁로(서울여자대학교),A-06,유입,성균관대입구->원남동사거리,17969.0,37.5831,127.0009,17시,1210.0
0,20170922.0,금,창경궁로(서울여자대학교),A-06,유입,성균관대입구->원남동사거리,17969.0,37.5831,127.0009,18시,1004.0
0,20170922.0,금,창경궁로(서울여자대학교),A-06,유입,성균관대입구->원남동사거리,17969.0,37.5831,127.0009,19시,856.0
0,20170922.0,금,창경궁로(서울여자대학교),A-06,유입,성균관대입구->원남동사거리,17969.0,37.5831,127.0009,20시,997.0
0,20170923.0,토,창경궁로(서울여자대학교),A-06,유입,성균관대입구->원남동사거리,19030.0,37.5831,127.0009,8시,1525.0
0,20170923.0,토,창경궁로(서울여자대학교),A-06,유입,성균관대입구->원남동사거리,19030.0,37.5831,127.0009,9시,1647.0
0,20170923.0,토,창경궁로(서울여자대학교),A-06,유입,성균관대입구->원남동사거리,19030.0,37.5831,127.0009,10시,1687.0
0,20170923.0,토,창경궁로(서울여자대학교),A-06,유입,성균관대입구->원남동사거리,19030.0,37.5831,127.0009,11시,1781.0
0,20170923.0,토,창경궁로(서울여자대학교),A-06,유입,성균관대입구->원남동사거리,19030.0,37.5831,127.0009,12시,1718.0
0,20170923.0,토,창경궁로(서울여자대학교),A-06,유입,성균관대입구->원남동사거리,19030.0,37.5831,127.0009,13시,1666.0
0,20170923.0,토,창경궁로(서울여자대학교),A-06,유입,성균관대입구->원남동사거리,19030.0,37.5831,127.0009,14시,1524.0
0,20170923.0,토,창경궁로(서울여자대학교),A-06,유입,성균관대입구->원남동사거리,19030.0,37.5831,127.0009,15시,1638.0
0,20170923.0,토,창경궁로(서울여자대학교),A-06,유입,성균관대입구->원남동사거리,19030.0,37.5831,127.0009,16시,1307.0
0,20170923.0,토,창경궁로(서울여자대학교),A-06,유입,성균관대입구->원남동사거리,19030.0,37.5831,127.0009,17시,1446.0
0,20170923.0,토,창경궁로(서울여자대학교),A-06,유입,성균관대입구->원남동사거리,19030.0,37.5831,127.0009,18시,1153.0
0,20170923.0,토,창경궁로(서울여자대학교),A-06,유입,성균관대입구->원남동사거리,19030.0,37.5831,127.0009,19시,916.0
0,20170923.0,토,창경궁로(서울여자대학교),A-06,유입,성균관대입구->원남동사거리,19030.0,37.5831,127.0009,20시,1022.0
0,20170924.0,일,창경궁로(서울여자대학교),A-06,유입,성균관대입구->원남동사거리,16375.0,37.5831,127.0009,8시,1156.0
0,20170924.0,일,창경궁로(서울여자대학교),A-06,유입,성균관대입구->원남동사거리,16375.0,37.5831,127.0009,9시,1313.0
0,20170924.0,일,창경궁로(서울여자대학교),A-06,유입,성균관대입구->원남동사거리,16375.0,37.5831,127.0009,10시,1473.0
0,20170924.0,일,창경궁로(서울여자대학교),A-06,유입,성균관대입구->원남동사거리,16375.0,37.5831,127.0009,11시,1404.0
0,20170924.0,일,창경궁로(서울여자대학교),A-06,유입,성균관대입구->원남동사거리,16375.0,37.5831,127.0009,12시,1412.0
0,20170924.0,일,창경궁로(서울여자대학교),A-06,유입,성균관대입구->원남동사거리,16375.0,37.5831,127.0009,13시,1406.0
0,20170924.0,일,창경궁로(서울여자대학교),A-06,유입,성균관대입구->원남동사거리,16375.0,37.5831,127.0009,14시,1357.0
0,20170924.0,일,창경궁로(서울여자대학교),A-06,유입,성균관대입구->원남동사거리,16375.0,37.5831,127.0009,15시,1389.0
0,20170924.0,일,창경궁로(서울여자대학교),A-06,유입,성균관대입구->원남동사거리,16375.0,37.5831,127.0009,16시,1236.0
0,20170924.0,일,창경궁로(서울여자대학교),A-06,유입,성균관대입구->원남동사거리,16375.0,37.5831,127.0009,17시,1124.0
0,20170924.0,일,창경궁로(서울여자대학교),A-06,유입,성균관대입구->원남동사거리,16375.0,37.5831,127.0009,18시,1024.0
0,20170924.0,일,창경궁로(서울여자대학교),A-06,유입,성균관대입구->원남동사거리,16375.0,37.5831,127.0009,19시,1018.0
0,20170924.0,일,창경궁로(서울여자대학교),A-06,유입,성균관대입구->원남동사거리,16375.0,37.5831,127.0009,20시,1063.0
0,20170925.0,월,창경궁로(서울여자대학교),A-06,유입,성균관대입구->원남동사거리,15526.0,37.5831,127.0009,8시,1876.0
0,20170925.0,월,창경궁로(서울여자대학교),A-06,유입,성균관대입구->원남동사거리,15526.0,37.5831,127.0009,9시,1670.0
0,20170925.0,월,창경궁로(서울여자대학교),A-06,유입,성균관대입구->원남동사거리,15526.0,37.5831,127.0009,10시,1002.0
0,20170925.0,월,창경궁로(서울여자대학교),A-06,유입,성균관대입구->원남동사거리,15526.0,37.5831,127.0009,11시,1238.0
0,20170925.0,월,창경궁로(서울여자대학교),A-06,유입,성균관대입구->원남동사거리,15526.0,37.5831,127.0009,12시,1272.0
0,20170925.0,월,창경궁로(서울여자대학교),A-06,유입,성균관대입구->원남동사거리,15526.0,37.5831,127.0009,13시,1221.0
0,20170925.0,월,창경궁로(서울여자대학교),A-06,유입,성균관대입구->원남동사거리,15526.0,37.5831,127.0009,14시,1296.0
0,20170925.0,월,창경궁로(서울여자대학교),A-06,유입,성균관대입구->원남동사거리,15526.0,37.5831,127.0009,15시,1111.0
0,20170925.0,월,창경궁로(서울여자대학교),A-06,유입,성균관대입구->원남동사거리,15526.0,37.5831,127.0009,16시,1033.0
0,20170925.0,월,창경궁로(서울여자대학교),A-06,유입,성균관대입구->원남동사거리,15526.0,37.5831,127.0009,17시,1043.0
0,20170925.0,월,창경궁로(서울여자대학교),A-06,유입,성균관대입구->원남동사거리,15526.0,37.5831,127.0009,18시,918.0
0,20170925.0,월,창경궁로(서울여자대학교),A-06,유입,성균관대입구->원남동사거리,15526.0,37.5831,127.0009,19시,907.0
0,20170925.0,월,창경궁로(서울여자대학교),A-06,유입,성균관대입구->원남동사거리,15526.0,37.5831,127.0009,20시,939.0
0,20170926.0,화,창경궁로(서울여자대학교),A-06,유입,성균관대입구->원남동사거리,16813.0,37.5831,127.0009,8시,2162.0
0,20170926.0,화,창경궁로(서울여자대학교),A-06,유입,성균관대입구->원남동사거리,16813.0,37.5831,127.0009,9시,1814.0
0,20170926.0,화,창경궁로(서울여자대학교),A-06,유입,성균관대입구->원남동사거리,16813.0,37.5831,127.0009,10시,1519.0
0,20170926.0,화,창경궁로(서울여자대학교),A-06,유입,성균관대입구->원남동사거리,16813.0,37.5831,127.0009,11시,1444.0
0,20170926.0,화,창경궁로(서울여자대학교),A-06,유입,성균관대입구->원남동사거리,16813.0,37.5831,127.0009,12시,1366.0
0,20170926.0,화,창경궁로(서울여자대학교),A-06,유입,성균관대입구->원남동사거리,16813.0,37.5831,127.0009,13시,1319.0
0,20170926.0,화,창경궁로(서울여자대학교),A-06,유입,성균관대입구->원남동사거리,16813.0,37.5831,127.0009,14시,1272.0
0,20170926.0,화,창경궁로(서울여자대학교),A-06,유입,성균관대입구->원남동사거리,16813.0,37.5831,127.0009,15시,1125.0
0,20170926.0,화,창경궁로(서울여자대학교),A-06,유입,성균관대입구->원남동사거리,16813.0,37.5831,127.0009,16시,1130.0
0,20170926.0,화,창경궁로(서울여자대학교),A-06,유입,성균관대입구->원남동사거리,16813.0,37.5831,127.0009,17시,1023.0
0,20170926.0,화,창경궁로(서울여자대학교),A-06,유입,성균관대입구->원남동사거리,16813.0,37.5831,127.0009,18시,875.0
0,20170926.0,화,창경궁로(서울여자대학교),A-06,유입,성균관대입구->원남동사거리,16813.0,37.5831,127.0009,19시,811.0
0,20170926.0,화,창경궁로(서울여자대학교),A-06,유입,성균관대입구->원남동사거리,16813.0,37.5831,127.0009,20시,953.0
0,20170927.0,수,창경궁로(서울여자대학교),A-06,유입,성균관대입구->원남동사거리,16722.0,37.5831,127.0009,8시,2104.0
0,20170927.0,수,창경궁로(서울여자대학교),A-06,유입,성균관대입구->원남동사거리,16722.0,37.5831,127.0009,9시,1784.0
0,20170927.0,수,창경궁로(서울여자대학교),A-06,유입,성균관대입구->원남동사거리,16722.0,37.5831,127.0009,10시,1451.0
0,20170927.0,수,창경궁로(서울여자대학교),A-06,유입,성균관대입구->원남동사거리,16722.0,37.5831,127.0009,11시,1257.0
0,20170927.0,수,창경궁로(서울여자대학교),A-06,유입,성균관대입구->원남동사거리,16722.0,37.5831,127.0009,12시,1333.0
0,20170927.0,수,창경궁로(서울여자대학교),A-06,유입,성균관대입구->원남동사거리,16722.0,37.5831,127.0009,13시,1298.0
0,20170927.0,수,창경궁로(서울여자대학교),A-06,유입,성균관대입구->원남동사거리,16722.0,37.5831,127.0009,14시,1249.0
0,20170927.0,수,창경궁로(서울여자대학교),A-06,유입,성균관대입구->원남동사거리,16722.0,37.5831,127.0009,15시,1241.0
0,20170927.0,수,창경궁로(서울여자대학교),A-06,유입,성균관대입구->원남동사거리,16722.0,37.5831,127.0009,16시,1061.0
0,20170927.0,수,창경궁로(서울여자대학교),A-06,유입,성균관대입구->원남동사거리,16722.0,37.5831,127.0009,17시,1070.0
0,20170927.0,수,창경궁로(서울여자대학교),A-06,유입,성균관대입구->원남동사거리,16722.0,37.5831,127.0009,18시,996.0
0,20170927.0,수,창경궁로(서울여자대학교),A-06,유입,성균관대입구->원남동사거리,16722.0,37.5831,127.0009,19시,872.0
0,20170927.0,수,창경궁로(서울여자대학교),A-06,유입,성균관대입구->원남동사거리,16722.0,37.5831,127.0009,20시,1006.0
0,20170928.0,목,창경궁로(서울여자대학교),A-06,유입,성균관대입구->원남동사거리,17454.0,37.5831,127.0009,8시,2133.0
0,20170928.0,목,창경궁로(서울여자대학교),A-06,유입,성균관대입구->원남동사거리,17454.0,37.5831,127.0009,9시,1843.0
0,20170928.0,목,창경궁로(서울여자대학교),A-06,유입,성균관대입구->원남동사거리,17454.0,37.5831,127.0009,10시,1647.0
0,20170928.0,목,창경궁로(서울여자대학교),A-06,유입,성균관대입구->원남동사거리,17454.0,37.5831,127.0009,11시,1482.0
0,20170928.0,목,창경궁로(서울여자대학교),A-06,유입,성균관대입구->원남동사거리,17454.0,37.5831,127.0009,12시,1314.0
0,20170928.0,목,창경궁로(서울여자대학교),A-06,유입,성균관대입구->원남동사거리,17454.0,37.5831,127.0009,13시,1387.0
0,20170928.0,목,창경궁로(서울여자대학교),A-06,유입,성균관대입구->원남동사거리,17454.0,37.5831,127.0009,14시,1278.0
0,20170928.0,목,창경궁로(서울여자대학교),A-06,유입,성균관대입구->원남동사거리,17454.0,37.5831,127.0009,15시,1165.0
0,20170928.0,목,창경궁로(서울여자대학교),A-06,유입,성균관대입구->원남동사거리,17454.0,37.5831,127.0009,16시,1160.0
0,20170928.0,목,창경궁로(서울여자대학교),A-06,유입,성균관대입구->원남동사거리,17454.0,37.5831,127.0009,17시,1120.0
0,20170928.0,목,창경궁로(서울여자대학교),A-06,유입,성균관대입구->원남동사거리,17454.0,37.5831,127.0009,18시,1048.0
0,20170928.0,목,창경궁로(서울여자대학교),A-06,유입,성균관대입구->원남동사거리,17454.0,37.5831,127.0009,19시,909.0
0,20170928.0,목,창경궁로(서울여자대학교),A-06,유입,성균관대입구->원남동사거리,17454.0,37.5831,127.0009,20시,968.0
0,20170929.0,금,창경궁로(서울여자대학교),A-06,유입,성균관대입구->원남동사거리,17475.0,37.5831,127.0009,8시,2284.0
0,20170929.0,금,창경궁로(서울여자대학교),A-06,유입,성균관대입구->원남동사거리,17475.0,37.5831,127.0009,9시,1948.0
0,20170929.0,금,창경궁로(서울여자대학교),A-06,유입,성균관대입구->원남동사거리,17475.0,37.5831,127.0009,10시,1506.0
0,20170929.0,금,창경궁로(서울여자대학교),A-06,유입,성균관대입구->원남동사거리,17475.0,37.5831,127.0009,11시,1413.0
0,20170929.0,금,창경궁로(서울여자대학교),A-06,유입,성균관대입구->원남동사거리,17475.0,37.5831,127.0009,12시,1327.0
0,20170929.0,금,창경궁로(서울여자대학교),A-06,유입,성균관대입구->원남동사거리,17475.0,37.5831,127.0009,13시,1342.0
0,20170929.0,금,창경궁로(서울여자대학교),A-06,유입,성균관대입구->원남동사거리,17475.0,37.5831,127.0009,14시,1277.0
0,20170929.0,금,창경궁로(서울여자대학교),A-06,유입,성균관대입구->원남동사거리,17475.0,37.5831,127.0009,15시,1233.0
0,20170929.0,금,창경궁로(서울여자대학교),A-06,유입,성균관대입구->원남동사거리,17475.0,37.5831,127.0009,16시,1212.0
0,20170929.0,금,창경궁로(서울여자대학교),A-06,유입,성균관대입구->원남동사거리,17475.0,37.5831,127.0009,17시,1106.0
0,20170929.0,금,창경궁로(서울여자대학교),A-06,유입,성균관대입구->원남동사거리,17475.0,37.5831,127.0009,18시,917.0
0,20170929.0,금,창경궁로(서울여자대학교),A-06,유입,성균관대입구->원남동사거리,17475.0,37.5831,127.0009,19시,859.0
0,20170929.0,금,창경궁로(서울여자대학교),A-06,유입,성균관대입구->원남동사거리,17475.0,37.5831,127.0009,20시,1051.0
0,20170930.0,토,창경궁로(서울여자대학교),A-06,유입,성균관대입구->원남동사거리,17343.0,37.5831,127.0009,8시,1476.0
0,20170930.0,토,창경궁로(서울여자대학교),A-06,유입,성균관대입구->원남동사거리,17343.0,37.5831,127.0009,9시,1536.0
0,20170930.0,토,창경궁로(서울여자대학교),A-06,유입,성균관대입구->원남동사거리,17343.0,37.5831,127.0009,10시,1516.0
0,20170930.0,토,창경궁로(서울여자대학교),A-06,유입,성균관대입구->원남동사거리,17343.0,37.5831,127.0009,11시,1459.0
0,20170930.0,토,창경궁로(서울여자대학교),A-06,유입,성균관대입구->원남동사거리,17343.0,37.5831,127.0009,12시,1457.0
0,20170930.0,토,창경궁로(서울여자대학교),A-06,유입,성균관대입구->원남동사거리,17343.0,37.5831,127.0009,13시,1472.0
0,20170930.0,토,창경궁로(서울여자대학교),A-06,유입,성균관대입구->원남동사거리,17343.0,37.5831,127.0009,14시,1363.0
0,20170930.0,토,창경궁로(서울여자대학교),A-06,유입,성균관대입구->원남동사거리,17343.0,37.5831,127.0009,15시,1387.0
0,20170930.0,토,창경궁로(서울여자대학교),A-06,유입,성균관대입구->원남동사거리,17343.0,37.5831,127.0009,16시,1214.0
0,20170930.0,토,창경궁로(서울여자대학교),A-06,유입,성균관대입구->원남동사거리,17343.0,37.5831,127.0009,17시,1354.0
0,20170930.0,토,창경궁로(서울여자대학교),A-06,유입,성균관대입구->원남동사거리,17343.0,37.5831,127.0009,18시,1076.0
0,20170930.0,토,창경궁로(서울여자대학교),A-06,유입,성균관대입구->원남동사거리,17343.0,37.5831,127.0009,19시,1040.0
0,20170930.0,토,창경궁로(서울여자대학교),A-06,유입,성균관대입구->원남동사거리,17343.0,37.5831,127.0009,20시,993.0
0,20170901.0,금,창경궁로(서울여자대학교),A-06,유출,원남동사거리->성균관대입구,11039.0,37.5831,127.0009,8시,535.0
0,20170901.0,금,창경궁로(서울여자대학교),A-06,유출,원남동사거리->성균관대입구,11039.0,37.5831,127.0009,9시,698.0
0,20170901.0,금,창경궁로(서울여자대학교),A-06,유출,원남동사거리->성균관대입구,11039.0,37.5831,127.0009,10시,679.0
0,20170901.0,금,창경궁로(서울여자대학교),A-06,유출,원남동사거리->성균관대입구,11039.0,37.5831,127.0009,11시,759.0
0,20170901.0,금,창경궁로(서울여자대학교),A-06,유출,원남동사거리->성균관대입구,11039.0,37.5831,127.0009,12시,869.0
0,20170901.0,금,창경궁로(서울여자대학교),A-06,유출,원남동사거리->성균관대입구,11039.0,37.5831,127.0009,13시,845.0
0,20170901.0,금,창경궁로(서울여자대학교),A-06,유출,원남동사거리->성균관대입구,11039.0,37.5831,127.0009,14시,937.0
0,20170901.0,금,창경궁로(서울여자대학교),A-06,유출,원남동사거리->성균관대입구,11039.0,37.5831,127.0009,15시,977.0
0,20170901.0,금,창경궁로(서울여자대학교),A-06,유출,원남동사거리->성균관대입구,11039.0,37.5831,127.0009,16시,966.0
0,20170901.0,금,창경궁로(서울여자대학교),A-06,유출,원남동사거리->성균관대입구,11039.0,37.5831,127.0009,17시,944.0
0,20170901.0,금,창경궁로(서울여자대학교),A-06,유출,원남동사거리->성균관대입구,11039.0,37.5831,127.0009,18시,877.0
0,20170901.0,금,창경궁로(서울여자대학교),A-06,유출,원남동사거리->성균관대입구,11039.0,37.5831,127.0009,19시,1054.0
0,20170901.0,금,창경궁로(서울여자대학교),A-06,유출,원남동사거리->성균관대입구,11039.0,37.5831,127.0009,20시,899.0
0,20170902.0,토,창경궁로(서울여자대학교),A-06,유출,원남동사거리->성균관대입구,12162.0,37.5831,127.0009,8시,656.0
0,20170902.0,토,창경궁로(서울여자대학교),A-06,유출,원남동사거리->성균관대입구,12162.0,37.5831,127.0009,9시,684.0
0,20170902.0,토,창경궁로(서울여자대학교),A-06,유출,원남동사거리->성균관대입구,12162.0,37.5831,127.0009,10시,732.0
0,20170902.0,토,창경궁로(서울여자대학교),A-06,유출,원남동사거리->성균관대입구,12162.0,37.5831,127.0009,11시,710.0
0,20170902.0,토,창경궁로(서울여자대학교),A-06,유출,원남동사거리->성균관대입구,12162.0,37.5831,127.0009,12시,985.0
0,20170902.0,토,창경궁로(서울여자대학교),A-06,유출,원남동사거리->성균관대입구,12162.0,37.5831,127.0009,13시,1177.0
0,20170902.0,토,창경궁로(서울여자대학교),A-06,유출,원남동사거리->성균관대입구,12162.0,37.5831,127.0009,14시,1175.0
0,20170902.0,토,창경궁로(서울여자대학교),A-06,유출,원남동사거리->성균관대입구,12162.0,37.5831,127.0009,15시,1079.0
0,20170902.0,토,창경궁로(서울여자대학교),A-06,유출,원남동사거리->성균관대입구,12162.0,37.5831,127.0009,16시,1030.0
0,20170902.0,토,창경궁로(서울여자대학교),A-06,유출,원남동사거리->성균관대입구,12162.0,37.5831,127.0009,17시,1044.0
0,20170902.0,토,창경궁로(서울여자대학교),A-06,유출,원남동사거리->성균관대입구,12162.0,37.5831,127.0009,18시,904.0
0,20170902.0,토,창경궁로(서울여자대학교),A-06,유출,원남동사거리->성균관대입구,12162.0,37.5831,127.0009,19시,1069.0
0,20170902.0,토,창경궁로(서울여자대학교),A-06,유출,원남동사거리->성균관대입구,12162.0,37.5831,127.0009,20시,917.0
0,20170903.0,일,창경궁로(서울여자대학교),A-06,유출,원남동사거리->성균관대입구,9297.0,37.5831,127.0009,8시,427.0
0,20170903.0,일,창경궁로(서울여자대학교),A-06,유출,원남동사거리->성균관대입구,9297.0,37.5831,127.0009,9시,483.0
0,20170903.0,일,창경궁로(서울여자대학교),A-06,유출,원남동사거리->성균관대입구,9297.0,37.5831,127.0009,10시,486.0
0,20170903.0,일,창경궁로(서울여자대학교),A-06,유출,원남동사거리->성균관대입구,9297.0,37.5831,127.0009,11시,529.0
0,20170903.0,일,창경궁로(서울여자대학교),A-06,유출,원남동사거리->성균관대입구,9297.0,37.5831,127.0009,12시,655.0
0,20170903.0,일,창경궁로(서울여자대학교),A-06,유출,원남동사거리->성균관대입구,9297.0,37.5831,127.0009,13시,741.0
0,20170903.0,일,창경궁로(서울여자대학교),A-06,유출,원남동사거리->성균관대입구,9297.0,37.5831,127.0009,14시,722.0
0,20170903.0,일,창경궁로(서울여자대학교),A-06,유출,원남동사거리->성균관대입구,9297.0,37.5831,127.0009,15시,833.0
0,20170903.0,일,창경궁로(서울여자대학교),A-06,유출,원남동사거리->성균관대입구,9297.0,37.5831,127.0009,16시,910.0
0,20170903.0,일,창경궁로(서울여자대학교),A-06,유출,원남동사거리->성균관대입구,9297.0,37.5831,127.0009,17시,844.0
0,20170903.0,일,창경궁로(서울여자대학교),A-06,유출,원남동사거리->성균관대입구,9297.0,37.5831,127.0009,18시,909.0
0,20170903.0,일,창경궁로(서울여자대학교),A-06,유출,원남동사거리->성균관대입구,9297.0,37.5831,127.0009,19시,872.0
0,20170903.0,일,창경궁로(서울여자대학교),A-06,유출,원남동사거리->성균관대입구,9297.0,37.5831,127.0009,20시,886.0
0,20170904.0,월,창경궁로(서울여자대학교),A-06,유출,원남동사거리->성균관대입구,11409.0,37.5831,127.0009,8시,625.0
0,20170904.0,월,창경궁로(서울여자대학교),A-06,유출,원남동사거리->성균관대입구,11409.0,37.5831,127.0009,9시,666.0
0,20170904.0,월,창경궁로(서울여자대학교),A-06,유출,원남동사거리->성균관대입구,11409.0,37.5831,127.0009,10시,775.0
0,20170904.0,월,창경궁로(서울여자대학교),A-06,유출,원남동사거리->성균관대입구,11409.0,37.5831,127.0009,11시,847.0
0,20170904.0,월,창경궁로(서울여자대학교),A-06,유출,원남동사거리->성균관대입구,11409.0,37.5831,127.0009,12시,787.0
0,20170904.0,월,창경궁로(서울여자대학교),A-06,유출,원남동사거리->성균관대입구,11409.0,37.5831,127.0009,13시,819.0
0,20170904.0,월,창경궁로(서울여자대학교),A-06,유출,원남동사거리->성균관대입구,11409.0,37.5831,127.0009,14시,893.0
0,20170904.0,월,창경궁로(서울여자대학교),A-06,유출,원남동사거리->성균관대입구,11409.0,37.5831,127.0009,15시,934.0
0,20170904.0,월,창경궁로(서울여자대학교),A-06,유출,원남동사거리->성균관대입구,11409.0,37.5831,127.0009,16시,1079.0
0,20170904.0,월,창경궁로(서울여자대학교),A-06,유출,원남동사거리->성균관대입구,11409.0,37.5831,127.0009,17시,1002.0
0,20170904.0,월,창경궁로(서울여자대학교),A-06,유출,원남동사거리->성균관대입구,11409.0,37.5831,127.0009,18시,930.0
0,20170904.0,월,창경궁로(서울여자대학교),A-06,유출,원남동사거리->성균관대입구,11409.0,37.5831,127.0009,19시,1053.0
0,20170904.0,월,창경궁로(서울여자대학교),A-06,유출,원남동사거리->성균관대입구,11409.0,37.5831,127.0009,20시,999.0
0,20170905.0,화,창경궁로(서울여자대학교),A-06,유출,원남동사거리->성균관대입구,11660.0,37.5831,127.0009,8시,666.0
0,20170905.0,화,창경궁로(서울여자대학교),A-06,유출,원남동사거리->성균관대입구,11660.0,37.5831,127.0009,9시,688.0
0,20170905.0,화,창경궁로(서울여자대학교),A-06,유출,원남동사거리->성균관대입구,11660.0,37.5831,127.0009,10시,784.0
0,20170905.0,화,창경궁로(서울여자대학교),A-06,유출,원남동사거리->성균관대입구,11660.0,37.5831,127.0009,11시,823.0
0,20170905.0,화,창경궁로(서울여자대학교),A-06,유출,원남동사거리->성균관대입구,11660.0,37.5831,127.0009,12시,839.0
0,20170905.0,화,창경궁로(서울여자대학교),A-06,유출,원남동사거리->성균관대입구,11660.0,37.5831,127.0009,13시,835.0
0,20170905.0,화,창경궁로(서울여자대학교),A-06,유출,원남동사거리->성균관대입구,11660.0,37.5831,127.0009,14시,914.0
0,20170905.0,화,창경궁로(서울여자대학교),A-06,유출,원남동사거리->성균관대입구,11660.0,37.5831,127.0009,15시,928.0
0,20170905.0,화,창경궁로(서울여자대학교),A-06,유출,원남동사거리->성균관대입구,11660.0,37.5831,127.0009,16시,1013.0
0,20170905.0,화,창경궁로(서울여자대학교),A-06,유출,원남동사거리->성균관대입구,11660.0,37.5831,127.0009,17시,1044.0
0,20170905.0,화,창경궁로(서울여자대학교),A-06,유출,원남동사거리->성균관대입구,11660.0,37.5831,127.0009,18시,1088.0
0,20170905.0,화,창경궁로(서울여자대학교),A-06,유출,원남동사거리->성균관대입구,11660.0,37.5831,127.0009,19시,1084.0
0,20170905.0,화,창경궁로(서울여자대학교),A-06,유출,원남동사거리->성균관대입구,11660.0,37.5831,127.0009,20시,954.0
0,20170906.0,수,창경궁로(서울여자대학교),A-06,유출,원남동사거리->성균관대입구,11485.0,37.5831,127.0009,8시,669.0
0,20170906.0,수,창경궁로(서울여자대학교),A-06,유출,원남동사거리->성균관대입구,11485.0,37.5831,127.0009,9시,721.0
0,20170906.0,수,창경궁로(서울여자대학교),A-06,유출,원남동사거리->성균관대입구,11485.0,37.5831,127.0009,10시,761.0
0,20170906.0,수,창경궁로(서울여자대학교),A-06,유출,원남동사거리->성균관대입구,11485.0,37.5831,127.0009,11시,877.0
0,20170906.0,수,창경궁로(서울여자대학교),A-06,유출,원남동사거리->성균관대입구,11485.0,37.5831,127.0009,12시,846.0
0,20170906.0,수,창경궁로(서울여자대학교),A-06,유출,원남동사거리->성균관대입구,11485.0,37.5831,127.0009,13시,815.0
0,20170906.0,수,창경궁로(서울여자대학교),A-06,유출,원남동사거리->성균관대입구,11485.0,37.5831,127.0009,14시,875.0
0,20170906.0,수,창경궁로(서울여자대학교),A-06,유출,원남동사거리->성균관대입구,11485.0,37.5831,127.0009,15시,901.0
0,20170906.0,수,창경궁로(서울여자대학교),A-06,유출,원남동사거리->성균관대입구,11485.0,37.5831,127.0009,16시,1007.0
0,20170906.0,수,창경궁로(서울여자대학교),A-06,유출,원남동사거리->성균관대입구,11485.0,37.5831,127.0009,17시,1005.0
0,20170906.0,수,창경궁로(서울여자대학교),A-06,유출,원남동사거리->성균관대입구,11485.0,37.5831,127.0009,18시,938.0
0,20170906.0,수,창경궁로(서울여자대학교),A-06,유출,원남동사거리->성균관대입구,11485.0,37.5831,127.0009,19시,1112.0
0,20170906.0,수,창경궁로(서울여자대학교),A-06,유출,원남동사거리->성균관대입구,11485.0,37.5831,127.0009,20시,958.0
0,20170907.0,목,창경궁로(서울여자대학교),A-06,유출,원남동사거리->성균관대입구,11701.0,37.5831,127.0009,8시,631.0
0,20170907.0,목,창경궁로(서울여자대학교),A-06,유출,원남동사거리->성균관대입구,11701.0,37.5831,127.0009,9시,703.0
0,20170907.0,목,창경궁로(서울여자대학교),A-06,유출,원남동사거리->성균관대입구,11701.0,37.5831,127.0009,10시,753.0
0,20170907.0,목,창경궁로(서울여자대학교),A-06,유출,원남동사거리->성균관대입구,11701.0,37.5831,127.0009,11시,797.0
0,20170907.0,목,창경궁로(서울여자대학교),A-06,유출,원남동사거리->성균관대입구,11701.0,37.5831,127.0009,12시,844.0
0,20170907.0,목,창경궁로(서울여자대학교),A-06,유출,원남동사거리->성균관대입구,11701.0,37.5831,127.0009,13시,849.0
0,20170907.0,목,창경궁로(서울여자대학교),A-06,유출,원남동사거리->성균관대입구,11701.0,37.5831,127.0009,14시,912.0
0,20170907.0,목,창경궁로(서울여자대학교),A-06,유출,원남동사거리->성균관대입구,11701.0,37.5831,127.0009,15시,979.0
0,20170907.0,목,창경궁로(서울여자대학교),A-06,유출,원남동사거리->성균관대입구,11701.0,37.5831,127.0009,16시,940.0
0,20170907.0,목,창경궁로(서울여자대학교),A-06,유출,원남동사거리->성균관대입구,11701.0,37.5831,127.0009,17시,1069.0
0,20170907.0,목,창경궁로(서울여자대학교),A-06,유출,원남동사거리->성균관대입구,11701.0,37.5831,127.0009,18시,1112.0
0,20170907.0,목,창경궁로(서울여자대학교),A-06,유출,원남동사거리->성균관대입구,11701.0,37.5831,127.0009,19시,1097.0
0,20170907.0,목,창경궁로(서울여자대학교),A-06,유출,원남동사거리->성균관대입구,11701.0,37.5831,127.0009,20시,1015.0
0,20170908.0,금,창경궁로(서울여자대학교),A-06,유출,원남동사거리->성균관대입구,11435.0,37.5831,127.0009,8시,651.0
0,20170908.0,금,창경궁로(서울여자대학교),A-06,유출,원남동사거리->성균관대입구,11435.0,37.5831,127.0009,9시,701.0
0,20170908.0,금,창경궁로(서울여자대학교),A-06,유출,원남동사거리->성균관대입구,11435.0,37.5831,127.0009,10시,787.0
0,20170908.0,금,창경궁로(서울여자대학교),A-06,유출,원남동사거리->성균관대입구,11435.0,37.5831,127.0009,11시,801.0
0,20170908.0,금,창경궁로(서울여자대학교),A-06,유출,원남동사거리->성균관대입구,11435.0,37.5831,127.0009,12시,859.0
0,20170908.0,금,창경궁로(서울여자대학교),A-06,유출,원남동사거리->성균관대입구,11435.0,37.5831,127.0009,13시,848.0
0,20170908.0,금,창경궁로(서울여자대학교),A-06,유출,원남동사거리->성균관대입구,11435.0,37.5831,127.0009,14시,824.0
0,20170908.0,금,창경궁로(서울여자대학교),A-06,유출,원남동사거리->성균관대입구,11435.0,37.5831,127.0009,15시,949.0
0,20170908.0,금,창경궁로(서울여자대학교),A-06,유출,원남동사거리->성균관대입구,11435.0,37.5831,127.0009,16시,984.0
0,20170908.0,금,창경궁로(서울여자대학교),A-06,유출,원남동사거리->성균관대입구,11435.0,37.5831,127.0009,17시,976.0
0,20170908.0,금,창경궁로(서울여자대학교),A-06,유출,원남동사거리->성균관대입구,11435.0,37.5831,127.0009,18시,1004.0
0,20170908.0,금,창경궁로(서울여자대학교),A-06,유출,원남동사거리->성균관대입구,11435.0,37.5831,127.0009,19시,1073.0
0,20170908.0,금,창경궁로(서울여자대학교),A-06,유출,원남동사거리->성균관대입구,11435.0,37.5831,127.0009,20시,978.0
0,20170909.0,토,창경궁로(서울여자대학교),A-06,유출,원남동사거리->성균관대입구,11362.0,37.5831,127.0009,8시,664.0
0,20170909.0,토,창경궁로(서울여자대학교),A-06,유출,원남동사거리->성균관대입구,11362.0,37.5831,127.0009,9시,703.0
0,20170909.0,토,창경궁로(서울여자대학교),A-06,유출,원남동사거리->성균관대입구,11362.0,37.5831,127.0009,10시,738.0
0,20170909.0,토,창경궁로(서울여자대학교),A-06,유출,원남동사거리->성균관대입구,11362.0,37.5831,127.0009,11시,782.0
0,20170909.0,토,창경궁로(서울여자대학교),A-06,유출,원남동사거리->성균관대입구,11362.0,37.5831,127.0009,12시,806.0
0,20170909.0,토,창경궁로(서울여자대학교),A-06,유출,원남동사거리->성균관대입구,11362.0,37.5831,127.0009,13시,883.0
0,20170909.0,토,창경궁로(서울여자대학교),A-06,유출,원남동사거리->성균관대입구,11362.0,37.5831,127.0009,14시,848.0
0,20170909.0,토,창경궁로(서울여자대학교),A-06,유출,원남동사거리->성균관대입구,11362.0,37.5831,127.0009,15시,878.0
0,20170909.0,토,창경궁로(서울여자대학교),A-06,유출,원남동사거리->성균관대입구,11362.0,37.5831,127.0009,16시,956.0
0,20170909.0,토,창경궁로(서울여자대학교),A-06,유출,원남동사거리->성균관대입구,11362.0,37.5831,127.0009,17시,1041.0
0,20170909.0,토,창경궁로(서울여자대학교),A-06,유출,원남동사거리->성균관대입구,11362.0,37.5831,127.0009,18시,1105.0
0,20170909.0,토,창경궁로(서울여자대학교),A-06,유출,원남동사거리->성균관대입구,11362.0,37.5831,127.0009,19시,1033.0
0,20170909.0,토,창경궁로(서울여자대학교),A-06,유출,원남동사거리->성균관대입구,11362.0,37.5831,127.0009,20시,925.0
0,20170910.0,일,창경궁로(서울여자대학교),A-06,유출,원남동사거리->성균관대입구,10287.0,37.5831,127.0009,8시,403.0
0,20170910.0,일,창경궁로(서울여자대학교),A-06,유출,원남동사거리->성균관대입구,10287.0,37.5831,127.0009,9시,536.0
0,20170910.0,일,창경궁로(서울여자대학교),A-06,유출,원남동사거리->성균관대입구,10287.0,37.5831,127.0009,10시,603.0
0,20170910.0,일,창경궁로(서울여자대학교),A-06,유출,원남동사거리->성균관대입구,10287.0,37.5831,127.0009,11시,640.0
0,20170910.0,일,창경궁로(서울여자대학교),A-06,유출,원남동사거리->성균관대입구,10287.0,37.5831,127.0009,12시,737.0
0,20170910.0,일,창경궁로(서울여자대학교),A-06,유출,원남동사거리->성균관대입구,10287.0,37.5831,127.0009,13시,807.0
0,20170910.0,일,창경궁로(서울여자대학교),A-06,유출,원남동사거리->성균관대입구,10287.0,37.5831,127.0009,14시,944.0
0,20170910.0,일,창경궁로(서울여자대학교),A-06,유출,원남동사거리->성균관대입구,10287.0,37.5831,127.0009,15시,941.0
0,20170910.0,일,창경궁로(서울여자대학교),A-06,유출,원남동사거리->성균관대입구,10287.0,37.5831,127.0009,16시,1012.0
0,20170910.0,일,창경궁로(서울여자대학교),A-06,유출,원남동사거리->성균관대입구,10287.0,37.5831,127.0009,17시,1026.0
0,20170910.0,일,창경궁로(서울여자대학교),A-06,유출,원남동사거리->성균관대입구,10287.0,37.5831,127.0009,18시,972.0
0,20170910.0,일,창경궁로(서울여자대학교),A-06,유출,원남동사거리->성균관대입구,10287.0,37.5831,127.0009,19시,861.0
0,20170910.0,일,창경궁로(서울여자대학교),A-06,유출,원남동사거리->성균관대입구,10287.0,37.5831,127.0009,20시,805.0
0,20170911.0,월,창경궁로(서울여자대학교),A-06,유출,원남동사거리->성균관대입구,11422.0,37.5831,127.0009,8시,608.0
0,20170911.0,월,창경궁로(서울여자대학교),A-06,유출,원남동사거리->성균관대입구,11422.0,37.5831,127.0009,9시,609.0
0,20170911.0,월,창경궁로(서울여자대학교),A-06,유출,원남동사거리->성균관대입구,11422.0,37.5831,127.0009,10시,696.0
0,20170911.0,월,창경궁로(서울여자대학교),A-06,유출,원남동사거리->성균관대입구,11422.0,37.5831,127.0009,11시,818.0
0,20170911.0,월,창경궁로(서울여자대학교),A-06,유출,원남동사거리->성균관대입구,11422.0,37.5831,127.0009,12시,863.0
0,20170911.0,월,창경궁로(서울여자대학교),A-06,유출,원남동사거리->성균관대입구,11422.0,37.5831,127.0009,13시,833.0
0,20170911.0,월,창경궁로(서울여자대학교),A-06,유출,원남동사거리->성균관대입구,11422.0,37.5831,127.0009,14시,908.0
0,20170911.0,월,창경궁로(서울여자대학교),A-06,유출,원남동사거리->성균관대입구,11422.0,37.5831,127.0009,15시,960.0
0,20170911.0,월,창경궁로(서울여자대학교),A-06,유출,원남동사거리->성균관대입구,11422.0,37.5831,127.0009,16시,972.0
0,20170911.0,월,창경궁로(서울여자대학교),A-06,유출,원남동사거리->성균관대입구,11422.0,37.5831,127.0009,17시,1051.0
0,20170911.0,월,창경궁로(서울여자대학교),A-06,유출,원남동사거리->성균관대입구,11422.0,37.5831,127.0009,18시,1081.0
0,20170911.0,월,창경궁로(서울여자대학교),A-06,유출,원남동사거리->성균관대입구,11422.0,37.5831,127.0009,19시,1002.0
0,20170911.0,월,창경궁로(서울여자대학교),A-06,유출,원남동사거리->성균관대입구,11422.0,37.5831,127.0009,20시,1021.0
0,20170912.0,화,창경궁로(서울여자대학교),A-06,유출,원남동사거리->성균관대입구,11467.0,37.5831,127.0009,8시,643.0
0,20170912.0,화,창경궁로(서울여자대학교),A-06,유출,원남동사거리->성균관대입구,11467.0,37.5831,127.0009,9시,705.0
0,20170912.0,화,창경궁로(서울여자대학교),A-06,유출,원남동사거리->성균관대입구,11467.0,37.5831,127.0009,10시,773.0
0,20170912.0,화,창경궁로(서울여자대학교),A-06,유출,원남동사거리->성균관대입구,11467.0,37.5831,127.0009,11시,817.0
0,20170912.0,화,창경궁로(서울여자대학교),A-06,유출,원남동사거리->성균관대입구,11467.0,37.5831,127.0009,12시,832.0
0,20170912.0,화,창경궁로(서울여자대학교),A-06,유출,원남동사거리->성균관대입구,11467.0,37.5831,127.0009,13시,799.0
0,20170912.0,화,창경궁로(서울여자대학교),A-06,유출,원남동사거리->성균관대입구,11467.0,37.5831,127.0009,14시,870.0
0,20170912.0,화,창경궁로(서울여자대학교),A-06,유출,원남동사거리->성균관대입구,11467.0,37.5831,127.0009,15시,927.0
0,20170912.0,화,창경궁로(서울여자대학교),A-06,유출,원남동사거리->성균관대입구,11467.0,37.5831,127.0009,16시,896.0
0,20170912.0,화,창경궁로(서울여자대학교),A-06,유출,원남동사거리->성균관대입구,11467.0,37.5831,127.0009,17시,1003.0
0,20170912.0,화,창경궁로(서울여자대학교),A-06,유출,원남동사거리->성균관대입구,11467.0,37.5831,127.0009,18시,1123.0
0,20170912.0,화,창경궁로(서울여자대학교),A-06,유출,원남동사거리->성균관대입구,11467.0,37.5831,127.0009,19시,1119.0
0,20170912.0,화,창경궁로(서울여자대학교),A-06,유출,원남동사거리->성균관대입구,11467.0,37.5831,127.0009,20시,960.0
0,20170913.0,수,창경궁로(서울여자대학교),A-06,유출,원남동사거리->성균관대입구,11766.0,37.5831,127.0009,8시,624.0
0,20170913.0,수,창경궁로(서울여자대학교),A-06,유출,원남동사거리->성균관대입구,11766.0,37.5831,127.0009,9시,699.0
0,20170913.0,수,창경궁로(서울여자대학교),A-06,유출,원남동사거리->성균관대입구,11766.0,37.5831,127.0009,10시,790.0
0,20170913.0,수,창경궁로(서울여자대학교),A-06,유출,원남동사거리->성균관대입구,11766.0,37.5831,127.0009,11시,872.0
0,20170913.0,수,창경궁로(서울여자대학교),A-06,유출,원남동사거리->성균관대입구,11766.0,37.5831,127.0009,12시,837.0
0,20170913.0,수,창경궁로(서울여자대학교),A-06,유출,원남동사거리->성균관대입구,11766.0,37.5831,127.0009,13시,861.0
0,20170913.0,수,창경궁로(서울여자대학교),A-06,유출,원남동사거리->성균관대입구,11766.0,37.5831,127.0009,14시,879.0
0,20170913.0,수,창경궁로(서울여자대학교),A-06,유출,원남동사거리->성균관대입구,11766.0,37.5831,127.0009,15시,947.0
0,20170913.0,수,창경궁로(서울여자대학교),A-06,유출,원남동사거리->성균관대입구,11766.0,37.5831,127.0009,16시,992.0
0,20170913.0,수,창경궁로(서울여자대학교),A-06,유출,원남동사거리->성균관대입구,11766.0,37.5831,127.0009,17시,1039.0
0,20170913.0,수,창경궁로(서울여자대학교),A-06,유출,원남동사거리->성균관대입구,11766.0,37.5831,127.0009,18시,1046.0
0,20170913.0,수,창경궁로(서울여자대학교),A-06,유출,원남동사거리->성균관대입구,11766.0,37.5831,127.0009,19시,1090.0
0,20170913.0,수,창경궁로(서울여자대학교),A-06,유출,원남동사거리->성균관대입구,11766.0,37.5831,127.0009,20시,1090.0
0,20170914.0,목,창경궁로(서울여자대학교),A-06,유출,원남동사거리->성균관대입구,11687.0,37.5831,127.0009,8시,651.0
0,20170914.0,목,창경궁로(서울여자대학교),A-06,유출,원남동사거리->성균관대입구,11687.0,37.5831,127.0009,9시,707.0
0,20170914.0,목,창경궁로(서울여자대학교),A-06,유출,원남동사거리->성균관대입구,11687.0,37.5831,127.0009,10시,796.0
0,20170914.0,목,창경궁로(서울여자대학교),A-06,유출,원남동사거리->성균관대입구,11687.0,37.5831,127.0009,11시,857.0
0,20170914.0,목,창경궁로(서울여자대학교),A-06,유출,원남동사거리->성균관대입구,11687.0,37.5831,127.0009,12시,803.0
0,20170914.0,목,창경궁로(서울여자대학교),A-06,유출,원남동사거리->성균관대입구,11687.0,37.5831,127.0009,13시,875.0
0,20170914.0,목,창경궁로(서울여자대학교),A-06,유출,원남동사거리->성균관대입구,11687.0,37.5831,127.0009,14시,904.0
0,20170914.0,목,창경궁로(서울여자대학교),A-06,유출,원남동사거리->성균관대입구,11687.0,37.5831,127.0009,15시,955.0
0,20170914.0,목,창경궁로(서울여자대학교),A-06,유출,원남동사거리->성균관대입구,11687.0,37.5831,127.0009,16시,1026.0
0,20170914.0,목,창경궁로(서울여자대학교),A-06,유출,원남동사거리->성균관대입구,11687.0,37.5831,127.0009,17시,1033.0
0,20170914.0,목,창경궁로(서울여자대학교),A-06,유출,원남동사거리->성균관대입구,11687.0,37.5831,127.0009,18시,1023.0
0,20170914.0,목,창경궁로(서울여자대학교),A-06,유출,원남동사거리->성균관대입구,11687.0,37.5831,127.0009,19시,1037.0
0,20170914.0,목,창경궁로(서울여자대학교),A-06,유출,원남동사거리->성균관대입구,11687.0,37.5831,127.0009,20시,1020.0
0,20170915.0,금,창경궁로(서울여자대학교),A-06,유출,원남동사거리->성균관대입구,11611.0,37.5831,127.0009,8시,630.0
0,20170915.0,금,창경궁로(서울여자대학교),A-06,유출,원남동사거리->성균관대입구,11611.0,37.5831,127.0009,9시,738.0
0,20170915.0,금,창경궁로(서울여자대학교),A-06,유출,원남동사거리->성균관대입구,11611.0,37.5831,127.0009,10시,738.0
0,20170915.0,금,창경궁로(서울여자대학교),A-06,유출,원남동사거리->성균관대입구,11611.0,37.5831,127.0009,11시,830.0
0,20170915.0,금,창경궁로(서울여자대학교),A-06,유출,원남동사거리->성균관대입구,11611.0,37.5831,127.0009,12시,811.0
0,20170915.0,금,창경궁로(서울여자대학교),A-06,유출,원남동사거리->성균관대입구,11611.0,37.5831,127.0009,13시,844.0
0,20170915.0,금,창경궁로(서울여자대학교),A-06,유출,원남동사거리->성균관대입구,11611.0,37.5831,127.0009,14시,940.0
0,20170915.0,금,창경궁로(서울여자대학교),A-06,유출,원남동사거리->성균관대입구,11611.0,37.5831,127.0009,15시,955.0
0,20170915.0,금,창경궁로(서울여자대학교),A-06,유출,원남동사거리->성균관대입구,11611.0,37.5831,127.0009,16시,1042.0
0,20170915.0,금,창경궁로(서울여자대학교),A-06,유출,원남동사거리->성균관대입구,11611.0,37.5831,127.0009,17시,967.0
0,20170915.0,금,창경궁로(서울여자대학교),A-06,유출,원남동사거리->성균관대입구,11611.0,37.5831,127.0009,18시,1023.0
0,20170915.0,금,창경궁로(서울여자대학교),A-06,유출,원남동사거리->성균관대입구,11611.0,37.5831,127.0009,19시,1099.0
0,20170915.0,금,창경궁로(서울여자대학교),A-06,유출,원남동사거리->성균관대입구,11611.0,37.5831,127.0009,20시,994.0
0,20170916.0,토,창경궁로(서울여자대학교),A-06,유출,원남동사거리->성균관대입구,11852.0,37.5831,127.0009,8시,655.0
0,20170916.0,토,창경궁로(서울여자대학교),A-06,유출,원남동사거리->성균관대입구,11852.0,37.5831,127.0009,9시,692.0
0,20170916.0,토,창경궁로(서울여자대학교),A-06,유출,원남동사거리->성균관대입구,11852.0,37.5831,127.0009,10시,711.0
0,20170916.0,토,창경궁로(서울여자대학교),A-06,유출,원남동사거리->성균관대입구,11852.0,37.5831,127.0009,11시,822.0
0,20170916.0,토,창경궁로(서울여자대학교),A-06,유출,원남동사거리->성균관대입구,11852.0,37.5831,127.0009,12시,840.0
0,20170916.0,토,창경궁로(서울여자대학교),A-06,유출,원남동사거리->성균관대입구,11852.0,37.5831,127.0009,13시,1094.0
0,20170916.0,토,창경궁로(서울여자대학교),A-06,유출,원남동사거리->성균관대입구,11852.0,37.5831,127.0009,14시,1194.0
0,20170916.0,토,창경궁로(서울여자대학교),A-06,유출,원남동사거리->성균관대입구,11852.0,37.5831,127.0009,15시,1095.0
0,20170916.0,토,창경궁로(서울여자대학교),A-06,유출,원남동사거리->성균관대입구,11852.0,37.5831,127.0009,16시,980.0
0,20170916.0,토,창경궁로(서울여자대학교),A-06,유출,원남동사거리->성균관대입구,11852.0,37.5831,127.0009,17시,931.0
0,20170916.0,토,창경궁로(서울여자대학교),A-06,유출,원남동사거리->성균관대입구,11852.0,37.5831,127.0009,18시,1006.0
0,20170916.0,토,창경궁로(서울여자대학교),A-06,유출,원남동사거리->성균관대입구,11852.0,37.5831,127.0009,19시,957.0
0,20170916.0,토,창경궁로(서울여자대학교),A-06,유출,원남동사거리->성균관대입구,11852.0,37.5831,127.0009,20시,875.0
0,20170917.0,일,창경궁로(서울여자대학교),A-06,유출,원남동사거리->성균관대입구,9906.0,37.5831,127.0009,8시,457.0
0,20170917.0,일,창경궁로(서울여자대학교),A-06,유출,원남동사거리->성균관대입구,9906.0,37.5831,127.0009,9시,576.0
0,20170917.0,일,창경궁로(서울여자대학교),A-06,유출,원남동사거리->성균관대입구,9906.0,37.5831,127.0009,10시,586.0
0,20170917.0,일,창경궁로(서울여자대학교),A-06,유출,원남동사거리->성균관대입구,9906.0,37.5831,127.0009,11시,651.0
0,20170917.0,일,창경궁로(서울여자대학교),A-06,유출,원남동사거리->성균관대입구,9906.0,37.5831,127.0009,12시,722.0
0,20170917.0,일,창경궁로(서울여자대학교),A-06,유출,원남동사거리->성균관대입구,9906.0,37.5831,127.0009,13시,748.0
0,20170917.0,일,창경궁로(서울여자대학교),A-06,유출,원남동사거리->성균관대입구,9906.0,37.5831,127.0009,14시,828.0
0,20170917.0,일,창경궁로(서울여자대학교),A-06,유출,원남동사거리->성균관대입구,9906.0,37.5831,127.0009,15시,806.0
0,20170917.0,일,창경궁로(서울여자대학교),A-06,유출,원남동사거리->성균관대입구,9906.0,37.5831,127.0009,16시,804.0
0,20170917.0,일,창경궁로(서울여자대학교),A-06,유출,원남동사거리->성균관대입구,9906.0,37.5831,127.0009,17시,1000.0
0,20170917.0,일,창경궁로(서울여자대학교),A-06,유출,원남동사거리->성균관대입구,9906.0,37.5831,127.0009,18시,909.0
0,20170917.0,일,창경궁로(서울여자대학교),A-06,유출,원남동사거리->성균관대입구,9906.0,37.5831,127.0009,19시,905.0
0,20170917.0,일,창경궁로(서울여자대학교),A-06,유출,원남동사거리->성균관대입구,9906.0,37.5831,127.0009,20시,914.0
0,20170918.0,월,창경궁로(서울여자대학교),A-06,유출,원남동사거리->성균관대입구,11622.0,37.5831,127.0009,8시,628.0
0,20170918.0,월,창경궁로(서울여자대학교),A-06,유출,원남동사거리->성균관대입구,11622.0,37.5831,127.0009,9시,706.0
0,20170918.0,월,창경궁로(서울여자대학교),A-06,유출,원남동사거리->성균관대입구,11622.0,37.5831,127.0009,10시,770.0
0,20170918.0,월,창경궁로(서울여자대학교),A-06,유출,원남동사거리->성균관대입구,11622.0,37.5831,127.0009,11시,828.0
0,20170918.0,월,창경궁로(서울여자대학교),A-06,유출,원남동사거리->성균관대입구,11622.0,37.5831,127.0009,12시,832.0
0,20170918.0,월,창경궁로(서울여자대학교),A-06,유출,원남동사거리->성균관대입구,11622.0,37.5831,127.0009,13시,849.0
0,20170918.0,월,창경궁로(서울여자대학교),A-06,유출,원남동사거리->성균관대입구,11622.0,37.5831,127.0009,14시,836.0
0,20170918.0,월,창경궁로(서울여자대학교),A-06,유출,원남동사거리->성균관대입구,11622.0,37.5831,127.0009,15시,963.0
0,20170918.0,월,창경궁로(서울여자대학교),A-06,유출,원남동사거리->성균관대입구,11622.0,37.5831,127.0009,16시,993.0
0,20170918.0,월,창경궁로(서울여자대학교),A-06,유출,원남동사거리->성균관대입구,11622.0,37.5831,127.0009,17시,1064.0
0,20170918.0,월,창경궁로(서울여자대학교),A-06,유출,원남동사거리->성균관대입구,11622.0,37.5831,127.0009,18시,1082.0
0,20170918.0,월,창경궁로(서울여자대학교),A-06,유출,원남동사거리->성균관대입구,11622.0,37.5831,127.0009,19시,1036.0
0,20170918.0,월,창경궁로(서울여자대학교),A-06,유출,원남동사거리->성균관대입구,11622.0,37.5831,127.0009,20시,1035.0
0,20170919.0,화,창경궁로(서울여자대학교),A-06,유출,원남동사거리->성균관대입구,11792.0,37.5831,127.0009,8시,651.0
0,20170919.0,화,창경궁로(서울여자대학교),A-06,유출,원남동사거리->성균관대입구,11792.0,37.5831,127.0009,9시,683.0
0,20170919.0,화,창경궁로(서울여자대학교),A-06,유출,원남동사거리->성균관대입구,11792.0,37.5831,127.0009,10시,755.0
0,20170919.0,화,창경궁로(서울여자대학교),A-06,유출,원남동사거리->성균관대입구,11792.0,37.5831,127.0009,11시,845.0
0,20170919.0,화,창경궁로(서울여자대학교),A-06,유출,원남동사거리->성균관대입구,11792.0,37.5831,127.0009,12시,871.0
0,20170919.0,화,창경궁로(서울여자대학교),A-06,유출,원남동사거리->성균관대입구,11792.0,37.5831,127.0009,13시,819.0
0,20170919.0,화,창경궁로(서울여자대학교),A-06,유출,원남동사거리->성균관대입구,11792.0,37.5831,127.0009,14시,894.0
0,20170919.0,화,창경궁로(서울여자대학교),A-06,유출,원남동사거리->성균관대입구,11792.0,37.5831,127.0009,15시,958.0
0,20170919.0,화,창경궁로(서울여자대학교),A-06,유출,원남동사거리->성균관대입구,11792.0,37.5831,127.0009,16시,1018.0
0,20170919.0,화,창경궁로(서울여자대학교),A-06,유출,원남동사거리->성균관대입구,11792.0,37.5831,127.0009,17시,1043.0
0,20170919.0,화,창경궁로(서울여자대학교),A-06,유출,원남동사거리->성균관대입구,11792.0,37.5831,127.0009,18시,1079.0
0,20170919.0,화,창경궁로(서울여자대학교),A-06,유출,원남동사거리->성균관대입구,11792.0,37.5831,127.0009,19시,1109.0
0,20170919.0,화,창경궁로(서울여자대학교),A-06,유출,원남동사거리->성균관대입구,11792.0,37.5831,127.0009,20시,1067.0
0,20170920.0,수,창경궁로(서울여자대학교),A-06,유출,원남동사거리->성균관대입구,11380.0,37.5831,127.0009,8시,519.0
0,20170920.0,수,창경궁로(서울여자대학교),A-06,유출,원남동사거리->성균관대입구,11380.0,37.5831,127.0009,9시,509.0
0,20170920.0,수,창경궁로(서울여자대학교),A-06,유출,원남동사거리->성균관대입구,11380.0,37.5831,127.0009,10시,567.0
0,20170920.0,수,창경궁로(서울여자대학교),A-06,유출,원남동사거리->성균관대입구,11380.0,37.5831,127.0009,11시,807.0
0,20170920.0,수,창경궁로(서울여자대학교),A-06,유출,원남동사거리->성균관대입구,11380.0,37.5831,127.0009,12시,822.0
0,20170920.0,수,창경궁로(서울여자대학교),A-06,유출,원남동사거리->성균관대입구,11380.0,37.5831,127.0009,13시,879.0
0,20170920.0,수,창경궁로(서울여자대학교),A-06,유출,원남동사거리->성균관대입구,11380.0,37.5831,127.0009,14시,903.0
0,20170920.0,수,창경궁로(서울여자대학교),A-06,유출,원남동사거리->성균관대입구,11380.0,37.5831,127.0009,15시,948.0
0,20170920.0,수,창경궁로(서울여자대학교),A-06,유출,원남동사거리->성균관대입구,11380.0,37.5831,127.0009,16시,959.0
0,20170920.0,수,창경궁로(서울여자대학교),A-06,유출,원남동사거리->성균관대입구,11380.0,37.5831,127.0009,17시,1040.0
0,20170920.0,수,창경궁로(서울여자대학교),A-06,유출,원남동사거리->성균관대입구,11380.0,37.5831,127.0009,18시,1107.0
0,20170920.0,수,창경궁로(서울여자대학교),A-06,유출,원남동사거리->성균관대입구,11380.0,37.5831,127.0009,19시,1159.0
0,20170920.0,수,창경궁로(서울여자대학교),A-06,유출,원남동사거리->성균관대입구,11380.0,37.5831,127.0009,20시,1161.0
0,20170921.0,목,창경궁로(서울여자대학교),A-06,유출,원남동사거리->성균관대입구,12202.0,37.5831,127.0009,8시,665.0
0,20170921.0,목,창경궁로(서울여자대학교),A-06,유출,원남동사거리->성균관대입구,12202.0,37.5831,127.0009,9시,707.0
0,20170921.0,목,창경궁로(서울여자대학교),A-06,유출,원남동사거리->성균관대입구,12202.0,37.5831,127.0009,10시,784.0
0,20170921.0,목,창경궁로(서울여자대학교),A-06,유출,원남동사거리->성균관대입구,12202.0,37.5831,127.0009,11시,560.0
0,20170921.0,목,창경궁로(서울여자대학교),A-06,유출,원남동사거리->성균관대입구,12202.0,37.5831,127.0009,12시,1007.0
0,20170921.0,목,창경궁로(서울여자대학교),A-06,유출,원남동사거리->성균관대입구,12202.0,37.5831,127.0009,13시,952.0
0,20170921.0,목,창경궁로(서울여자대학교),A-06,유출,원남동사거리->성균관대입구,12202.0,37.5831,127.0009,14시,1129.0
0,20170921.0,목,창경궁로(서울여자대학교),A-06,유출,원남동사거리->성균관대입구,12202.0,37.5831,127.0009,15시,1388.0
0,20170921.0,목,창경궁로(서울여자대학교),A-06,유출,원남동사거리->성균관대입구,12202.0,37.5831,127.0009,16시,1089.0
0,20170921.0,목,창경궁로(서울여자대학교),A-06,유출,원남동사거리->성균관대입구,12202.0,37.5831,127.0009,17시,1007.0
0,20170921.0,목,창경궁로(서울여자대학교),A-06,유출,원남동사거리->성균관대입구,12202.0,37.5831,127.0009,18시,1052.0
0,20170921.0,목,창경궁로(서울여자대학교),A-06,유출,원남동사거리->성균관대입구,12202.0,37.5831,127.0009,19시,1035.0
0,20170921.0,목,창경궁로(서울여자대학교),A-06,유출,원남동사거리->성균관대입구,12202.0,37.5831,127.0009,20시,827.0
0,20170922.0,금,창경궁로(서울여자대학교),A-06,유출,원남동사거리->성균관대입구,11570.0,37.5831,127.0009,8시,633.0
0,20170922.0,금,창경궁로(서울여자대학교),A-06,유출,원남동사거리->성균관대입구,11570.0,37.5831,127.0009,9시,681.0
0,20170922.0,금,창경궁로(서울여자대학교),A-06,유출,원남동사거리->성균관대입구,11570.0,37.5831,127.0009,10시,704.0
0,20170922.0,금,창경궁로(서울여자대학교),A-06,유출,원남동사거리->성균관대입구,11570.0,37.5831,127.0009,11시,854.0
0,20170922.0,금,창경궁로(서울여자대학교),A-06,유출,원남동사거리->성균관대입구,11570.0,37.5831,127.0009,12시,787.0
0,20170922.0,금,창경궁로(서울여자대학교),A-06,유출,원남동사거리->성균관대입구,11570.0,37.5831,127.0009,13시,881.0
0,20170922.0,금,창경궁로(서울여자대학교),A-06,유출,원남동사거리->성균관대입구,11570.0,37.5831,127.0009,14시,893.0
0,20170922.0,금,창경궁로(서울여자대학교),A-06,유출,원남동사거리->성균관대입구,11570.0,37.5831,127.0009,15시,899.0
0,20170922.0,금,창경궁로(서울여자대학교),A-06,유출,원남동사거리->성균관대입구,11570.0,37.5831,127.0009,16시,1007.0
0,20170922.0,금,창경궁로(서울여자대학교),A-06,유출,원남동사거리->성균관대입구,11570.0,37.5831,127.0009,17시,961.0
0,20170922.0,금,창경궁로(서울여자대학교),A-06,유출,원남동사거리->성균관대입구,11570.0,37.5831,127.0009,18시,1097.0
0,20170922.0,금,창경궁로(서울여자대학교),A-06,유출,원남동사거리->성균관대입구,11570.0,37.5831,127.0009,19시,1116.0
0,20170922.0,금,창경궁로(서울여자대학교),A-06,유출,원남동사거리->성균관대입구,11570.0,37.5831,127.0009,20시,1057.0
0,20170923.0,토,창경궁로(서울여자대학교),A-06,유출,원남동사거리->성균관대입구,14107.0,37.5831,127.0009,8시,450.0
0,20170923.0,토,창경궁로(서울여자대학교),A-06,유출,원남동사거리->성균관대입구,14107.0,37.5831,127.0009,9시,918.0
0,20170923.0,토,창경궁로(서울여자대학교),A-06,유출,원남동사거리->성균관대입구,14107.0,37.5831,127.0009,10시,1022.0
0,20170923.0,토,창경궁로(서울여자대학교),A-06,유출,원남동사거리->성균관대입구,14107.0,37.5831,127.0009,11시,1062.0
0,20170923.0,토,창경궁로(서울여자대학교),A-06,유출,원남동사거리->성균관대입구,14107.0,37.5831,127.0009,12시,1132.0
0,20170923.0,토,창경궁로(서울여자대학교),A-06,유출,원남동사거리->성균관대입구,14107.0,37.5831,127.0009,13시,1276.0
0,20170923.0,토,창경궁로(서울여자대학교),A-06,유출,원남동사거리->성균관대입구,14107.0,37.5831,127.0009,14시,1219.0
0,20170923.0,토,창경궁로(서울여자대학교),A-06,유출,원남동사거리->성균관대입구,14107.0,37.5831,127.0009,15시,1238.0
0,20170923.0,토,창경궁로(서울여자대학교),A-06,유출,원남동사거리->성균관대입구,14107.0,37.5831,127.0009,16시,1050.0
0,20170923.0,토,창경궁로(서울여자대학교),A-06,유출,원남동사거리->성균관대입구,14107.0,37.5831,127.0009,17시,1146.0
0,20170923.0,토,창경궁로(서울여자대학교),A-06,유출,원남동사거리->성균관대입구,14107.0,37.5831,127.0009,18시,1201.0
0,20170923.0,토,창경궁로(서울여자대학교),A-06,유출,원남동사거리->성균관대입구,14107.0,37.5831,127.0009,19시,1274.0
0,20170923.0,토,창경궁로(서울여자대학교),A-06,유출,원남동사거리->성균관대입구,14107.0,37.5831,127.0009,20시,1119.0
0,20170924.0,일,창경궁로(서울여자대학교),A-06,유출,원남동사거리->성균관대입구,10124.0,37.5831,127.0009,8시,455.0
0,20170924.0,일,창경궁로(서울여자대학교),A-06,유출,원남동사거리->성균관대입구,10124.0,37.5831,127.0009,9시,562.0
0,20170924.0,일,창경궁로(서울여자대학교),A-06,유출,원남동사거리->성균관대입구,10124.0,37.5831,127.0009,10시,676.0
0,20170924.0,일,창경궁로(서울여자대학교),A-06,유출,원남동사거리->성균관대입구,10124.0,37.5831,127.0009,11시,628.0
0,20170924.0,일,창경궁로(서울여자대학교),A-06,유출,원남동사거리->성균관대입구,10124.0,37.5831,127.0009,12시,713.0
0,20170924.0,일,창경궁로(서울여자대학교),A-06,유출,원남동사거리->성균관대입구,10124.0,37.5831,127.0009,13시,820.0
0,20170924.0,일,창경궁로(서울여자대학교),A-06,유출,원남동사거리->성균관대입구,10124.0,37.5831,127.0009,14시,805.0
0,20170924.0,일,창경궁로(서울여자대학교),A-06,유출,원남동사거리->성균관대입구,10124.0,37.5831,127.0009,15시,813.0
0,20170924.0,일,창경궁로(서울여자대학교),A-06,유출,원남동사거리->성균관대입구,10124.0,37.5831,127.0009,16시,877.0
0,20170924.0,일,창경궁로(서울여자대학교),A-06,유출,원남동사거리->성균관대입구,10124.0,37.5831,127.0009,17시,1023.0
0,20170924.0,일,창경궁로(서울여자대학교),A-06,유출,원남동사거리->성균관대입구,10124.0,37.5831,127.0009,18시,1020.0
0,20170924.0,일,창경궁로(서울여자대학교),A-06,유출,원남동사거리->성균관대입구,10124.0,37.5831,127.0009,19시,755.0
0,20170924.0,일,창경궁로(서울여자대학교),A-06,유출,원남동사거리->성균관대입구,10124.0,37.5831,127.0009,20시,977.0
0,20170925.0,월,창경궁로(서울여자대학교),A-06,유출,원남동사거리->성균관대입구,10840.0,37.5831,127.0009,8시,421.0
0,20170925.0,월,창경궁로(서울여자대학교),A-06,유출,원남동사거리->성균관대입구,10840.0,37.5831,127.0009,9시,544.0
0,20170925.0,월,창경궁로(서울여자대학교),A-06,유출,원남동사거리->성균관대입구,10840.0,37.5831,127.0009,10시,480.0
0,20170925.0,월,창경궁로(서울여자대학교),A-06,유출,원남동사거리->성균관대입구,10840.0,37.5831,127.0009,11시,807.0
0,20170925.0,월,창경궁로(서울여자대학교),A-06,유출,원남동사거리->성균관대입구,10840.0,37.5831,127.0009,12시,851.0
0,20170925.0,월,창경궁로(서울여자대학교),A-06,유출,원남동사거리->성균관대입구,10840.0,37.5831,127.0009,13시,825.0
0,20170925.0,월,창경궁로(서울여자대학교),A-06,유출,원남동사거리->성균관대입구,10840.0,37.5831,127.0009,14시,895.0
0,20170925.0,월,창경궁로(서울여자대학교),A-06,유출,원남동사거리->성균관대입구,10840.0,37.5831,127.0009,15시,961.0
0,20170925.0,월,창경궁로(서울여자대학교),A-06,유출,원남동사거리->성균관대입구,10840.0,37.5831,127.0009,16시,981.0
0,20170925.0,월,창경궁로(서울여자대학교),A-06,유출,원남동사거리->성균관대입구,10840.0,37.5831,127.0009,17시,1003.0
0,20170925.0,월,창경궁로(서울여자대학교),A-06,유출,원남동사거리->성균관대입구,10840.0,37.5831,127.0009,18시,1011.0
0,20170925.0,월,창경궁로(서울여자대학교),A-06,유출,원남동사거리->성균관대입구,10840.0,37.5831,127.0009,19시,1071.0
0,20170925.0,월,창경궁로(서울여자대학교),A-06,유출,원남동사거리->성균관대입구,10840.0,37.5831,127.0009,20시,990.0
0,20170926.0,화,창경궁로(서울여자대학교),A-06,유출,원남동사거리->성균관대입구,11891.0,37.5831,127.0009,8시,631.0
0,20170926.0,화,창경궁로(서울여자대학교),A-06,유출,원남동사거리->성균관대입구,11891.0,37.5831,127.0009,9시,737.0
0,20170926.0,화,창경궁로(서울여자대학교),A-06,유출,원남동사거리->성균관대입구,11891.0,37.5831,127.0009,10시,765.0
0,20170926.0,화,창경궁로(서울여자대학교),A-06,유출,원남동사거리->성균관대입구,11891.0,37.5831,127.0009,11시,877.0
0,20170926.0,화,창경궁로(서울여자대학교),A-06,유출,원남동사거리->성균관대입구,11891.0,37.5831,127.0009,12시,880.0
0,20170926.0,화,창경궁로(서울여자대학교),A-06,유출,원남동사거리->성균관대입구,11891.0,37.5831,127.0009,13시,857.0
0,20170926.0,화,창경궁로(서울여자대학교),A-06,유출,원남동사거리->성균관대입구,11891.0,37.5831,127.0009,14시,886.0
0,20170926.0,화,창경궁로(서울여자대학교),A-06,유출,원남동사거리->성균관대입구,11891.0,37.5831,127.0009,15시,1009.0
0,20170926.0,화,창경궁로(서울여자대학교),A-06,유출,원남동사거리->성균관대입구,11891.0,37.5831,127.0009,16시,1075.0
0,20170926.0,화,창경궁로(서울여자대학교),A-06,유출,원남동사거리->성균관대입구,11891.0,37.5831,127.0009,17시,1026.0
0,20170926.0,화,창경궁로(서울여자대학교),A-06,유출,원남동사거리->성균관대입구,11891.0,37.5831,127.0009,18시,984.0
0,20170926.0,화,창경궁로(서울여자대학교),A-06,유출,원남동사거리->성균관대입구,11891.0,37.5831,127.0009,19시,1121.0
0,20170926.0,화,창경궁로(서울여자대학교),A-06,유출,원남동사거리->성균관대입구,11891.0,37.5831,127.0009,20시,1043.0
0,20170927.0,수,창경궁로(서울여자대학교),A-06,유출,원남동사거리->성균관대입구,11712.0,37.5831,127.0009,8시,648.0
0,20170927.0,수,창경궁로(서울여자대학교),A-06,유출,원남동사거리->성균관대입구,11712.0,37.5831,127.0009,9시,726.0
0,20170927.0,수,창경궁로(서울여자대학교),A-06,유출,원남동사거리->성균관대입구,11712.0,37.5831,127.0009,10시,725.0
0,20170927.0,수,창경궁로(서울여자대학교),A-06,유출,원남동사거리->성균관대입구,11712.0,37.5831,127.0009,11시,859.0
0,20170927.0,수,창경궁로(서울여자대학교),A-06,유출,원남동사거리->성균관대입구,11712.0,37.5831,127.0009,12시,868.0
0,20170927.0,수,창경궁로(서울여자대학교),A-06,유출,원남동사거리->성균관대입구,11712.0,37.5831,127.0009,13시,859.0
0,20170927.0,수,창경궁로(서울여자대학교),A-06,유출,원남동사거리->성균관대입구,11712.0,37.5831,127.0009,14시,911.0
0,20170927.0,수,창경궁로(서울여자대학교),A-06,유출,원남동사거리->성균관대입구,11712.0,37.5831,127.0009,15시,988.0
0,20170927.0,수,창경궁로(서울여자대학교),A-06,유출,원남동사거리->성균관대입구,11712.0,37.5831,127.0009,16시,967.0
0,20170927.0,수,창경궁로(서울여자대학교),A-06,유출,원남동사거리->성균관대입구,11712.0,37.5831,127.0009,17시,1050.0
0,20170927.0,수,창경궁로(서울여자대학교),A-06,유출,원남동사거리->성균관대입구,11712.0,37.5831,127.0009,18시,1016.0
0,20170927.0,수,창경궁로(서울여자대학교),A-06,유출,원남동사거리->성균관대입구,11712.0,37.5831,127.0009,19시,1083.0
0,20170927.0,수,창경궁로(서울여자대학교),A-06,유출,원남동사거리->성균관대입구,11712.0,37.5831,127.0009,20시,1012.0
0,20170928.0,목,창경궁로(서울여자대학교),A-06,유출,원남동사거리->성균관대입구,11449.0,37.5831,127.0009,8시,625.0
0,20170928.0,목,창경궁로(서울여자대학교),A-06,유출,원남동사거리->성균관대입구,11449.0,37.5831,127.0009,9시,702.0
0,20170928.0,목,창경궁로(서울여자대학교),A-06,유출,원남동사거리->성균관대입구,11449.0,37.5831,127.0009,10시,761.0
0,20170928.0,목,창경궁로(서울여자대학교),A-06,유출,원남동사거리->성균관대입구,11449.0,37.5831,127.0009,11시,795.0
0,20170928.0,목,창경궁로(서울여자대학교),A-06,유출,원남동사거리->성균관대입구,11449.0,37.5831,127.0009,12시,838.0
0,20170928.0,목,창경궁로(서울여자대학교),A-06,유출,원남동사거리->성균관대입구,11449.0,37.5831,127.0009,13시,829.0
0,20170928.0,목,창경궁로(서울여자대학교),A-06,유출,원남동사거리->성균관대입구,11449.0,37.5831,127.0009,14시,876.0
0,20170928.0,목,창경궁로(서울여자대학교),A-06,유출,원남동사거리->성균관대입구,11449.0,37.5831,127.0009,15시,895.0
0,20170928.0,목,창경궁로(서울여자대학교),A-06,유출,원남동사거리->성균관대입구,11449.0,37.5831,127.0009,16시,974.0
0,20170928.0,목,창경궁로(서울여자대학교),A-06,유출,원남동사거리->성균관대입구,11449.0,37.5831,127.0009,17시,1013.0
0,20170928.0,목,창경궁로(서울여자대학교),A-06,유출,원남동사거리->성균관대입구,11449.0,37.5831,127.0009,18시,1087.0
0,20170928.0,목,창경궁로(서울여자대학교),A-06,유출,원남동사거리->성균관대입구,11449.0,37.5831,127.0009,19시,1070.0
0,20170928.0,목,창경궁로(서울여자대학교),A-06,유출,원남동사거리->성균관대입구,11449.0,37.5831,127.0009,20시,984.0
0,20170929.0,금,창경궁로(서울여자대학교),A-06,유출,원남동사거리->성균관대입구,11747.0,37.5831,127.0009,8시,627.0
0,20170929.0,금,창경궁로(서울여자대학교),A-06,유출,원남동사거리->성균관대입구,11747.0,37.5831,127.0009,9시,690.0
0,20170929.0,금,창경궁로(서울여자대학교),A-06,유출,원남동사거리->성균관대입구,11747.0,37.5831,127.0009,10시,776.0
0,20170929.0,금,창경궁로(서울여자대학교),A-06,유출,원남동사거리->성균관대입구,11747.0,37.5831,127.0009,11시,860.0
0,20170929.0,금,창경궁로(서울여자대학교),A-06,유출,원남동사거리->성균관대입구,11747.0,37.5831,127.0009,12시,911.0
0,20170929.0,금,창경궁로(서울여자대학교),A-06,유출,원남동사거리->성균관대입구,11747.0,37.5831,127.0009,13시,883.0
0,20170929.0,금,창경궁로(서울여자대학교),A-06,유출,원남동사거리->성균관대입구,11747.0,37.5831,127.0009,14시,1002.0
0,20170929.0,금,창경궁로(서울여자대학교),A-06,유출,원남동사거리->성균관대입구,11747.0,37.5831,127.0009,15시,963.0
0,20170929.0,금,창경궁로(서울여자대학교),A-06,유출,원남동사거리->성균관대입구,11747.0,37.5831,127.0009,16시,995.0
0,20170929.0,금,창경궁로(서울여자대학교),A-06,유출,원남동사거리->성균관대입구,11747.0,37.5831,127.0009,17시,1036.0
0,20170929.0,금,창경궁로(서울여자대학교),A-06,유출,원남동사거리->성균관대입구,11747.0,37.5831,127.0009,18시,1012.0
0,20170929.0,금,창경궁로(서울여자대학교),A-06,유출,원남동사거리->성균관대입구,11747.0,37.5831,127.0009,19시,1030.0
0,20170929.0,금,창경궁로(서울여자대학교),A-06,유출,원남동사거리->성균관대입구,11747.0,37.5831,127.0009,20시,962.0
0,20170930.0,토,창경궁로(서울여자대학교),A-06,유출,원남동사거리->성균관대입구,12103.0,37.5831,127.0009,8시,650.0
0,20170930.0,토,창경궁로(서울여자대학교),A-06,유출,원남동사거리->성균관대입구,12103.0,37.5831,127.0009,9시,676.0
0,20170930.0,토,창경궁로(서울여자대학교),A-06,유출,원남동사거리->성균관대입구,12103.0,37.5831,127.0009,10시,742.0
0,20170930.0,토,창경궁로(서울여자대학교),A-06,유출,원남동사거리->성균관대입구,12103.0,37.5831,127.0009,11시,793.0
0,20170930.0,토,창경궁로(서울여자대학교),A-06,유출,원남동사거리->성균관대입구,12103.0,37.5831,127.0009,12시,965.0
0,20170930.0,토,창경궁로(서울여자대학교),A-06,유출,원남동사거리->성균관대입구,12103.0,37.5831,127.0009,13시,1196.0
0,20170930.0,토,창경궁로(서울여자대학교),A-06,유출,원남동사거리->성균관대입구,12103.0,37.5831,127.0009,14시,1197.0
0,20170930.0,토,창경궁로(서울여자대학교),A-06,유출,원남동사거리->성균관대입구,12103.0,37.5831,127.0009,15시,1312.0
0,20170930.0,토,창경궁로(서울여자대학교),A-06,유출,원남동사거리->성균관대입구,12103.0,37.5831,127.0009,16시,1073.0
0,20170930.0,토,창경궁로(서울여자대학교),A-06,유출,원남동사거리->성균관대입구,12103.0,37.5831,127.0009,17시,924.0
0,20170930.0,토,창경궁로(서울여자대학교),A-06,유출,원남동사거리->성균관대입구,12103.0,37.5831,127.0009,18시,914.0
0,20170930.0,토,창경궁로(서울여자대학교),A-06,유출,원남동사거리->성균관대입구,12103.0,37.5831,127.0009,19시,791.0
0,20170930.0,토,창경궁로(서울여자대학교),A-06,유출,원남동사거리->성균관대입구,12103.0,37.5831,127.0009,20시,870.0
0,20171001.0,일,창경궁로(서울여자대학교),A-06,유입,성균관대입구->원남동사거리,15318.0,37.5831,127.0009,8시,1096.0
0,20171001.0,일,창경궁로(서울여자대학교),A-06,유입,성균관대입구->원남동사거리,15318.0,37.5831,127.0009,9시,1220.0
0,20171001.0,일,창경궁로(서울여자대학교),A-06,유입,성균관대입구->원남동사거리,15318.0,37.5831,127.0009,10시,1334.0
0,20171001.0,일,창경궁로(서울여자대학교),A-06,유입,성균관대입구->원남동사거리,15318.0,37.5831,127.0009,11시,1302.0
0,20171001.0,일,창경궁로(서울여자대학교),A-06,유입,성균관대입구->원남동사거리,15318.0,37.5831,127.0009,12시,1331.0
0,20171001.0,일,창경궁로(서울여자대학교),A-06,유입,성균관대입구->원남동사거리,15318.0,37.5831,127.0009,13시,1288.0
0,20171001.0,일,창경궁로(서울여자대학교),A-06,유입,성균관대입구->원남동사거리,15318.0,37.5831,127.0009,14시,1292.0
0,20171001.0,일,창경궁로(서울여자대학교),A-06,유입,성균관대입구->원남동사거리,15318.0,37.5831,127.0009,15시,1222.0
0,20171001.0,일,창경궁로(서울여자대학교),A-06,유입,성균관대입구->원남동사거리,15318.0,37.5831,127.0009,16시,1219.0
0,20171001.0,일,창경궁로(서울여자대학교),A-06,유입,성균관대입구->원남동사거리,15318.0,37.5831,127.0009,17시,1161.0
0,20171001.0,일,창경궁로(서울여자대학교),A-06,유입,성균관대입구->원남동사거리,15318.0,37.5831,127.0009,18시,995.0
0,20171001.0,일,창경궁로(서울여자대학교),A-06,유입,성균관대입구->원남동사거리,15318.0,37.5831,127.0009,19시,939.0
0,20171001.0,일,창경궁로(서울여자대학교),A-06,유입,성균관대입구->원남동사거리,15318.0,37.5831,127.0009,20시,919.0
0,20171002.0,월,창경궁로(서울여자대학교),A-06,유입,성균관대입구->원남동사거리,16871.0,37.5831,127.0009,8시,1344.0
0,20171002.0,월,창경궁로(서울여자대학교),A-06,유입,성균관대입구->원남동사거리,16871.0,37.5831,127.0009,9시,1390.0
0,20171002.0,월,창경궁로(서울여자대학교),A-06,유입,성균관대입구->원남동사거리,16871.0,37.5831,127.0009,10시,1471.0
0,20171002.0,월,창경궁로(서울여자대학교),A-06,유입,성균관대입구->원남동사거리,16871.0,37.5831,127.0009,11시,1467.0
0,20171002.0,월,창경궁로(서울여자대학교),A-06,유입,성균관대입구->원남동사거리,16871.0,37.5831,127.0009,12시,1473.0
0,20171002.0,월,창경궁로(서울여자대학교),A-06,유입,성균관대입구->원남동사거리,16871.0,37.5831,127.0009,13시,1468.0
0,20171002.0,월,창경궁로(서울여자대학교),A-06,유입,성균관대입구->원남동사거리,16871.0,37.5831,127.0009,14시,1399.0
0,20171002.0,월,창경궁로(서울여자대학교),A-06,유입,성균관대입구->원남동사거리,16871.0,37.5831,127.0009,15시,1226.0
0,20171002.0,월,창경궁로(서울여자대학교),A-06,유입,성균관대입구->원남동사거리,16871.0,37.5831,127.0009,16시,1219.0
0,20171002.0,월,창경궁로(서울여자대학교),A-06,유입,성균관대입구->원남동사거리,16871.0,37.5831,127.0009,17시,1251.0
0,20171002.0,월,창경궁로(서울여자대학교),A-06,유입,성균관대입구->원남동사거리,16871.0,37.5831,127.0009,18시,1123.0
0,20171002.0,월,창경궁로(서울여자대학교),A-06,유입,성균관대입구->원남동사거리,16871.0,37.5831,127.0009,19시,1024.0
0,20171002.0,월,창경궁로(서울여자대학교),A-06,유입,성균관대입구->원남동사거리,16871.0,37.5831,127.0009,20시,1016.0
0,20171003.0,화,창경궁로(서울여자대학교),A-06,유입,성균관대입구->원남동사거리,14405.0,37.5831,127.0009,8시,830.0
0,20171003.0,화,창경궁로(서울여자대학교),A-06,유입,성균관대입구->원남동사거리,14405.0,37.5831,127.0009,9시,1033.0
0,20171003.0,화,창경궁로(서울여자대학교),A-06,유입,성균관대입구->원남동사거리,14405.0,37.5831,127.0009,10시,1219.0
0,20171003.0,화,창경궁로(서울여자대학교),A-06,유입,성균관대입구->원남동사거리,14405.0,37.5831,127.0009,11시,1261.0
0,20171003.0,화,창경궁로(서울여자대학교),A-06,유입,성균관대입구->원남동사거리,14405.0,37.5831,127.0009,12시,1317.0
0,20171003.0,화,창경궁로(서울여자대학교),A-06,유입,성균관대입구->원남동사거리,14405.0,37.5831,127.0009,13시,1275.0
0,20171003.0,화,창경궁로(서울여자대학교),A-06,유입,성균관대입구->원남동사거리,14405.0,37.5831,127.0009,14시,1197.0
0,20171003.0,화,창경궁로(서울여자대학교),A-06,유입,성균관대입구->원남동사거리,14405.0,37.5831,127.0009,15시,1240.0
0,20171003.0,화,창경궁로(서울여자대학교),A-06,유입,성균관대입구->원남동사거리,14405.0,37.5831,127.0009,16시,1102.0
0,20171003.0,화,창경궁로(서울여자대학교),A-06,유입,성균관대입구->원남동사거리,14405.0,37.5831,127.0009,17시,1095.0
0,20171003.0,화,창경궁로(서울여자대학교),A-06,유입,성균관대입구->원남동사거리,14405.0,37.5831,127.0009,18시,1054.0
0,20171003.0,화,창경궁로(서울여자대학교),A-06,유입,성균관대입구->원남동사거리,14405.0,37.5831,127.0009,19시,891.0
0,20171003.0,화,창경궁로(서울여자대학교),A-06,유입,성균관대입구->원남동사거리,14405.0,37.5831,127.0009,20시,891.0
0,20171004.0,수,창경궁로(서울여자대학교),A-06,유입,성균관대입구->원남동사거리,15531.0,37.5831,127.0009,8시,1102.0
0,20171004.0,수,창경궁로(서울여자대학교),A-06,유입,성균관대입구->원남동사거리,15531.0,37.5831,127.0009,9시,1026.0
0,20171004.0,수,창경궁로(서울여자대학교),A-06,유입,성균관대입구->원남동사거리,15531.0,37.5831,127.0009,10시,1468.0
0,20171004.0,수,창경궁로(서울여자대학교),A-06,유입,성균관대입구->원남동사거리,15531.0,37.5831,127.0009,11시,1613.0
0,20171004.0,수,창경궁로(서울여자대학교),A-06,유입,성균관대입구->원남동사거리,15531.0,37.5831,127.0009,12시,1543.0
0,20171004.0,수,창경궁로(서울여자대학교),A-06,유입,성균관대입구->원남동사거리,15531.0,37.5831,127.0009,13시,1307.0
0,20171004.0,수,창경궁로(서울여자대학교),A-06,유입,성균관대입구->원남동사거리,15531.0,37.5831,127.0009,14시,1138.0
0,20171004.0,수,창경궁로(서울여자대학교),A-06,유입,성균관대입구->원남동사거리,15531.0,37.5831,127.0009,15시,872.0
0,20171004.0,수,창경궁로(서울여자대학교),A-06,유입,성균관대입구->원남동사거리,15531.0,37.5831,127.0009,16시,965.0
0,20171004.0,수,창경궁로(서울여자대학교),A-06,유입,성균관대입구->원남동사거리,15531.0,37.5831,127.0009,17시,1282.0
0,20171004.0,수,창경궁로(서울여자대학교),A-06,유입,성균관대입구->원남동사거리,15531.0,37.5831,127.0009,18시,1044.0
0,20171004.0,수,창경궁로(서울여자대학교),A-06,유입,성균관대입구->원남동사거리,15531.0,37.5831,127.0009,19시,1074.0
0,20171004.0,수,창경궁로(서울여자대학교),A-06,유입,성균관대입구->원남동사거리,15531.0,37.5831,127.0009,20시,1097.0
0,20171005.0,목,창경궁로(서울여자대학교),A-06,유입,성균관대입구->원남동사거리,14794.0,37.5831,127.0009,8시,725.0
0,20171005.0,목,창경궁로(서울여자대학교),A-06,유입,성균관대입구->원남동사거리,14794.0,37.5831,127.0009,9시,935.0
0,20171005.0,목,창경궁로(서울여자대학교),A-06,유입,성균관대입구->원남동사거리,14794.0,37.5831,127.0009,10시,1176.0
0,20171005.0,목,창경궁로(서울여자대학교),A-06,유입,성균관대입구->원남동사거리,14794.0,37.5831,127.0009,11시,1402.0
0,20171005.0,목,창경궁로(서울여자대학교),A-06,유입,성균관대입구->원남동사거리,14794.0,37.5831,127.0009,12시,1470.0
0,20171005.0,목,창경궁로(서울여자대학교),A-06,유입,성균관대입구->원남동사거리,14794.0,37.5831,127.0009,13시,1333.0
0,20171005.0,목,창경궁로(서울여자대학교),A-06,유입,성균관대입구->원남동사거리,14794.0,37.5831,127.0009,14시,1281.0
0,20171005.0,목,창경궁로(서울여자대학교),A-06,유입,성균관대입구->원남동사거리,14794.0,37.5831,127.0009,15시,1272.0
0,20171005.0,목,창경궁로(서울여자대학교),A-06,유입,성균관대입구->원남동사거리,14794.0,37.5831,127.0009,16시,1167.0
0,20171005.0,목,창경궁로(서울여자대학교),A-06,유입,성균관대입구->원남동사거리,14794.0,37.5831,127.0009,17시,1183.0
0,20171005.0,목,창경궁로(서울여자대학교),A-06,유입,성균관대입구->원남동사거리,14794.0,37.5831,127.0009,18시,927.0
0,20171005.0,목,창경궁로(서울여자대학교),A-06,유입,성균관대입구->원남동사거리,14794.0,37.5831,127.0009,19시,939.0
0,20171005.0,목,창경궁로(서울여자대학교),A-06,유입,성균관대입구->원남동사거리,14794.0,37.5831,127.0009,20시,984.0
0,20171006.0,금,창경궁로(서울여자대학교),A-06,유입,성균관대입구->원남동사거리,15298.0,37.5831,127.0009,8시,954.0
0,20171006.0,금,창경궁로(서울여자대학교),A-06,유입,성균관대입구->원남동사거리,15298.0,37.5831,127.0009,9시,1012.0
0,20171006.0,금,창경궁로(서울여자대학교),A-06,유입,성균관대입구->원남동사거리,15298.0,37.5831,127.0009,10시,1179.0
0,20171006.0,금,창경궁로(서울여자대학교),A-06,유입,성균관대입구->원남동사거리,15298.0,37.5831,127.0009,11시,1400.0
0,20171006.0,금,창경궁로(서울여자대학교),A-06,유입,성균관대입구->원남동사거리,15298.0,37.5831,127.0009,12시,1406.0
0,20171006.0,금,창경궁로(서울여자대학교),A-06,유입,성균관대입구->원남동사거리,15298.0,37.5831,127.0009,13시,1397.0
0,20171006.0,금,창경궁로(서울여자대학교),A-06,유입,성균관대입구->원남동사거리,15298.0,37.5831,127.0009,14시,1232.0
0,20171006.0,금,창경궁로(서울여자대학교),A-06,유입,성균관대입구->원남동사거리,15298.0,37.5831,127.0009,15시,1256.0
0,20171006.0,금,창경궁로(서울여자대학교),A-06,유입,성균관대입구->원남동사거리,15298.0,37.5831,127.0009,16시,1241.0
0,20171006.0,금,창경궁로(서울여자대학교),A-06,유입,성균관대입구->원남동사거리,15298.0,37.5831,127.0009,17시,1160.0
0,20171006.0,금,창경궁로(서울여자대학교),A-06,유입,성균관대입구->원남동사거리,15298.0,37.5831,127.0009,18시,1118.0
0,20171006.0,금,창경궁로(서울여자대학교),A-06,유입,성균관대입구->원남동사거리,15298.0,37.5831,127.0009,19시,954.0
0,20171006.0,금,창경궁로(서울여자대학교),A-06,유입,성균관대입구->원남동사거리,15298.0,37.5831,127.0009,20시,989.0
0,20171007.0,토,창경궁로(서울여자대학교),A-06,유입,성균관대입구->원남동사거리,15577.0,37.5831,127.0009,8시,993.0
0,20171007.0,토,창경궁로(서울여자대학교),A-06,유입,성균관대입구->원남동사거리,15577.0,37.5831,127.0009,9시,1166.0
0,20171007.0,토,창경궁로(서울여자대학교),A-06,유입,성균관대입구->원남동사거리,15577.0,37.5831,127.0009,10시,1266.0
0,20171007.0,토,창경궁로(서울여자대학교),A-06,유입,성균관대입구->원남동사거리,15577.0,37.5831,127.0009,11시,1348.0
0,20171007.0,토,창경궁로(서울여자대학교),A-06,유입,성균관대입구->원남동사거리,15577.0,37.5831,127.0009,12시,1384.0
0,20171007.0,토,창경궁로(서울여자대학교),A-06,유입,성균관대입구->원남동사거리,15577.0,37.5831,127.0009,13시,1329.0
0,20171007.0,토,창경궁로(서울여자대학교),A-06,유입,성균관대입구->원남동사거리,15577.0,37.5831,127.0009,14시,1301.0
0,20171007.0,토,창경궁로(서울여자대학교),A-06,유입,성균관대입구->원남동사거리,15577.0,37.5831,127.0009,15시,1250.0
0,20171007.0,토,창경궁로(서울여자대학교),A-06,유입,성균관대입구->원남동사거리,15577.0,37.5831,127.0009,16시,1279.0
0,20171007.0,토,창경궁로(서울여자대학교),A-06,유입,성균관대입구->원남동사거리,15577.0,37.5831,127.0009,17시,1168.0
0,20171007.0,토,창경궁로(서울여자대학교),A-06,유입,성균관대입구->원남동사거리,15577.0,37.5831,127.0009,18시,1075.0
0,20171007.0,토,창경궁로(서울여자대학교),A-06,유입,성균관대입구->원남동사거리,15577.0,37.5831,127.0009,19시,984.0
0,20171007.0,토,창경궁로(서울여자대학교),A-06,유입,성균관대입구->원남동사거리,15577.0,37.5831,127.0009,20시,1034.0
0,20171008.0,일,창경궁로(서울여자대학교),A-06,유입,성균관대입구->원남동사거리,14995.0,37.5831,127.0009,8시,904.0
0,20171008.0,일,창경궁로(서울여자대학교),A-06,유입,성균관대입구->원남동사거리,14995.0,37.5831,127.0009,9시,1163.0
0,20171008.0,일,창경궁로(서울여자대학교),A-06,유입,성균관대입구->원남동사거리,14995.0,37.5831,127.0009,10시,1231.0
0,20171008.0,일,창경궁로(서울여자대학교),A-06,유입,성균관대입구->원남동사거리,14995.0,37.5831,127.0009,11시,1260.0
0,20171008.0,일,창경궁로(서울여자대학교),A-06,유입,성균관대입구->원남동사거리,14995.0,37.5831,127.0009,12시,1273.0
0,20171008.0,일,창경궁로(서울여자대학교),A-06,유입,성균관대입구->원남동사거리,14995.0,37.5831,127.0009,13시,1365.0
0,20171008.0,일,창경궁로(서울여자대학교),A-06,유입,성균관대입구->원남동사거리,14995.0,37.5831,127.0009,14시,1255.0
0,20171008.0,일,창경궁로(서울여자대학교),A-06,유입,성균관대입구->원남동사거리,14995.0,37.5831,127.0009,15시,1314.0
0,20171008.0,일,창경궁로(서울여자대학교),A-06,유입,성균관대입구->원남동사거리,14995.0,37.5831,127.0009,16시,1192.0
0,20171008.0,일,창경궁로(서울여자대학교),A-06,유입,성균관대입구->원남동사거리,14995.0,37.5831,127.0009,17시,1129.0
0,20171008.0,일,창경궁로(서울여자대학교),A-06,유입,성균관대입구->원남동사거리,14995.0,37.5831,127.0009,18시,1001.0
0,20171008.0,일,창경궁로(서울여자대학교),A-06,유입,성균관대입구->원남동사거리,14995.0,37.5831,127.0009,19시,930.0
0,20171008.0,일,창경궁로(서울여자대학교),A-06,유입,성균관대입구->원남동사거리,14995.0,37.5831,127.0009,20시,978.0
0,20171009.0,월,창경궁로(서울여자대학교),A-06,유입,성균관대입구->원남동사거리,16077.0,37.5831,127.0009,8시,1171.0
0,20171009.0,월,창경궁로(서울여자대학교),A-06,유입,성균관대입구->원남동사거리,16077.0,37.5831,127.0009,9시,1277.0
0,20171009.0,월,창경궁로(서울여자대학교),A-06,유입,성균관대입구->원남동사거리,16077.0,37.5831,127.0009,10시,1401.0
0,20171009.0,월,창경궁로(서울여자대학교),A-06,유입,성균관대입구->원남동사거리,16077.0,37.5831,127.0009,11시,1423.0
0,20171009.0,월,창경궁로(서울여자대학교),A-06,유입,성균관대입구->원남동사거리,16077.0,37.5831,127.0009,12시,1336.0
0,20171009.0,월,창경궁로(서울여자대학교),A-06,유입,성균관대입구->원남동사거리,16077.0,37.5831,127.0009,13시,1343.0
0,20171009.0,월,창경궁로(서울여자대학교),A-06,유입,성균관대입구->원남동사거리,16077.0,37.5831,127.0009,14시,1465.0
0,20171009.0,월,창경궁로(서울여자대학교),A-06,유입,성균관대입구->원남동사거리,16077.0,37.5831,127.0009,15시,1328.0
0,20171009.0,월,창경궁로(서울여자대학교),A-06,유입,성균관대입구->원남동사거리,16077.0,37.5831,127.0009,16시,1172.0
0,20171009.0,월,창경궁로(서울여자대학교),A-06,유입,성균관대입구->원남동사거리,16077.0,37.5831,127.0009,17시,1199.0
0,20171009.0,월,창경궁로(서울여자대학교),A-06,유입,성균관대입구->원남동사거리,16077.0,37.5831,127.0009,18시,1060.0
0,20171009.0,월,창경궁로(서울여자대학교),A-06,유입,성균관대입구->원남동사거리,16077.0,37.5831,127.0009,19시,934.0
0,20171009.0,월,창경궁로(서울여자대학교),A-06,유입,성균관대입구->원남동사거리,16077.0,37.5831,127.0009,20시,968.0
0,20171010.0,화,창경궁로(서울여자대학교),A-06,유입,성균관대입구->원남동사거리,16565.0,37.5831,127.0009,8시,2241.0
0,20171010.0,화,창경궁로(서울여자대학교),A-06,유입,성균관대입구->원남동사거리,16565.0,37.5831,127.0009,9시,1825.0
0,20171010.0,화,창경궁로(서울여자대학교),A-06,유입,성균관대입구->원남동사거리,16565.0,37.5831,127.0009,10시,1628.0
0,20171010.0,화,창경궁로(서울여자대학교),A-06,유입,성균관대입구->원남동사거리,16565.0,37.5831,127.0009,11시,1314.0
0,20171010.0,화,창경궁로(서울여자대학교),A-06,유입,성균관대입구->원남동사거리,16565.0,37.5831,127.0009,12시,1142.0
0,20171010.0,화,창경궁로(서울여자대학교),A-06,유입,성균관대입구->원남동사거리,16565.0,37.5831,127.0009,13시,1222.0
0,20171010.0,화,창경궁로(서울여자대학교),A-06,유입,성균관대입구->원남동사거리,16565.0,37.5831,127.0009,14시,1203.0
0,20171010.0,화,창경궁로(서울여자대학교),A-06,유입,성균관대입구->원남동사거리,16565.0,37.5831,127.0009,15시,1123.0
0,20171010.0,화,창경궁로(서울여자대학교),A-06,유입,성균관대입구->원남동사거리,16565.0,37.5831,127.0009,16시,1129.0
0,20171010.0,화,창경궁로(서울여자대학교),A-06,유입,성균관대입구->원남동사거리,16565.0,37.5831,127.0009,17시,1042.0
0,20171010.0,화,창경궁로(서울여자대학교),A-06,유입,성균관대입구->원남동사거리,16565.0,37.5831,127.0009,18시,909.0
0,20171010.0,화,창경궁로(서울여자대학교),A-06,유입,성균관대입구->원남동사거리,16565.0,37.5831,127.0009,19시,842.0
0,20171010.0,화,창경궁로(서울여자대학교),A-06,유입,성균관대입구->원남동사거리,16565.0,37.5831,127.0009,20시,945.0
0,20171011.0,수,창경궁로(서울여자대학교),A-06,유입,성균관대입구->원남동사거리,17092.0,37.5831,127.0009,8시,2032.0
0,20171011.0,수,창경궁로(서울여자대학교),A-06,유입,성균관대입구->원남동사거리,17092.0,37.5831,127.0009,9시,1871.0
0,20171011.0,수,창경궁로(서울여자대학교),A-06,유입,성균관대입구->원남동사거리,17092.0,37.5831,127.0009,10시,1614.0
0,20171011.0,수,창경궁로(서울여자대학교),A-06,유입,성균관대입구->원남동사거리,17092.0,37.5831,127.0009,11시,1358.0
0,20171011.0,수,창경궁로(서울여자대학교),A-06,유입,성균관대입구->원남동사거리,17092.0,37.5831,127.0009,12시,1274.0
0,20171011.0,수,창경궁로(서울여자대학교),A-06,유입,성균관대입구->원남동사거리,17092.0,37.5831,127.0009,13시,1320.0
0,20171011.0,수,창경궁로(서울여자대학교),A-06,유입,성균관대입구->원남동사거리,17092.0,37.5831,127.0009,14시,1362.0
0,20171011.0,수,창경궁로(서울여자대학교),A-06,유입,성균관대입구->원남동사거리,17092.0,37.5831,127.0009,15시,1200.0
0,20171011.0,수,창경궁로(서울여자대학교),A-06,유입,성균관대입구->원남동사거리,17092.0,37.5831,127.0009,16시,1225.0
0,20171011.0,수,창경궁로(서울여자대학교),A-06,유입,성균관대입구->원남동사거리,17092.0,37.5831,127.0009,17시,1033.0
0,20171011.0,수,창경궁로(서울여자대학교),A-06,유입,성균관대입구->원남동사거리,17092.0,37.5831,127.0009,18시,935.0
0,20171011.0,수,창경궁로(서울여자대학교),A-06,유입,성균관대입구->원남동사거리,17092.0,37.5831,127.0009,19시,890.0
0,20171011.0,수,창경궁로(서울여자대학교),A-06,유입,성균관대입구->원남동사거리,17092.0,37.5831,127.0009,20시,978.0
0,20171012.0,목,창경궁로(서울여자대학교),A-06,유입,성균관대입구->원남동사거리,17545.0,37.5831,127.0009,8시,2203.0
0,20171012.0,목,창경궁로(서울여자대학교),A-06,유입,성균관대입구->원남동사거리,17545.0,37.5831,127.0009,9시,1724.0
0,20171012.0,목,창경궁로(서울여자대학교),A-06,유입,성균관대입구->원남동사거리,17545.0,37.5831,127.0009,10시,1509.0
0,20171012.0,목,창경궁로(서울여자대학교),A-06,유입,성균관대입구->원남동사거리,17545.0,37.5831,127.0009,11시,1375.0
0,20171012.0,목,창경궁로(서울여자대학교),A-06,유입,성균관대입구->원남동사거리,17545.0,37.5831,127.0009,12시,1375.0
0,20171012.0,목,창경궁로(서울여자대학교),A-06,유입,성균관대입구->원남동사거리,17545.0,37.5831,127.0009,13시,1548.0
0,20171012.0,목,창경궁로(서울여자대학교),A-06,유입,성균관대입구->원남동사거리,17545.0,37.5831,127.0009,14시,1327.0
0,20171012.0,목,창경궁로(서울여자대학교),A-06,유입,성균관대입구->원남동사거리,17545.0,37.5831,127.0009,15시,1200.0
0,20171012.0,목,창경궁로(서울여자대학교),A-06,유입,성균관대입구->원남동사거리,17545.0,37.5831,127.0009,16시,1200.0
0,20171012.0,목,창경궁로(서울여자대학교),A-06,유입,성균관대입구->원남동사거리,17545.0,37.5831,127.0009,17시,1108.0
0,20171012.0,목,창경궁로(서울여자대학교),A-06,유입,성균관대입구->원남동사거리,17545.0,37.5831,127.0009,18시,1067.0
0,20171012.0,목,창경궁로(서울여자대학교),A-06,유입,성균관대입구->원남동사거리,17545.0,37.5831,127.0009,19시,881.0
0,20171012.0,목,창경궁로(서울여자대학교),A-06,유입,성균관대입구->원남동사거리,17545.0,37.5831,127.0009,20시,1028.0
0,20171013.0,금,창경궁로(서울여자대학교),A-06,유입,성균관대입구->원남동사거리,17827.0,37.5831,127.0009,8시,2214.0
0,20171013.0,금,창경궁로(서울여자대학교),A-06,유입,성균관대입구->원남동사거리,17827.0,37.5831,127.0009,9시,1875.0
0,20171013.0,금,창경궁로(서울여자대학교),A-06,유입,성균관대입구->원남동사거리,17827.0,37.5831,127.0009,10시,1616.0
0,20171013.0,금,창경궁로(서울여자대학교),A-06,유입,성균관대입구->원남동사거리,17827.0,37.5831,127.0009,11시,1390.0
0,20171013.0,금,창경궁로(서울여자대학교),A-06,유입,성균관대입구->원남동사거리,17827.0,37.5831,127.0009,12시,1278.0
0,20171013.0,금,창경궁로(서울여자대학교),A-06,유입,성균관대입구->원남동사거리,17827.0,37.5831,127.0009,13시,1387.0
0,20171013.0,금,창경궁로(서울여자대학교),A-06,유입,성균관대입구->원남동사거리,17827.0,37.5831,127.0009,14시,1308.0
0,20171013.0,금,창경궁로(서울여자대학교),A-06,유입,성균관대입구->원남동사거리,17827.0,37.5831,127.0009,15시,1281.0
0,20171013.0,금,창경궁로(서울여자대학교),A-06,유입,성균관대입구->원남동사거리,17827.0,37.5831,127.0009,16시,1298.0
0,20171013.0,금,창경궁로(서울여자대학교),A-06,유입,성균관대입구->원남동사거리,17827.0,37.5831,127.0009,17시,1116.0
0,20171013.0,금,창경궁로(서울여자대학교),A-06,유입,성균관대입구->원남동사거리,17827.0,37.5831,127.0009,18시,1080.0
0,20171013.0,금,창경궁로(서울여자대학교),A-06,유입,성균관대입구->원남동사거리,17827.0,37.5831,127.0009,19시,986.0
0,20171013.0,금,창경궁로(서울여자대학교),A-06,유입,성균관대입구->원남동사거리,17827.0,37.5831,127.0009,20시,998.0
0,20171014.0,토,창경궁로(서울여자대학교),A-06,유입,성균관대입구->원남동사거리,19265.0,37.5831,127.0009,8시,1709.0
0,20171014.0,토,창경궁로(서울여자대학교),A-06,유입,성균관대입구->원남동사거리,19265.0,37.5831,127.0009,9시,1739.0
0,20171014.0,토,창경궁로(서울여자대학교),A-06,유입,성균관대입구->원남동사거리,19265.0,37.5831,127.0009,10시,1683.0
0,20171014.0,토,창경궁로(서울여자대학교),A-06,유입,성균관대입구->원남동사거리,19265.0,37.5831,127.0009,11시,1780.0
0,20171014.0,토,창경궁로(서울여자대학교),A-06,유입,성균관대입구->원남동사거리,19265.0,37.5831,127.0009,12시,1780.0
0,20171014.0,토,창경궁로(서울여자대학교),A-06,유입,성균관대입구->원남동사거리,19265.0,37.5831,127.0009,13시,1750.0
0,20171014.0,토,창경궁로(서울여자대학교),A-06,유입,성균관대입구->원남동사거리,19265.0,37.5831,127.0009,14시,1583.0
0,20171014.0,토,창경궁로(서울여자대학교),A-06,유입,성균관대입구->원남동사거리,19265.0,37.5831,127.0009,15시,1725.0
0,20171014.0,토,창경궁로(서울여자대학교),A-06,유입,성균관대입구->원남동사거리,19265.0,37.5831,127.0009,16시,1447.0
0,20171014.0,토,창경궁로(서울여자대학교),A-06,유입,성균관대입구->원남동사거리,19265.0,37.5831,127.0009,17시,1091.0
0,20171014.0,토,창경궁로(서울여자대학교),A-06,유입,성균관대입구->원남동사거리,19265.0,37.5831,127.0009,18시,862.0
0,20171014.0,토,창경궁로(서울여자대학교),A-06,유입,성균관대입구->원남동사거리,19265.0,37.5831,127.0009,19시,1034.0
0,20171014.0,토,창경궁로(서울여자대학교),A-06,유입,성균관대입구->원남동사거리,19265.0,37.5831,127.0009,20시,1082.0
0,20171015.0,일,창경궁로(서울여자대학교),A-06,유입,성균관대입구->원남동사거리,16433.0,37.5831,127.0009,8시,1128.0
0,20171015.0,일,창경궁로(서울여자대학교),A-06,유입,성균관대입구->원남동사거리,16433.0,37.5831,127.0009,9시,1324.0
0,20171015.0,일,창경궁로(서울여자대학교),A-06,유입,성균관대입구->원남동사거리,16433.0,37.5831,127.0009,10시,1411.0
0,20171015.0,일,창경궁로(서울여자대학교),A-06,유입,성균관대입구->원남동사거리,16433.0,37.5831,127.0009,11시,1448.0
0,20171015.0,일,창경궁로(서울여자대학교),A-06,유입,성균관대입구->원남동사거리,16433.0,37.5831,127.0009,12시,1465.0
0,20171015.0,일,창경궁로(서울여자대학교),A-06,유입,성균관대입구->원남동사거리,16433.0,37.5831,127.0009,13시,1464.0
0,20171015.0,일,창경궁로(서울여자대학교),A-06,유입,성균관대입구->원남동사거리,16433.0,37.5831,127.0009,14시,1419.0
0,20171015.0,일,창경궁로(서울여자대학교),A-06,유입,성균관대입구->원남동사거리,16433.0,37.5831,127.0009,15시,1413.0
0,20171015.0,일,창경궁로(서울여자대학교),A-06,유입,성균관대입구->원남동사거리,16433.0,37.5831,127.0009,16시,1253.0
0,20171015.0,일,창경궁로(서울여자대학교),A-06,유입,성균관대입구->원남동사거리,16433.0,37.5831,127.0009,17시,1106.0
0,20171015.0,일,창경궁로(서울여자대학교),A-06,유입,성균관대입구->원남동사거리,16433.0,37.5831,127.0009,18시,994.0
0,20171015.0,일,창경궁로(서울여자대학교),A-06,유입,성균관대입구->원남동사거리,16433.0,37.5831,127.0009,19시,1000.0
0,20171015.0,일,창경궁로(서울여자대학교),A-06,유입,성균관대입구->원남동사거리,16433.0,37.5831,127.0009,20시,1008.0
0,20171016.0,월,창경궁로(서울여자대학교),A-06,유입,성균관대입구->원남동사거리,16558.0,37.5831,127.0009,8시,2334.0
0,20171016.0,월,창경궁로(서울여자대학교),A-06,유입,성균관대입구->원남동사거리,16558.0,37.5831,127.0009,9시,1868.0
0,20171016.0,월,창경궁로(서울여자대학교),A-06,유입,성균관대입구->원남동사거리,16558.0,37.5831,127.0009,10시,1547.0
0,20171016.0,월,창경궁로(서울여자대학교),A-06,유입,성균관대입구->원남동사거리,16558.0,37.5831,127.0009,11시,1390.0
0,20171016.0,월,창경궁로(서울여자대학교),A-06,유입,성균관대입구->원남동사거리,16558.0,37.5831,127.0009,12시,1305.0
0,20171016.0,월,창경궁로(서울여자대학교),A-06,유입,성균관대입구->원남동사거리,16558.0,37.5831,127.0009,13시,1394.0
0,20171016.0,월,창경궁로(서울여자대학교),A-06,유입,성균관대입구->원남동사거리,16558.0,37.5831,127.0009,14시,1286.0
0,20171016.0,월,창경궁로(서울여자대학교),A-06,유입,성균관대입구->원남동사거리,16558.0,37.5831,127.0009,15시,643.0
0,20171016.0,월,창경궁로(서울여자대학교),A-06,유입,성균관대입구->원남동사거리,16558.0,37.5831,127.0009,16시,1003.0
0,20171016.0,월,창경궁로(서울여자대학교),A-06,유입,성균관대입구->원남동사거리,16558.0,37.5831,127.0009,17시,1004.0
0,20171016.0,월,창경궁로(서울여자대학교),A-06,유입,성균관대입구->원남동사거리,16558.0,37.5831,127.0009,18시,986.0
0,20171016.0,월,창경궁로(서울여자대학교),A-06,유입,성균관대입구->원남동사거리,16558.0,37.5831,127.0009,19시,847.0
0,20171016.0,월,창경궁로(서울여자대학교),A-06,유입,성균관대입구->원남동사거리,16558.0,37.5831,127.0009,20시,951.0
0,20171017.0,화,창경궁로(서울여자대학교),A-06,유입,성균관대입구->원남동사거리,17034.0,37.5831,127.0009,8시,2049.0
0,20171017.0,화,창경궁로(서울여자대학교),A-06,유입,성균관대입구->원남동사거리,17034.0,37.5831,127.0009,9시,1850.0
0,20171017.0,화,창경궁로(서울여자대학교),A-06,유입,성균관대입구->원남동사거리,17034.0,37.5831,127.0009,10시,1540.0
0,20171017.0,화,창경궁로(서울여자대학교),A-06,유입,성균관대입구->원남동사거리,17034.0,37.5831,127.0009,11시,1380.0
0,20171017.0,화,창경궁로(서울여자대학교),A-06,유입,성균관대입구->원남동사거리,17034.0,37.5831,127.0009,12시,1356.0
0,20171017.0,화,창경궁로(서울여자대학교),A-06,유입,성균관대입구->원남동사거리,17034.0,37.5831,127.0009,13시,1379.0
0,20171017.0,화,창경궁로(서울여자대학교),A-06,유입,성균관대입구->원남동사거리,17034.0,37.5831,127.0009,14시,1276.0
0,20171017.0,화,창경궁로(서울여자대학교),A-06,유입,성균관대입구->원남동사거리,17034.0,37.5831,127.0009,15시,1213.0
0,20171017.0,화,창경궁로(서울여자대학교),A-06,유입,성균관대입구->원남동사거리,17034.0,37.5831,127.0009,16시,1116.0
0,20171017.0,화,창경궁로(서울여자대학교),A-06,유입,성균관대입구->원남동사거리,17034.0,37.5831,127.0009,17시,1025.0
0,20171017.0,화,창경궁로(서울여자대학교),A-06,유입,성균관대입구->원남동사거리,17034.0,37.5831,127.0009,18시,949.0
0,20171017.0,화,창경궁로(서울여자대학교),A-06,유입,성균관대입구->원남동사거리,17034.0,37.5831,127.0009,19시,900.0
0,20171017.0,화,창경궁로(서울여자대학교),A-06,유입,성균관대입구->원남동사거리,17034.0,37.5831,127.0009,20시,1001.0
0,20171018.0,수,창경궁로(서울여자대학교),A-06,유입,성균관대입구->원남동사거리,16439.0,37.5831,127.0009,8시,1984.0
0,20171018.0,수,창경궁로(서울여자대학교),A-06,유입,성균관대입구->원남동사거리,16439.0,37.5831,127.0009,9시,1785.0
0,20171018.0,수,창경궁로(서울여자대학교),A-06,유입,성균관대입구->원남동사거리,16439.0,37.5831,127.0009,10시,1466.0
0,20171018.0,수,창경궁로(서울여자대학교),A-06,유입,성균관대입구->원남동사거리,16439.0,37.5831,127.0009,11시,1357.0
0,20171018.0,수,창경궁로(서울여자대학교),A-06,유입,성균관대입구->원남동사거리,16439.0,37.5831,127.0009,12시,1336.0
0,20171018.0,수,창경궁로(서울여자대학교),A-06,유입,성균관대입구->원남동사거리,16439.0,37.5831,127.0009,13시,1210.0
0,20171018.0,수,창경궁로(서울여자대학교),A-06,유입,성균관대입구->원남동사거리,16439.0,37.5831,127.0009,14시,1153.0
0,20171018.0,수,창경궁로(서울여자대학교),A-06,유입,성균관대입구->원남동사거리,16439.0,37.5831,127.0009,15시,1166.0
0,20171018.0,수,창경궁로(서울여자대학교),A-06,유입,성균관대입구->원남동사거리,16439.0,37.5831,127.0009,16시,1058.0
0,20171018.0,수,창경궁로(서울여자대학교),A-06,유입,성균관대입구->원남동사거리,16439.0,37.5831,127.0009,17시,1184.0
0,20171018.0,수,창경궁로(서울여자대학교),A-06,유입,성균관대입구->원남동사거리,16439.0,37.5831,127.0009,18시,925.0
0,20171018.0,수,창경궁로(서울여자대학교),A-06,유입,성균관대입구->원남동사거리,16439.0,37.5831,127.0009,19시,849.0
0,20171018.0,수,창경궁로(서울여자대학교),A-06,유입,성균관대입구->원남동사거리,16439.0,37.5831,127.0009,20시,966.0
0,20171019.0,목,창경궁로(서울여자대학교),A-06,유입,성균관대입구->원남동사거리,16783.0,37.5831,127.0009,8시,2263.0
0,20171019.0,목,창경궁로(서울여자대학교),A-06,유입,성균관대입구->원남동사거리,16783.0,37.5831,127.0009,9시,1938.0
0,20171019.0,목,창경궁로(서울여자대학교),A-06,유입,성균관대입구->원남동사거리,16783.0,37.5831,127.0009,10시,1530.0
0,20171019.0,목,창경궁로(서울여자대학교),A-06,유입,성균관대입구->원남동사거리,16783.0,37.5831,127.0009,11시,1328.0
0,20171019.0,목,창경궁로(서울여자대학교),A-06,유입,성균관대입구->원남동사거리,16783.0,37.5831,127.0009,12시,1330.0
0,20171019.0,목,창경궁로(서울여자대학교),A-06,유입,성균관대입구->원남동사거리,16783.0,37.5831,127.0009,13시,1288.0
0,20171019.0,목,창경궁로(서울여자대학교),A-06,유입,성균관대입구->원남동사거리,16783.0,37.5831,127.0009,14시,1277.0
0,20171019.0,목,창경궁로(서울여자대학교),A-06,유입,성균관대입구->원남동사거리,16783.0,37.5831,127.0009,15시,843.0
0,20171019.0,목,창경궁로(서울여자대학교),A-06,유입,성균관대입구->원남동사거리,16783.0,37.5831,127.0009,16시,1054.0
0,20171019.0,목,창경궁로(서울여자대학교),A-06,유입,성균관대입구->원남동사거리,16783.0,37.5831,127.0009,17시,1070.0
0,20171019.0,목,창경궁로(서울여자대학교),A-06,유입,성균관대입구->원남동사거리,16783.0,37.5831,127.0009,18시,988.0
0,20171019.0,목,창경궁로(서울여자대학교),A-06,유입,성균관대입구->원남동사거리,16783.0,37.5831,127.0009,19시,920.0
0,20171019.0,목,창경궁로(서울여자대학교),A-06,유입,성균관대입구->원남동사거리,16783.0,37.5831,127.0009,20시,954.0
0,20171020.0,금,창경궁로(서울여자대학교),A-06,유입,성균관대입구->원남동사거리,17014.0,37.5831,127.0009,8시,2237.0
0,20171020.0,금,창경궁로(서울여자대학교),A-06,유입,성균관대입구->원남동사거리,17014.0,37.5831,127.0009,9시,1753.0
0,20171020.0,금,창경궁로(서울여자대학교),A-06,유입,성균관대입구->원남동사거리,17014.0,37.5831,127.0009,10시,1362.0
0,20171020.0,금,창경궁로(서울여자대학교),A-06,유입,성균관대입구->원남동사거리,17014.0,37.5831,127.0009,11시,1208.0
0,20171020.0,금,창경궁로(서울여자대학교),A-06,유입,성균관대입구->원남동사거리,17014.0,37.5831,127.0009,12시,1256.0
0,20171020.0,금,창경궁로(서울여자대학교),A-06,유입,성균관대입구->원남동사거리,17014.0,37.5831,127.0009,13시,1284.0
0,20171020.0,금,창경궁로(서울여자대학교),A-06,유입,성균관대입구->원남동사거리,17014.0,37.5831,127.0009,14시,1324.0
0,20171020.0,금,창경궁로(서울여자대학교),A-06,유입,성균관대입구->원남동사거리,17014.0,37.5831,127.0009,15시,1324.0
0,20171020.0,금,창경궁로(서울여자대학교),A-06,유입,성균관대입구->원남동사거리,17014.0,37.5831,127.0009,16시,1310.0
0,20171020.0,금,창경궁로(서울여자대학교),A-06,유입,성균관대입구->원남동사거리,17014.0,37.5831,127.0009,17시,1121.0
0,20171020.0,금,창경궁로(서울여자대학교),A-06,유입,성균관대입구->원남동사거리,17014.0,37.5831,127.0009,18시,1066.0
0,20171020.0,금,창경궁로(서울여자대학교),A-06,유입,성균관대입구->원남동사거리,17014.0,37.5831,127.0009,19시,1052.0
0,20171020.0,금,창경궁로(서울여자대학교),A-06,유입,성균관대입구->원남동사거리,17014.0,37.5831,127.0009,20시,717.0
0,20171021.0,토,창경궁로(서울여자대학교),A-06,유입,성균관대입구->원남동사거리,18418.0,37.5831,127.0009,8시,1629.0
0,20171021.0,토,창경궁로(서울여자대학교),A-06,유입,성균관대입구->원남동사거리,18418.0,37.5831,127.0009,9시,1710.0
0,20171021.0,토,창경궁로(서울여자대학교),A-06,유입,성균관대입구->원남동사거리,18418.0,37.5831,127.0009,10시,1658.0
0,20171021.0,토,창경궁로(서울여자대학교),A-06,유입,성균관대입구->원남동사거리,18418.0,37.5831,127.0009,11시,1549.0
0,20171021.0,토,창경궁로(서울여자대학교),A-06,유입,성균관대입구->원남동사거리,18418.0,37.5831,127.0009,12시,1648.0
0,20171021.0,토,창경궁로(서울여자대학교),A-06,유입,성균관대입구->원남동사거리,18418.0,37.5831,127.0009,13시,1615.0
0,20171021.0,토,창경궁로(서울여자대학교),A-06,유입,성균관대입구->원남동사거리,18418.0,37.5831,127.0009,14시,1605.0
0,20171021.0,토,창경궁로(서울여자대학교),A-06,유입,성균관대입구->원남동사거리,18418.0,37.5831,127.0009,15시,1647.0
0,20171021.0,토,창경궁로(서울여자대학교),A-06,유입,성균관대입구->원남동사거리,18418.0,37.5831,127.0009,16시,1325.0
0,20171021.0,토,창경궁로(서울여자대학교),A-06,유입,성균관대입구->원남동사거리,18418.0,37.5831,127.0009,17시,952.0
0,20171021.0,토,창경궁로(서울여자대학교),A-06,유입,성균관대입구->원남동사거리,18418.0,37.5831,127.0009,18시,915.0
0,20171021.0,토,창경궁로(서울여자대학교),A-06,유입,성균관대입구->원남동사거리,18418.0,37.5831,127.0009,19시,1046.0
0,20171021.0,토,창경궁로(서울여자대학교),A-06,유입,성균관대입구->원남동사거리,18418.0,37.5831,127.0009,20시,1119.0
0,20171022.0,일,창경궁로(서울여자대학교),A-06,유입,성균관대입구->원남동사거리,11723.0,37.5831,127.0009,8시,972.0
0,20171022.0,일,창경궁로(서울여자대학교),A-06,유입,성균관대입구->원남동사거리,11723.0,37.5831,127.0009,9시,1077.0
0,20171022.0,일,창경궁로(서울여자대학교),A-06,유입,성균관대입구->원남동사거리,11723.0,37.5831,127.0009,10시,1196.0
0,20171022.0,일,창경궁로(서울여자대학교),A-06,유입,성균관대입구->원남동사거리,11723.0,37.5831,127.0009,11시,1037.0
0,20171022.0,일,창경궁로(서울여자대학교),A-06,유입,성균관대입구->원남동사거리,11723.0,37.5831,127.0009,12시,892.0
0,20171022.0,일,창경궁로(서울여자대학교),A-06,유입,성균관대입구->원남동사거리,11723.0,37.5831,127.0009,13시,860.0
0,20171022.0,일,창경궁로(서울여자대학교),A-06,유입,성균관대입구->원남동사거리,11723.0,37.5831,127.0009,14시,800.0
0,20171022.0,일,창경궁로(서울여자대학교),A-06,유입,성균관대입구->원남동사거리,11723.0,37.5831,127.0009,15시,924.0
0,20171022.0,일,창경궁로(서울여자대학교),A-06,유입,성균관대입구->원남동사거리,11723.0,37.5831,127.0009,16시,794.0
0,20171022.0,일,창경궁로(서울여자대학교),A-06,유입,성균관대입구->원남동사거리,11723.0,37.5831,127.0009,17시,959.0
0,20171022.0,일,창경궁로(서울여자대학교),A-06,유입,성균관대입구->원남동사거리,11723.0,37.5831,127.0009,18시,811.0
0,20171022.0,일,창경궁로(서울여자대학교),A-06,유입,성균관대입구->원남동사거리,11723.0,37.5831,127.0009,19시,776.0
0,20171022.0,일,창경궁로(서울여자대학교),A-06,유입,성균관대입구->원남동사거리,11723.0,37.5831,127.0009,20시,625.0
0,20171023.0,월,창경궁로(서울여자대학교),A-06,유입,성균관대입구->원남동사거리,16555.0,37.5831,127.0009,8시,2278.0
0,20171023.0,월,창경궁로(서울여자대학교),A-06,유입,성균관대입구->원남동사거리,16555.0,37.5831,127.0009,9시,1809.0
0,20171023.0,월,창경궁로(서울여자대학교),A-06,유입,성균관대입구->원남동사거리,16555.0,37.5831,127.0009,10시,1419.0
0,20171023.0,월,창경궁로(서울여자대학교),A-06,유입,성균관대입구->원남동사거리,16555.0,37.5831,127.0009,11시,1317.0
0,20171023.0,월,창경궁로(서울여자대학교),A-06,유입,성균관대입구->원남동사거리,16555.0,37.5831,127.0009,12시,1157.0
0,20171023.0,월,창경궁로(서울여자대학교),A-06,유입,성균관대입구->원남동사거리,16555.0,37.5831,127.0009,13시,1281.0
0,20171023.0,월,창경궁로(서울여자대학교),A-06,유입,성균관대입구->원남동사거리,16555.0,37.5831,127.0009,14시,1283.0
0,20171023.0,월,창경궁로(서울여자대학교),A-06,유입,성균관대입구->원남동사거리,16555.0,37.5831,127.0009,15시,1143.0
0,20171023.0,월,창경궁로(서울여자대학교),A-06,유입,성균관대입구->원남동사거리,16555.0,37.5831,127.0009,16시,1057.0
0,20171023.0,월,창경궁로(서울여자대학교),A-06,유입,성균관대입구->원남동사거리,16555.0,37.5831,127.0009,17시,1108.0
0,20171023.0,월,창경궁로(서울여자대학교),A-06,유입,성균관대입구->원남동사거리,16555.0,37.5831,127.0009,18시,941.0
0,20171023.0,월,창경궁로(서울여자대학교),A-06,유입,성균관대입구->원남동사거리,16555.0,37.5831,127.0009,19시,862.0
0,20171023.0,월,창경궁로(서울여자대학교),A-06,유입,성균관대입구->원남동사거리,16555.0,37.5831,127.0009,20시,900.0
0,20171024.0,화,창경궁로(서울여자대학교),A-06,유입,성균관대입구->원남동사거리,16982.0,37.5831,127.0009,8시,2331.0
0,20171024.0,화,창경궁로(서울여자대학교),A-06,유입,성균관대입구->원남동사거리,16982.0,37.5831,127.0009,9시,1822.0
0,20171024.0,화,창경궁로(서울여자대학교),A-06,유입,성균관대입구->원남동사거리,16982.0,37.5831,127.0009,10시,1461.0
0,20171024.0,화,창경궁로(서울여자대학교),A-06,유입,성균관대입구->원남동사거리,16982.0,37.5831,127.0009,11시,1280.0
0,20171024.0,화,창경궁로(서울여자대학교),A-06,유입,성균관대입구->원남동사거리,16982.0,37.5831,127.0009,12시,1270.0
0,20171024.0,화,창경궁로(서울여자대학교),A-06,유입,성균관대입구->원남동사거리,16982.0,37.5831,127.0009,13시,1342.0
0,20171024.0,화,창경궁로(서울여자대학교),A-06,유입,성균관대입구->원남동사거리,16982.0,37.5831,127.0009,14시,1220.0
0,20171024.0,화,창경궁로(서울여자대학교),A-06,유입,성균관대입구->원남동사거리,16982.0,37.5831,127.0009,15시,1175.0
0,20171024.0,화,창경궁로(서울여자대학교),A-06,유입,성균관대입구->원남동사거리,16982.0,37.5831,127.0009,16시,1160.0
0,20171024.0,화,창경궁로(서울여자대학교),A-06,유입,성균관대입구->원남동사거리,16982.0,37.5831,127.0009,17시,1085.0
0,20171024.0,화,창경궁로(서울여자대학교),A-06,유입,성균관대입구->원남동사거리,16982.0,37.5831,127.0009,18시,964.0
0,20171024.0,화,창경궁로(서울여자대학교),A-06,유입,성균관대입구->원남동사거리,16982.0,37.5831,127.0009,19시,856.0
0,20171024.0,화,창경궁로(서울여자대학교),A-06,유입,성균관대입구->원남동사거리,16982.0,37.5831,127.0009,20시,1016.0
0,20171025.0,수,창경궁로(서울여자대학교),A-06,유입,성균관대입구->원남동사거리,17030.0,37.5831,127.0009,8시,2245.0
0,20171025.0,수,창경궁로(서울여자대학교),A-06,유입,성균관대입구->원남동사거리,17030.0,37.5831,127.0009,9시,1787.0
0,20171025.0,수,창경궁로(서울여자대학교),A-06,유입,성균관대입구->원남동사거리,17030.0,37.5831,127.0009,10시,1491.0
0,20171025.0,수,창경궁로(서울여자대학교),A-06,유입,성균관대입구->원남동사거리,17030.0,37.5831,127.0009,11시,1378.0
0,20171025.0,수,창경궁로(서울여자대학교),A-06,유입,성균관대입구->원남동사거리,17030.0,37.5831,127.0009,12시,1289.0
0,20171025.0,수,창경궁로(서울여자대학교),A-06,유입,성균관대입구->원남동사거리,17030.0,37.5831,127.0009,13시,1264.0
0,20171025.0,수,창경궁로(서울여자대학교),A-06,유입,성균관대입구->원남동사거리,17030.0,37.5831,127.0009,14시,1232.0
0,20171025.0,수,창경궁로(서울여자대학교),A-06,유입,성균관대입구->원남동사거리,17030.0,37.5831,127.0009,15시,1219.0
0,20171025.0,수,창경궁로(서울여자대학교),A-06,유입,성균관대입구->원남동사거리,17030.0,37.5831,127.0009,16시,1191.0
0,20171025.0,수,창경궁로(서울여자대학교),A-06,유입,성균관대입구->원남동사거리,17030.0,37.5831,127.0009,17시,1098.0
0,20171025.0,수,창경궁로(서울여자대학교),A-06,유입,성균관대입구->원남동사거리,17030.0,37.5831,127.0009,18시,961.0
0,20171025.0,수,창경궁로(서울여자대학교),A-06,유입,성균관대입구->원남동사거리,17030.0,37.5831,127.0009,19시,833.0
0,20171025.0,수,창경궁로(서울여자대학교),A-06,유입,성균관대입구->원남동사거리,17030.0,37.5831,127.0009,20시,1042.0
0,20171026.0,목,창경궁로(서울여자대학교),A-06,유입,성균관대입구->원남동사거리,17156.0,37.5831,127.0009,8시,2225.0
0,20171026.0,목,창경궁로(서울여자대학교),A-06,유입,성균관대입구->원남동사거리,17156.0,37.5831,127.0009,9시,1818.0
0,20171026.0,목,창경궁로(서울여자대학교),A-06,유입,성균관대입구->원남동사거리,17156.0,37.5831,127.0009,10시,1595.0
0,20171026.0,목,창경궁로(서울여자대학교),A-06,유입,성균관대입구->원남동사거리,17156.0,37.5831,127.0009,11시,1348.0
0,20171026.0,목,창경궁로(서울여자대학교),A-06,유입,성균관대입구->원남동사거리,17156.0,37.5831,127.0009,12시,1218.0
0,20171026.0,목,창경궁로(서울여자대학교),A-06,유입,성균관대입구->원남동사거리,17156.0,37.5831,127.0009,13시,1324.0
0,20171026.0,목,창경궁로(서울여자대학교),A-06,유입,성균관대입구->원남동사거리,17156.0,37.5831,127.0009,14시,1196.0
0,20171026.0,목,창경궁로(서울여자대학교),A-06,유입,성균관대입구->원남동사거리,17156.0,37.5831,127.0009,15시,1112.0
0,20171026.0,목,창경궁로(서울여자대학교),A-06,유입,성균관대입구->원남동사거리,17156.0,37.5831,127.0009,16시,1206.0
0,20171026.0,목,창경궁로(서울여자대학교),A-06,유입,성균관대입구->원남동사거리,17156.0,37.5831,127.0009,17시,1135.0
0,20171026.0,목,창경궁로(서울여자대학교),A-06,유입,성균관대입구->원남동사거리,17156.0,37.5831,127.0009,18시,1001.0
0,20171026.0,목,창경궁로(서울여자대학교),A-06,유입,성균관대입구->원남동사거리,17156.0,37.5831,127.0009,19시,966.0
0,20171026.0,목,창경궁로(서울여자대학교),A-06,유입,성균관대입구->원남동사거리,17156.0,37.5831,127.0009,20시,1012.0
0,20171027.0,금,창경궁로(서울여자대학교),A-06,유입,성균관대입구->원남동사거리,17250.0,37.5831,127.0009,8시,2172.0
0,20171027.0,금,창경궁로(서울여자대학교),A-06,유입,성균관대입구->원남동사거리,17250.0,37.5831,127.0009,9시,1798.0
0,20171027.0,금,창경궁로(서울여자대학교),A-06,유입,성균관대입구->원남동사거리,17250.0,37.5831,127.0009,10시,1529.0
0,20171027.0,금,창경궁로(서울여자대학교),A-06,유입,성균관대입구->원남동사거리,17250.0,37.5831,127.0009,11시,1442.0
0,20171027.0,금,창경궁로(서울여자대학교),A-06,유입,성균관대입구->원남동사거리,17250.0,37.5831,127.0009,12시,1261.0
0,20171027.0,금,창경궁로(서울여자대학교),A-06,유입,성균관대입구->원남동사거리,17250.0,37.5831,127.0009,13시,1376.0
0,20171027.0,금,창경궁로(서울여자대학교),A-06,유입,성균관대입구->원남동사거리,17250.0,37.5831,127.0009,14시,1298.0
0,20171027.0,금,창경궁로(서울여자대학교),A-06,유입,성균관대입구->원남동사거리,17250.0,37.5831,127.0009,15시,1170.0
0,20171027.0,금,창경궁로(서울여자대학교),A-06,유입,성균관대입구->원남동사거리,17250.0,37.5831,127.0009,16시,1249.0
0,20171027.0,금,창경궁로(서울여자대학교),A-06,유입,성균관대입구->원남동사거리,17250.0,37.5831,127.0009,17시,1131.0
0,20171027.0,금,창경궁로(서울여자대학교),A-06,유입,성균관대입구->원남동사거리,17250.0,37.5831,127.0009,18시,902.0
0,20171027.0,금,창경궁로(서울여자대학교),A-06,유입,성균관대입구->원남동사거리,17250.0,37.5831,127.0009,19시,972.0
0,20171027.0,금,창경궁로(서울여자대학교),A-06,유입,성균관대입구->원남동사거리,17250.0,37.5831,127.0009,20시,950.0
0,20171028.0,토,창경궁로(서울여자대학교),A-06,유입,성균관대입구->원남동사거리,18248.0,37.5831,127.0009,8시,1607.0
0,20171028.0,토,창경궁로(서울여자대학교),A-06,유입,성균관대입구->원남동사거리,18248.0,37.5831,127.0009,9시,1667.0
0,20171028.0,토,창경궁로(서울여자대학교),A-06,유입,성균관대입구->원남동사거리,18248.0,37.5831,127.0009,10시,1691.0
0,20171028.0,토,창경궁로(서울여자대학교),A-06,유입,성균관대입구->원남동사거리,18248.0,37.5831,127.0009,11시,1622.0
0,20171028.0,토,창경궁로(서울여자대학교),A-06,유입,성균관대입구->원남동사거리,18248.0,37.5831,127.0009,12시,1584.0
0,20171028.0,토,창경궁로(서울여자대학교),A-06,유입,성균관대입구->원남동사거리,18248.0,37.5831,127.0009,13시,1487.0
0,20171028.0,토,창경궁로(서울여자대학교),A-06,유입,성균관대입구->원남동사거리,18248.0,37.5831,127.0009,14시,1420.0
0,20171028.0,토,창경궁로(서울여자대학교),A-06,유입,성균관대입구->원남동사거리,18248.0,37.5831,127.0009,15시,1430.0
0,20171028.0,토,창경궁로(서울여자대학교),A-06,유입,성균관대입구->원남동사거리,18248.0,37.5831,127.0009,16시,1342.0
0,20171028.0,토,창경궁로(서울여자대학교),A-06,유입,성균관대입구->원남동사거리,18248.0,37.5831,127.0009,17시,1194.0
0,20171028.0,토,창경궁로(서울여자대학교),A-06,유입,성균관대입구->원남동사거리,18248.0,37.5831,127.0009,18시,1038.0
0,20171028.0,토,창경궁로(서울여자대학교),A-06,유입,성균관대입구->원남동사거리,18248.0,37.5831,127.0009,19시,1076.0
0,20171028.0,토,창경궁로(서울여자대학교),A-06,유입,성균관대입구->원남동사거리,18248.0,37.5831,127.0009,20시,1090.0
0,20171029.0,일,창경궁로(서울여자대학교),A-06,유입,성균관대입구->원남동사거리,16441.0,37.5831,127.0009,8시,1130.0
0,20171029.0,일,창경궁로(서울여자대학교),A-06,유입,성균관대입구->원남동사거리,16441.0,37.5831,127.0009,9시,1383.0
0,20171029.0,일,창경궁로(서울여자대학교),A-06,유입,성균관대입구->원남동사거리,16441.0,37.5831,127.0009,10시,1387.0
0,20171029.0,일,창경궁로(서울여자대학교),A-06,유입,성균관대입구->원남동사거리,16441.0,37.5831,127.0009,11시,1369.0
0,20171029.0,일,창경궁로(서울여자대학교),A-06,유입,성균관대입구->원남동사거리,16441.0,37.5831,127.0009,12시,1427.0
0,20171029.0,일,창경궁로(서울여자대학교),A-06,유입,성균관대입구->원남동사거리,16441.0,37.5831,127.0009,13시,1413.0
0,20171029.0,일,창경궁로(서울여자대학교),A-06,유입,성균관대입구->원남동사거리,16441.0,37.5831,127.0009,14시,1368.0
0,20171029.0,일,창경궁로(서울여자대학교),A-06,유입,성균관대입구->원남동사거리,16441.0,37.5831,127.0009,15시,1358.0
0,20171029.0,일,창경궁로(서울여자대학교),A-06,유입,성균관대입구->원남동사거리,16441.0,37.5831,127.0009,16시,1248.0
0,20171029.0,일,창경궁로(서울여자대학교),A-06,유입,성균관대입구->원남동사거리,16441.0,37.5831,127.0009,17시,1157.0
0,20171029.0,일,창경궁로(서울여자대학교),A-06,유입,성균관대입구->원남동사거리,16441.0,37.5831,127.0009,18시,1012.0
0,20171029.0,일,창경궁로(서울여자대학교),A-06,유입,성균관대입구->원남동사거리,16441.0,37.5831,127.0009,19시,1063.0
0,20171029.0,일,창경궁로(서울여자대학교),A-06,유입,성균관대입구->원남동사거리,16441.0,37.5831,127.0009,20시,1126.0
0,20171030.0,월,창경궁로(서울여자대학교),A-06,유입,성균관대입구->원남동사거리,17172.0,37.5831,127.0009,8시,2229.0
0,20171030.0,월,창경궁로(서울여자대학교),A-06,유입,성균관대입구->원남동사거리,17172.0,37.5831,127.0009,9시,1919.0
0,20171030.0,월,창경궁로(서울여자대학교),A-06,유입,성균관대입구->원남동사거리,17172.0,37.5831,127.0009,10시,1427.0
0,20171030.0,월,창경궁로(서울여자대학교),A-06,유입,성균관대입구->원남동사거리,17172.0,37.5831,127.0009,11시,1399.0
0,20171030.0,월,창경궁로(서울여자대학교),A-06,유입,성균관대입구->원남동사거리,17172.0,37.5831,127.0009,12시,1316.0
0,20171030.0,월,창경궁로(서울여자대학교),A-06,유입,성균관대입구->원남동사거리,17172.0,37.5831,127.0009,13시,1287.0
0,20171030.0,월,창경궁로(서울여자대학교),A-06,유입,성균관대입구->원남동사거리,17172.0,37.5831,127.0009,14시,1348.0
0,20171030.0,월,창경궁로(서울여자대학교),A-06,유입,성균관대입구->원남동사거리,17172.0,37.5831,127.0009,15시,1185.0
0,20171030.0,월,창경궁로(서울여자대학교),A-06,유입,성균관대입구->원남동사거리,17172.0,37.5831,127.0009,16시,1155.0
0,20171030.0,월,창경궁로(서울여자대학교),A-06,유입,성균관대입구->원남동사거리,17172.0,37.5831,127.0009,17시,1133.0
0,20171030.0,월,창경궁로(서울여자대학교),A-06,유입,성균관대입구->원남동사거리,17172.0,37.5831,127.0009,18시,992.0
0,20171030.0,월,창경궁로(서울여자대학교),A-06,유입,성균관대입구->원남동사거리,17172.0,37.5831,127.0009,19시,840.0
0,20171030.0,월,창경궁로(서울여자대학교),A-06,유입,성균관대입구->원남동사거리,17172.0,37.5831,127.0009,20시,942.0
0,20171031.0,화,창경궁로(서울여자대학교),A-06,유입,성균관대입구->원남동사거리,17202.0,37.5831,127.0009,8시,2290.0
0,20171031.0,화,창경궁로(서울여자대학교),A-06,유입,성균관대입구->원남동사거리,17202.0,37.5831,127.0009,9시,1900.0
0,20171031.0,화,창경궁로(서울여자대학교),A-06,유입,성균관대입구->원남동사거리,17202.0,37.5831,127.0009,10시,1569.0
0,20171031.0,화,창경궁로(서울여자대학교),A-06,유입,성균관대입구->원남동사거리,17202.0,37.5831,127.0009,11시,1358.0
0,20171031.0,화,창경궁로(서울여자대학교),A-06,유입,성균관대입구->원남동사거리,17202.0,37.5831,127.0009,12시,1325.0
0,20171031.0,화,창경궁로(서울여자대학교),A-06,유입,성균관대입구->원남동사거리,17202.0,37.5831,127.0009,13시,1326.0
0,20171031.0,화,창경궁로(서울여자대학교),A-06,유입,성균관대입구->원남동사거리,17202.0,37.5831,127.0009,14시,1298.0
0,20171031.0,화,창경궁로(서울여자대학교),A-06,유입,성균관대입구->원남동사거리,17202.0,37.5831,127.0009,15시,1171.0
0,20171031.0,화,창경궁로(서울여자대학교),A-06,유입,성균관대입구->원남동사거리,17202.0,37.5831,127.0009,16시,1152.0
0,20171031.0,화,창경궁로(서울여자대학교),A-06,유입,성균관대입구->원남동사거리,17202.0,37.5831,127.0009,17시,1024.0
0,20171031.0,화,창경궁로(서울여자대학교),A-06,유입,성균관대입구->원남동사거리,17202.0,37.5831,127.0009,18시,950.0
0,20171031.0,화,창경궁로(서울여자대학교),A-06,유입,성균관대입구->원남동사거리,17202.0,37.5831,127.0009,19시,908.0
0,20171031.0,화,창경궁로(서울여자대학교),A-06,유입,성균관대입구->원남동사거리,17202.0,37.5831,127.0009,20시,931.0
0,20171001.0,일,창경궁로(서울여자대학교),A-06,유출,원남동사거리->성균관대입구,9449.0,37.5831,127.0009,8시,403.0
0,20171001.0,일,창경궁로(서울여자대학교),A-06,유출,원남동사거리->성균관대입구,9449.0,37.5831,127.0009,9시,510.0
0,20171001.0,일,창경궁로(서울여자대학교),A-06,유출,원남동사거리->성균관대입구,9449.0,37.5831,127.0009,10시,601.0
0,20171001.0,일,창경궁로(서울여자대학교),A-06,유출,원남동사거리->성균관대입구,9449.0,37.5831,127.0009,11시,582.0
0,20171001.0,일,창경궁로(서울여자대학교),A-06,유출,원남동사거리->성균관대입구,9449.0,37.5831,127.0009,12시,744.0
0,20171001.0,일,창경궁로(서울여자대학교),A-06,유출,원남동사거리->성균관대입구,9449.0,37.5831,127.0009,13시,790.0
0,20171001.0,일,창경궁로(서울여자대학교),A-06,유출,원남동사거리->성균관대입구,9449.0,37.5831,127.0009,14시,812.0
0,20171001.0,일,창경궁로(서울여자대학교),A-06,유출,원남동사거리->성균관대입구,9449.0,37.5831,127.0009,15시,842.0
0,20171001.0,일,창경궁로(서울여자대학교),A-06,유출,원남동사거리->성균관대입구,9449.0,37.5831,127.0009,16시,812.0
0,20171001.0,일,창경궁로(서울여자대학교),A-06,유출,원남동사거리->성균관대입구,9449.0,37.5831,127.0009,17시,892.0
0,20171001.0,일,창경궁로(서울여자대학교),A-06,유출,원남동사거리->성균관대입구,9449.0,37.5831,127.0009,18시,882.0
0,20171001.0,일,창경궁로(서울여자대학교),A-06,유출,원남동사거리->성균관대입구,9449.0,37.5831,127.0009,19시,801.0
0,20171001.0,일,창경궁로(서울여자대학교),A-06,유출,원남동사거리->성균관대입구,9449.0,37.5831,127.0009,20시,778.0
0,20171002.0,월,창경궁로(서울여자대학교),A-06,유출,원남동사거리->성균관대입구,10240.0,37.5831,127.0009,8시,456.0
0,20171002.0,월,창경궁로(서울여자대학교),A-06,유출,원남동사거리->성균관대입구,10240.0,37.5831,127.0009,9시,556.0
0,20171002.0,월,창경궁로(서울여자대학교),A-06,유출,원남동사거리->성균관대입구,10240.0,37.5831,127.0009,10시,643.0
0,20171002.0,월,창경궁로(서울여자대학교),A-06,유출,원남동사거리->성균관대입구,10240.0,37.5831,127.0009,11시,651.0
0,20171002.0,월,창경궁로(서울여자대학교),A-06,유출,원남동사거리->성균관대입구,10240.0,37.5831,127.0009,12시,755.0
0,20171002.0,월,창경궁로(서울여자대학교),A-06,유출,원남동사거리->성균관대입구,10240.0,37.5831,127.0009,13시,814.0
0,20171002.0,월,창경궁로(서울여자대학교),A-06,유출,원남동사거리->성균관대입구,10240.0,37.5831,127.0009,14시,857.0
0,20171002.0,월,창경궁로(서울여자대학교),A-06,유출,원남동사거리->성균관대입구,10240.0,37.5831,127.0009,15시,927.0
0,20171002.0,월,창경궁로(서울여자대학교),A-06,유출,원남동사거리->성균관대입구,10240.0,37.5831,127.0009,16시,946.0
0,20171002.0,월,창경궁로(서울여자대학교),A-06,유출,원남동사거리->성균관대입구,10240.0,37.5831,127.0009,17시,1003.0
0,20171002.0,월,창경궁로(서울여자대학교),A-06,유출,원남동사거리->성균관대입구,10240.0,37.5831,127.0009,18시,884.0
0,20171002.0,월,창경궁로(서울여자대학교),A-06,유출,원남동사거리->성균관대입구,10240.0,37.5831,127.0009,19시,853.0
0,20171002.0,월,창경궁로(서울여자대학교),A-06,유출,원남동사거리->성균관대입구,10240.0,37.5831,127.0009,20시,895.0
0,20171003.0,화,창경궁로(서울여자대학교),A-06,유출,원남동사거리->성균관대입구,9119.0,37.5831,127.0009,8시,345.0
0,20171003.0,화,창경궁로(서울여자대학교),A-06,유출,원남동사거리->성균관대입구,9119.0,37.5831,127.0009,9시,453.0
0,20171003.0,화,창경궁로(서울여자대학교),A-06,유출,원남동사거리->성균관대입구,9119.0,37.5831,127.0009,10시,657.0
0,20171003.0,화,창경궁로(서울여자대학교),A-06,유출,원남동사거리->성균관대입구,9119.0,37.5831,127.0009,11시,754.0
0,20171003.0,화,창경궁로(서울여자대학교),A-06,유출,원남동사거리->성균관대입구,9119.0,37.5831,127.0009,12시,728.0
0,20171003.0,화,창경궁로(서울여자대학교),A-06,유출,원남동사거리->성균관대입구,9119.0,37.5831,127.0009,13시,806.0
0,20171003.0,화,창경궁로(서울여자대학교),A-06,유출,원남동사거리->성균관대입구,9119.0,37.5831,127.0009,14시,839.0
0,20171003.0,화,창경궁로(서울여자대학교),A-06,유출,원남동사거리->성균관대입구,9119.0,37.5831,127.0009,15시,787.0
0,20171003.0,화,창경궁로(서울여자대학교),A-06,유출,원남동사거리->성균관대입구,9119.0,37.5831,127.0009,16시,859.0
0,20171003.0,화,창경궁로(서울여자대학교),A-06,유출,원남동사거리->성균관대입구,9119.0,37.5831,127.0009,17시,858.0
0,20171003.0,화,창경궁로(서울여자대학교),A-06,유출,원남동사거리->성균관대입구,9119.0,37.5831,127.0009,18시,820.0
0,20171003.0,화,창경궁로(서울여자대학교),A-06,유출,원남동사거리->성균관대입구,9119.0,37.5831,127.0009,19시,608.0
0,20171003.0,화,창경궁로(서울여자대학교),A-06,유출,원남동사거리->성균관대입구,9119.0,37.5831,127.0009,20시,605.0
0,20171004.0,수,창경궁로(서울여자대학교),A-06,유출,원남동사거리->성균관대입구,10469.0,37.5831,127.0009,8시,853.0
0,20171004.0,수,창경궁로(서울여자대학교),A-06,유출,원남동사거리->성균관대입구,10469.0,37.5831,127.0009,9시,558.0
0,20171004.0,수,창경궁로(서울여자대학교),A-06,유출,원남동사거리->성균관대입구,10469.0,37.5831,127.0009,10시,721.0
0,20171004.0,수,창경궁로(서울여자대학교),A-06,유출,원남동사거리->성균관대입구,10469.0,37.5831,127.0009,11시,766.0
0,20171004.0,수,창경궁로(서울여자대학교),A-06,유출,원남동사거리->성균관대입구,10469.0,37.5831,127.0009,12시,860.0
0,20171004.0,수,창경궁로(서울여자대학교),A-06,유출,원남동사거리->성균관대입구,10469.0,37.5831,127.0009,13시,790.0
0,20171004.0,수,창경궁로(서울여자대학교),A-06,유출,원남동사거리->성균관대입구,10469.0,37.5831,127.0009,14시,780.0
0,20171004.0,수,창경궁로(서울여자대학교),A-06,유출,원남동사거리->성균관대입구,10469.0,37.5831,127.0009,15시,965.0
0,20171004.0,수,창경궁로(서울여자대학교),A-06,유출,원남동사거리->성균관대입구,10469.0,37.5831,127.0009,16시,962.0
0,20171004.0,수,창경궁로(서울여자대학교),A-06,유출,원남동사거리->성균관대입구,10469.0,37.5831,127.0009,17시,980.0
0,20171004.0,수,창경궁로(서울여자대학교),A-06,유출,원남동사거리->성균관대입구,10469.0,37.5831,127.0009,18시,858.0
0,20171004.0,수,창경궁로(서울여자대학교),A-06,유출,원남동사거리->성균관대입구,10469.0,37.5831,127.0009,19시,689.0
0,20171004.0,수,창경궁로(서울여자대학교),A-06,유출,원남동사거리->성균관대입구,10469.0,37.5831,127.0009,20시,687.0
0,20171005.0,목,창경궁로(서울여자대학교),A-06,유출,원남동사거리->성균관대입구,8339.0,37.5831,127.0009,8시,273.0
0,20171005.0,목,창경궁로(서울여자대학교),A-06,유출,원남동사거리->성균관대입구,8339.0,37.5831,127.0009,9시,353.0
0,20171005.0,목,창경궁로(서울여자대학교),A-06,유출,원남동사거리->성균관대입구,8339.0,37.5831,127.0009,10시,473.0
0,20171005.0,목,창경궁로(서울여자대학교),A-06,유출,원남동사거리->성균관대입구,8339.0,37.5831,127.0009,11시,544.0
0,20171005.0,목,창경궁로(서울여자대학교),A-06,유출,원남동사거리->성균관대입구,8339.0,37.5831,127.0009,12시,590.0
0,20171005.0,목,창경궁로(서울여자대학교),A-06,유출,원남동사거리->성균관대입구,8339.0,37.5831,127.0009,13시,625.0
0,20171005.0,목,창경궁로(서울여자대학교),A-06,유출,원남동사거리->성균관대입구,8339.0,37.5831,127.0009,14시,666.0
0,20171005.0,목,창경궁로(서울여자대학교),A-06,유출,원남동사거리->성균관대입구,8339.0,37.5831,127.0009,15시,793.0
0,20171005.0,목,창경궁로(서울여자대학교),A-06,유출,원남동사거리->성균관대입구,8339.0,37.5831,127.0009,16시,859.0
0,20171005.0,목,창경궁로(서울여자대학교),A-06,유출,원남동사거리->성균관대입구,8339.0,37.5831,127.0009,17시,900.0
0,20171005.0,목,창경궁로(서울여자대학교),A-06,유출,원남동사거리->성균관대입구,8339.0,37.5831,127.0009,18시,840.0
0,20171005.0,목,창경궁로(서울여자대학교),A-06,유출,원남동사거리->성균관대입구,8339.0,37.5831,127.0009,19시,690.0
0,20171005.0,목,창경궁로(서울여자대학교),A-06,유출,원남동사거리->성균관대입구,8339.0,37.5831,127.0009,20시,733.0
0,20171006.0,금,창경궁로(서울여자대학교),A-06,유출,원남동사거리->성균관대입구,8866.0,37.5831,127.0009,8시,311.0
0,20171006.0,금,창경궁로(서울여자대학교),A-06,유출,원남동사거리->성균관대입구,8866.0,37.5831,127.0009,9시,397.0
0,20171006.0,금,창경궁로(서울여자대학교),A-06,유출,원남동사거리->성균관대입구,8866.0,37.5831,127.0009,10시,505.0
0,20171006.0,금,창경궁로(서울여자대학교),A-06,유출,원남동사거리->성균관대입구,8866.0,37.5831,127.0009,11시,529.0
0,20171006.0,금,창경궁로(서울여자대학교),A-06,유출,원남동사거리->성균관대입구,8866.0,37.5831,127.0009,12시,626.0
0,20171006.0,금,창경궁로(서울여자대학교),A-06,유출,원남동사거리->성균관대입구,8866.0,37.5831,127.0009,13시,696.0
0,20171006.0,금,창경궁로(서울여자대학교),A-06,유출,원남동사거리->성균관대입구,8866.0,37.5831,127.0009,14시,794.0
0,20171006.0,금,창경궁로(서울여자대학교),A-06,유출,원남동사거리->성균관대입구,8866.0,37.5831,127.0009,15시,790.0
0,20171006.0,금,창경궁로(서울여자대학교),A-06,유출,원남동사거리->성균관대입구,8866.0,37.5831,127.0009,16시,881.0
0,20171006.0,금,창경궁로(서울여자대학교),A-06,유출,원남동사거리->성균관대입구,8866.0,37.5831,127.0009,17시,922.0
0,20171006.0,금,창경궁로(서울여자대학교),A-06,유출,원남동사거리->성균관대입구,8866.0,37.5831,127.0009,18시,889.0
0,20171006.0,금,창경궁로(서울여자대학교),A-06,유출,원남동사거리->성균관대입구,8866.0,37.5831,127.0009,19시,751.0
0,20171006.0,금,창경궁로(서울여자대학교),A-06,유출,원남동사거리->성균관대입구,8866.0,37.5831,127.0009,20시,775.0
0,20171007.0,토,창경궁로(서울여자대학교),A-06,유출,원남동사거리->성균관대입구,9734.0,37.5831,127.0009,8시,459.0
0,20171007.0,토,창경궁로(서울여자대학교),A-06,유출,원남동사거리->성균관대입구,9734.0,37.5831,127.0009,9시,512.0
0,20171007.0,토,창경궁로(서울여자대학교),A-06,유출,원남동사거리->성균관대입구,9734.0,37.5831,127.0009,10시,546.0
0,20171007.0,토,창경궁로(서울여자대학교),A-06,유출,원남동사거리->성균관대입구,9734.0,37.5831,127.0009,11시,644.0
0,20171007.0,토,창경궁로(서울여자대학교),A-06,유출,원남동사거리->성균관대입구,9734.0,37.5831,127.0009,12시,745.0
0,20171007.0,토,창경궁로(서울여자대학교),A-06,유출,원남동사거리->성균관대입구,9734.0,37.5831,127.0009,13시,766.0
0,20171007.0,토,창경궁로(서울여자대학교),A-06,유출,원남동사거리->성균관대입구,9734.0,37.5831,127.0009,14시,755.0
0,20171007.0,토,창경궁로(서울여자대학교),A-06,유출,원남동사거리->성균관대입구,9734.0,37.5831,127.0009,15시,852.0
0,20171007.0,토,창경궁로(서울여자대학교),A-06,유출,원남동사거리->성균관대입구,9734.0,37.5831,127.0009,16시,917.0
0,20171007.0,토,창경궁로(서울여자대학교),A-06,유출,원남동사거리->성균관대입구,9734.0,37.5831,127.0009,17시,919.0
0,20171007.0,토,창경궁로(서울여자대학교),A-06,유출,원남동사거리->성균관대입구,9734.0,37.5831,127.0009,18시,924.0
0,20171007.0,토,창경궁로(서울여자대학교),A-06,유출,원남동사거리->성균관대입구,9734.0,37.5831,127.0009,19시,844.0
0,20171007.0,토,창경궁로(서울여자대학교),A-06,유출,원남동사거리->성균관대입구,9734.0,37.5831,127.0009,20시,851.0
0,20171008.0,일,창경궁로(서울여자대학교),A-06,유출,원남동사거리->성균관대입구,9076.0,37.5831,127.0009,8시,381.0
0,20171008.0,일,창경궁로(서울여자대학교),A-06,유출,원남동사거리->성균관대입구,9076.0,37.5831,127.0009,9시,456.0
0,20171008.0,일,창경궁로(서울여자대학교),A-06,유출,원남동사거리->성균관대입구,9076.0,37.5831,127.0009,10시,554.0
0,20171008.0,일,창경궁로(서울여자대학교),A-06,유출,원남동사거리->성균관대입구,9076.0,37.5831,127.0009,11시,501.0
0,20171008.0,일,창경궁로(서울여자대학교),A-06,유출,원남동사거리->성균관대입구,9076.0,37.5831,127.0009,12시,669.0
0,20171008.0,일,창경궁로(서울여자대학교),A-06,유출,원남동사거리->성균관대입구,9076.0,37.5831,127.0009,13시,760.0
0,20171008.0,일,창경궁로(서울여자대학교),A-06,유출,원남동사거리->성균관대입구,9076.0,37.5831,127.0009,14시,770.0
0,20171008.0,일,창경궁로(서울여자대학교),A-06,유출,원남동사거리->성균관대입구,9076.0,37.5831,127.0009,15시,819.0
0,20171008.0,일,창경궁로(서울여자대학교),A-06,유출,원남동사거리->성균관대입구,9076.0,37.5831,127.0009,16시,893.0
0,20171008.0,일,창경궁로(서울여자대학교),A-06,유출,원남동사거리->성균관대입구,9076.0,37.5831,127.0009,17시,842.0
0,20171008.0,일,창경궁로(서울여자대학교),A-06,유출,원남동사거리->성균관대입구,9076.0,37.5831,127.0009,18시,887.0
0,20171008.0,일,창경궁로(서울여자대학교),A-06,유출,원남동사거리->성균관대입구,9076.0,37.5831,127.0009,19시,728.0
0,20171008.0,일,창경궁로(서울여자대학교),A-06,유출,원남동사거리->성균관대입구,9076.0,37.5831,127.0009,20시,816.0
0,20171009.0,월,창경궁로(서울여자대학교),A-06,유출,원남동사거리->성균관대입구,9847.0,37.5831,127.0009,8시,404.0
0,20171009.0,월,창경궁로(서울여자대학교),A-06,유출,원남동사거리->성균관대입구,9847.0,37.5831,127.0009,9시,506.0
0,20171009.0,월,창경궁로(서울여자대학교),A-06,유출,원남동사거리->성균관대입구,9847.0,37.5831,127.0009,10시,558.0
0,20171009.0,월,창경궁로(서울여자대학교),A-06,유출,원남동사거리->성균관대입구,9847.0,37.5831,127.0009,11시,626.0
0,20171009.0,월,창경궁로(서울여자대학교),A-06,유출,원남동사거리->성균관대입구,9847.0,37.5831,127.0009,12시,690.0
0,20171009.0,월,창경궁로(서울여자대학교),A-06,유출,원남동사거리->성균관대입구,9847.0,37.5831,127.0009,13시,712.0
0,20171009.0,월,창경궁로(서울여자대학교),A-06,유출,원남동사거리->성균관대입구,9847.0,37.5831,127.0009,14시,875.0
0,20171009.0,월,창경궁로(서울여자대학교),A-06,유출,원남동사거리->성균관대입구,9847.0,37.5831,127.0009,15시,901.0
0,20171009.0,월,창경궁로(서울여자대학교),A-06,유출,원남동사거리->성균관대입구,9847.0,37.5831,127.0009,16시,993.0
0,20171009.0,월,창경궁로(서울여자대학교),A-06,유출,원남동사거리->성균관대입구,9847.0,37.5831,127.0009,17시,958.0
0,20171009.0,월,창경궁로(서울여자대학교),A-06,유출,원남동사거리->성균관대입구,9847.0,37.5831,127.0009,18시,985.0
0,20171009.0,월,창경궁로(서울여자대학교),A-06,유출,원남동사거리->성균관대입구,9847.0,37.5831,127.0009,19시,818.0
0,20171009.0,월,창경궁로(서울여자대학교),A-06,유출,원남동사거리->성균관대입구,9847.0,37.5831,127.0009,20시,821.0
0,20171010.0,화,창경궁로(서울여자대학교),A-06,유출,원남동사거리->성균관대입구,11743.0,37.5831,127.0009,8시,641.0
0,20171010.0,화,창경궁로(서울여자대학교),A-06,유출,원남동사거리->성균관대입구,11743.0,37.5831,127.0009,9시,605.0
0,20171010.0,화,창경궁로(서울여자대학교),A-06,유출,원남동사거리->성균관대입구,11743.0,37.5831,127.0009,10시,691.0
0,20171010.0,화,창경궁로(서울여자대학교),A-06,유출,원남동사거리->성균관대입구,11743.0,37.5831,127.0009,11시,873.0
0,20171010.0,화,창경궁로(서울여자대학교),A-06,유출,원남동사거리->성균관대입구,11743.0,37.5831,127.0009,12시,886.0
0,20171010.0,화,창경궁로(서울여자대학교),A-06,유출,원남동사거리->성균관대입구,11743.0,37.5831,127.0009,13시,873.0
0,20171010.0,화,창경궁로(서울여자대학교),A-06,유출,원남동사거리->성균관대입구,11743.0,37.5831,127.0009,14시,863.0
0,20171010.0,화,창경궁로(서울여자대학교),A-06,유출,원남동사거리->성균관대입구,11743.0,37.5831,127.0009,15시,972.0
0,20171010.0,화,창경궁로(서울여자대학교),A-06,유출,원남동사거리->성균관대입구,11743.0,37.5831,127.0009,16시,1043.0
0,20171010.0,화,창경궁로(서울여자대학교),A-06,유출,원남동사거리->성균관대입구,11743.0,37.5831,127.0009,17시,1046.0
0,20171010.0,화,창경궁로(서울여자대학교),A-06,유출,원남동사거리->성균관대입구,11743.0,37.5831,127.0009,18시,1104.0
0,20171010.0,화,창경궁로(서울여자대학교),A-06,유출,원남동사거리->성균관대입구,11743.0,37.5831,127.0009,19시,1135.0
0,20171010.0,화,창경궁로(서울여자대학교),A-06,유출,원남동사거리->성균관대입구,11743.0,37.5831,127.0009,20시,1011.0
0,20171011.0,수,창경궁로(서울여자대학교),A-06,유출,원남동사거리->성균관대입구,11721.0,37.5831,127.0009,8시,599.0
0,20171011.0,수,창경궁로(서울여자대학교),A-06,유출,원남동사거리->성균관대입구,11721.0,37.5831,127.0009,9시,681.0
0,20171011.0,수,창경궁로(서울여자대학교),A-06,유출,원남동사거리->성균관대입구,11721.0,37.5831,127.0009,10시,669.0
0,20171011.0,수,창경궁로(서울여자대학교),A-06,유출,원남동사거리->성균관대입구,11721.0,37.5831,127.0009,11시,838.0
0,20171011.0,수,창경궁로(서울여자대학교),A-06,유출,원남동사거리->성균관대입구,11721.0,37.5831,127.0009,12시,899.0
0,20171011.0,수,창경궁로(서울여자대학교),A-06,유출,원남동사거리->성균관대입구,11721.0,37.5831,127.0009,13시,845.0
0,20171011.0,수,창경궁로(서울여자대학교),A-06,유출,원남동사거리->성균관대입구,11721.0,37.5831,127.0009,14시,900.0
0,20171011.0,수,창경궁로(서울여자대학교),A-06,유출,원남동사거리->성균관대입구,11721.0,37.5831,127.0009,15시,1006.0
0,20171011.0,수,창경궁로(서울여자대학교),A-06,유출,원남동사거리->성균관대입구,11721.0,37.5831,127.0009,16시,1029.0
0,20171011.0,수,창경궁로(서울여자대학교),A-06,유출,원남동사거리->성균관대입구,11721.0,37.5831,127.0009,17시,1063.0
0,20171011.0,수,창경궁로(서울여자대학교),A-06,유출,원남동사거리->성균관대입구,11721.0,37.5831,127.0009,18시,1127.0
0,20171011.0,수,창경궁로(서울여자대학교),A-06,유출,원남동사거리->성균관대입구,11721.0,37.5831,127.0009,19시,1073.0
0,20171011.0,수,창경궁로(서울여자대학교),A-06,유출,원남동사거리->성균관대입구,11721.0,37.5831,127.0009,20시,992.0
0,20171012.0,목,창경궁로(서울여자대학교),A-06,유출,원남동사거리->성균관대입구,11590.0,37.5831,127.0009,8시,642.0
0,20171012.0,목,창경궁로(서울여자대학교),A-06,유출,원남동사거리->성균관대입구,11590.0,37.5831,127.0009,9시,667.0
0,20171012.0,목,창경궁로(서울여자대학교),A-06,유출,원남동사거리->성균관대입구,11590.0,37.5831,127.0009,10시,745.0
0,20171012.0,목,창경궁로(서울여자대학교),A-06,유출,원남동사거리->성균관대입구,11590.0,37.5831,127.0009,11시,844.0
0,20171012.0,목,창경궁로(서울여자대학교),A-06,유출,원남동사거리->성균관대입구,11590.0,37.5831,127.0009,12시,809.0
0,20171012.0,목,창경궁로(서울여자대학교),A-06,유출,원남동사거리->성균관대입구,11590.0,37.5831,127.0009,13시,842.0
0,20171012.0,목,창경궁로(서울여자대학교),A-06,유출,원남동사거리->성균관대입구,11590.0,37.5831,127.0009,14시,860.0
0,20171012.0,목,창경궁로(서울여자대학교),A-06,유출,원남동사거리->성균관대입구,11590.0,37.5831,127.0009,15시,925.0
0,20171012.0,목,창경궁로(서울여자대학교),A-06,유출,원남동사거리->성균관대입구,11590.0,37.5831,127.0009,16시,1040.0
0,20171012.0,목,창경궁로(서울여자대학교),A-06,유출,원남동사거리->성균관대입구,11590.0,37.5831,127.0009,17시,1012.0
0,20171012.0,목,창경궁로(서울여자대학교),A-06,유출,원남동사거리->성균관대입구,11590.0,37.5831,127.0009,18시,1064.0
0,20171012.0,목,창경궁로(서울여자대학교),A-06,유출,원남동사거리->성균관대입구,11590.0,37.5831,127.0009,19시,1109.0
0,20171012.0,목,창경궁로(서울여자대학교),A-06,유출,원남동사거리->성균관대입구,11590.0,37.5831,127.0009,20시,1031.0
0,20171013.0,금,창경궁로(서울여자대학교),A-06,유출,원남동사거리->성균관대입구,11903.0,37.5831,127.0009,8시,651.0
0,20171013.0,금,창경궁로(서울여자대학교),A-06,유출,원남동사거리->성균관대입구,11903.0,37.5831,127.0009,9시,643.0
0,20171013.0,금,창경궁로(서울여자대학교),A-06,유출,원남동사거리->성균관대입구,11903.0,37.5831,127.0009,10시,727.0
0,20171013.0,금,창경궁로(서울여자대학교),A-06,유출,원남동사거리->성균관대입구,11903.0,37.5831,127.0009,11시,855.0
0,20171013.0,금,창경궁로(서울여자대학교),A-06,유출,원남동사거리->성균관대입구,11903.0,37.5831,127.0009,12시,902.0
0,20171013.0,금,창경궁로(서울여자대학교),A-06,유출,원남동사거리->성균관대입구,11903.0,37.5831,127.0009,13시,888.0
0,20171013.0,금,창경궁로(서울여자대학교),A-06,유출,원남동사거리->성균관대입구,11903.0,37.5831,127.0009,14시,955.0
0,20171013.0,금,창경궁로(서울여자대학교),A-06,유출,원남동사거리->성균관대입구,11903.0,37.5831,127.0009,15시,939.0
0,20171013.0,금,창경궁로(서울여자대학교),A-06,유출,원남동사거리->성균관대입구,11903.0,37.5831,127.0009,16시,1077.0
0,20171013.0,금,창경궁로(서울여자대학교),A-06,유출,원남동사거리->성균관대입구,11903.0,37.5831,127.0009,17시,1027.0
0,20171013.0,금,창경궁로(서울여자대학교),A-06,유출,원남동사거리->성균관대입구,11903.0,37.5831,127.0009,18시,1001.0
0,20171013.0,금,창경궁로(서울여자대학교),A-06,유출,원남동사거리->성균관대입구,11903.0,37.5831,127.0009,19시,1110.0
0,20171013.0,금,창경궁로(서울여자대학교),A-06,유출,원남동사거리->성균관대입구,11903.0,37.5831,127.0009,20시,1128.0
0,20171014.0,토,창경궁로(서울여자대학교),A-06,유출,원남동사거리->성균관대입구,13290.0,37.5831,127.0009,8시,642.0
0,20171014.0,토,창경궁로(서울여자대학교),A-06,유출,원남동사거리->성균관대입구,13290.0,37.5831,127.0009,9시,690.0
0,20171014.0,토,창경궁로(서울여자대학교),A-06,유출,원남동사거리->성균관대입구,13290.0,37.5831,127.0009,10시,796.0
0,20171014.0,토,창경궁로(서울여자대학교),A-06,유출,원남동사거리->성균관대입구,13290.0,37.5831,127.0009,11시,1010.0
0,20171014.0,토,창경궁로(서울여자대학교),A-06,유출,원남동사거리->성균관대입구,13290.0,37.5831,127.0009,12시,1309.0
0,20171014.0,토,창경궁로(서울여자대학교),A-06,유출,원남동사거리->성균관대입구,13290.0,37.5831,127.0009,13시,1193.0
0,20171014.0,토,창경궁로(서울여자대학교),A-06,유출,원남동사거리->성균관대입구,13290.0,37.5831,127.0009,14시,1203.0
0,20171014.0,토,창경궁로(서울여자대학교),A-06,유출,원남동사거리->성균관대입구,13290.0,37.5831,127.0009,15시,1195.0
0,20171014.0,토,창경궁로(서울여자대학교),A-06,유출,원남동사거리->성균관대입구,13290.0,37.5831,127.0009,16시,1283.0
0,20171014.0,토,창경궁로(서울여자대학교),A-06,유출,원남동사거리->성균관대입구,13290.0,37.5831,127.0009,17시,1077.0
0,20171014.0,토,창경궁로(서울여자대학교),A-06,유출,원남동사거리->성균관대입구,13290.0,37.5831,127.0009,18시,1023.0
0,20171014.0,토,창경궁로(서울여자대학교),A-06,유출,원남동사거리->성균관대입구,13290.0,37.5831,127.0009,19시,969.0
0,20171014.0,토,창경궁로(서울여자대학교),A-06,유출,원남동사거리->성균관대입구,13290.0,37.5831,127.0009,20시,900.0
0,20171015.0,일,창경궁로(서울여자대학교),A-06,유출,원남동사거리->성균관대입구,10322.0,37.5831,127.0009,8시,474.0
0,20171015.0,일,창경궁로(서울여자대학교),A-06,유출,원남동사거리->성균관대입구,10322.0,37.5831,127.0009,9시,588.0
0,20171015.0,일,창경궁로(서울여자대학교),A-06,유출,원남동사거리->성균관대입구,10322.0,37.5831,127.0009,10시,608.0
0,20171015.0,일,창경궁로(서울여자대학교),A-06,유출,원남동사거리->성균관대입구,10322.0,37.5831,127.0009,11시,641.0
0,20171015.0,일,창경궁로(서울여자대학교),A-06,유출,원남동사거리->성균관대입구,10322.0,37.5831,127.0009,12시,761.0
0,20171015.0,일,창경궁로(서울여자대학교),A-06,유출,원남동사거리->성균관대입구,10322.0,37.5831,127.0009,13시,831.0
0,20171015.0,일,창경궁로(서울여자대학교),A-06,유출,원남동사거리->성균관대입구,10322.0,37.5831,127.0009,14시,894.0
0,20171015.0,일,창경궁로(서울여자대학교),A-06,유출,원남동사거리->성균관대입구,10322.0,37.5831,127.0009,15시,886.0
0,20171015.0,일,창경궁로(서울여자대학교),A-06,유출,원남동사거리->성균관대입구,10322.0,37.5831,127.0009,16시,820.0
0,20171015.0,일,창경궁로(서울여자대학교),A-06,유출,원남동사거리->성균관대입구,10322.0,37.5831,127.0009,17시,953.0
0,20171015.0,일,창경궁로(서울여자대학교),A-06,유출,원남동사거리->성균관대입구,10322.0,37.5831,127.0009,18시,1000.0
0,20171015.0,일,창경궁로(서울여자대학교),A-06,유출,원남동사거리->성균관대입구,10322.0,37.5831,127.0009,19시,923.0
0,20171015.0,일,창경궁로(서울여자대학교),A-06,유출,원남동사거리->성균관대입구,10322.0,37.5831,127.0009,20시,943.0
0,20171016.0,월,창경궁로(서울여자대학교),A-06,유출,원남동사거리->성균관대입구,11135.0,37.5831,127.0009,8시,606.0
0,20171016.0,월,창경궁로(서울여자대학교),A-06,유출,원남동사거리->성균관대입구,11135.0,37.5831,127.0009,9시,668.0
0,20171016.0,월,창경궁로(서울여자대학교),A-06,유출,원남동사거리->성균관대입구,11135.0,37.5831,127.0009,10시,733.0
0,20171016.0,월,창경궁로(서울여자대학교),A-06,유출,원남동사거리->성균관대입구,11135.0,37.5831,127.0009,11시,834.0
0,20171016.0,월,창경궁로(서울여자대학교),A-06,유출,원남동사거리->성균관대입구,11135.0,37.5831,127.0009,12시,864.0
0,20171016.0,월,창경궁로(서울여자대학교),A-06,유출,원남동사거리->성균관대입구,11135.0,37.5831,127.0009,13시,858.0
0,20171016.0,월,창경궁로(서울여자대학교),A-06,유출,원남동사거리->성균관대입구,11135.0,37.5831,127.0009,14시,939.0
0,20171016.0,월,창경궁로(서울여자대학교),A-06,유출,원남동사거리->성균관대입구,11135.0,37.5831,127.0009,15시,519.0
0,20171016.0,월,창경궁로(서울여자대학교),A-06,유출,원남동사거리->성균관대입구,11135.0,37.5831,127.0009,16시,907.0
0,20171016.0,월,창경궁로(서울여자대학교),A-06,유출,원남동사거리->성균관대입구,11135.0,37.5831,127.0009,17시,1115.0
0,20171016.0,월,창경궁로(서울여자대학교),A-06,유출,원남동사거리->성균관대입구,11135.0,37.5831,127.0009,18시,1079.0
0,20171016.0,월,창경궁로(서울여자대학교),A-06,유출,원남동사거리->성균관대입구,11135.0,37.5831,127.0009,19시,973.0
0,20171016.0,월,창경궁로(서울여자대학교),A-06,유출,원남동사거리->성균관대입구,11135.0,37.5831,127.0009,20시,1040.0
0,20171017.0,화,창경궁로(서울여자대학교),A-06,유출,원남동사거리->성균관대입구,11859.0,37.5831,127.0009,8시,679.0
0,20171017.0,화,창경궁로(서울여자대학교),A-06,유출,원남동사거리->성균관대입구,11859.0,37.5831,127.0009,9시,713.0
0,20171017.0,화,창경궁로(서울여자대학교),A-06,유출,원남동사거리->성균관대입구,11859.0,37.5831,127.0009,10시,751.0
0,20171017.0,화,창경궁로(서울여자대학교),A-06,유출,원남동사거리->성균관대입구,11859.0,37.5831,127.0009,11시,805.0
0,20171017.0,화,창경궁로(서울여자대학교),A-06,유출,원남동사거리->성균관대입구,11859.0,37.5831,127.0009,12시,852.0
0,20171017.0,화,창경궁로(서울여자대학교),A-06,유출,원남동사거리->성균관대입구,11859.0,37.5831,127.0009,13시,832.0
0,20171017.0,화,창경궁로(서울여자대학교),A-06,유출,원남동사거리->성균관대입구,11859.0,37.5831,127.0009,14시,912.0
0,20171017.0,화,창경궁로(서울여자대학교),A-06,유출,원남동사거리->성균관대입구,11859.0,37.5831,127.0009,15시,1014.0
0,20171017.0,화,창경궁로(서울여자대학교),A-06,유출,원남동사거리->성균관대입구,11859.0,37.5831,127.0009,16시,994.0
0,20171017.0,화,창경궁로(서울여자대학교),A-06,유출,원남동사거리->성균관대입구,11859.0,37.5831,127.0009,17시,1025.0
0,20171017.0,화,창경궁로(서울여자대학교),A-06,유출,원남동사거리->성균관대입구,11859.0,37.5831,127.0009,18시,1129.0
0,20171017.0,화,창경궁로(서울여자대학교),A-06,유출,원남동사거리->성균관대입구,11859.0,37.5831,127.0009,19시,1111.0
0,20171017.0,화,창경궁로(서울여자대학교),A-06,유출,원남동사거리->성균관대입구,11859.0,37.5831,127.0009,20시,1042.0
0,20171018.0,수,창경궁로(서울여자대학교),A-06,유출,원남동사거리->성균관대입구,11597.0,37.5831,127.0009,8시,589.0
0,20171018.0,수,창경궁로(서울여자대학교),A-06,유출,원남동사거리->성균관대입구,11597.0,37.5831,127.0009,9시,686.0
0,20171018.0,수,창경궁로(서울여자대학교),A-06,유출,원남동사거리->성균관대입구,11597.0,37.5831,127.0009,10시,817.0
0,20171018.0,수,창경궁로(서울여자대학교),A-06,유출,원남동사거리->성균관대입구,11597.0,37.5831,127.0009,11시,815.0
0,20171018.0,수,창경궁로(서울여자대학교),A-06,유출,원남동사거리->성균관대입구,11597.0,37.5831,127.0009,12시,850.0
0,20171018.0,수,창경궁로(서울여자대학교),A-06,유출,원남동사거리->성균관대입구,11597.0,37.5831,127.0009,13시,852.0
0,20171018.0,수,창경궁로(서울여자대학교),A-06,유출,원남동사거리->성균관대입구,11597.0,37.5831,127.0009,14시,847.0
0,20171018.0,수,창경궁로(서울여자대학교),A-06,유출,원남동사거리->성균관대입구,11597.0,37.5831,127.0009,15시,914.0
0,20171018.0,수,창경궁로(서울여자대학교),A-06,유출,원남동사거리->성균관대입구,11597.0,37.5831,127.0009,16시,982.0
0,20171018.0,수,창경궁로(서울여자대학교),A-06,유출,원남동사거리->성균관대입구,11597.0,37.5831,127.0009,17시,1024.0
0,20171018.0,수,창경궁로(서울여자대학교),A-06,유출,원남동사거리->성균관대입구,11597.0,37.5831,127.0009,18시,1029.0
0,20171018.0,수,창경궁로(서울여자대학교),A-06,유출,원남동사거리->성균관대입구,11597.0,37.5831,127.0009,19시,1088.0
0,20171018.0,수,창경궁로(서울여자대학교),A-06,유출,원남동사거리->성균관대입구,11597.0,37.5831,127.0009,20시,1104.0
0,20171019.0,목,창경궁로(서울여자대학교),A-06,유출,원남동사거리->성균관대입구,11591.0,37.5831,127.0009,8시,640.0
0,20171019.0,목,창경궁로(서울여자대학교),A-06,유출,원남동사거리->성균관대입구,11591.0,37.5831,127.0009,9시,714.0
0,20171019.0,목,창경궁로(서울여자대학교),A-06,유출,원남동사거리->성균관대입구,11591.0,37.5831,127.0009,10시,736.0
0,20171019.0,목,창경궁로(서울여자대학교),A-06,유출,원남동사거리->성균관대입구,11591.0,37.5831,127.0009,11시,761.0
0,20171019.0,목,창경궁로(서울여자대학교),A-06,유출,원남동사거리->성균관대입구,11591.0,37.5831,127.0009,12시,827.0
0,20171019.0,목,창경궁로(서울여자대학교),A-06,유출,원남동사거리->성균관대입구,11591.0,37.5831,127.0009,13시,785.0
0,20171019.0,목,창경궁로(서울여자대학교),A-06,유출,원남동사거리->성균관대입구,11591.0,37.5831,127.0009,14시,876.0
0,20171019.0,목,창경궁로(서울여자대학교),A-06,유출,원남동사거리->성균관대입구,11591.0,37.5831,127.0009,15시,1007.0
0,20171019.0,목,창경궁로(서울여자대학교),A-06,유출,원남동사거리->성균관대입구,11591.0,37.5831,127.0009,16시,976.0
0,20171019.0,목,창경궁로(서울여자대학교),A-06,유출,원남동사거리->성균관대입구,11591.0,37.5831,127.0009,17시,1020.0
0,20171019.0,목,창경궁로(서울여자대학교),A-06,유출,원남동사거리->성균관대입구,11591.0,37.5831,127.0009,18시,1050.0
0,20171019.0,목,창경궁로(서울여자대학교),A-06,유출,원남동사거리->성균관대입구,11591.0,37.5831,127.0009,19시,1141.0
0,20171019.0,목,창경궁로(서울여자대학교),A-06,유출,원남동사거리->성균관대입구,11591.0,37.5831,127.0009,20시,1058.0
0,20171020.0,금,창경궁로(서울여자대학교),A-06,유출,원남동사거리->성균관대입구,10734.0,37.5831,127.0009,8시,638.0
0,20171020.0,금,창경궁로(서울여자대학교),A-06,유출,원남동사거리->성균관대입구,10734.0,37.5831,127.0009,9시,650.0
0,20171020.0,금,창경궁로(서울여자대학교),A-06,유출,원남동사거리->성균관대입구,10734.0,37.5831,127.0009,10시,644.0
0,20171020.0,금,창경궁로(서울여자대학교),A-06,유출,원남동사거리->성균관대입구,10734.0,37.5831,127.0009,11시,779.0
0,20171020.0,금,창경궁로(서울여자대학교),A-06,유출,원남동사거리->성균관대입구,10734.0,37.5831,127.0009,12시,742.0
0,20171020.0,금,창경궁로(서울여자대학교),A-06,유출,원남동사거리->성균관대입구,10734.0,37.5831,127.0009,13시,792.0
0,20171020.0,금,창경궁로(서울여자대학교),A-06,유출,원남동사거리->성균관대입구,10734.0,37.5831,127.0009,14시,830.0
0,20171020.0,금,창경궁로(서울여자대학교),A-06,유출,원남동사거리->성균관대입구,10734.0,37.5831,127.0009,15시,962.0
0,20171020.0,금,창경궁로(서울여자대학교),A-06,유출,원남동사거리->성균관대입구,10734.0,37.5831,127.0009,16시,996.0
0,20171020.0,금,창경궁로(서울여자대학교),A-06,유출,원남동사거리->성균관대입구,10734.0,37.5831,127.0009,17시,1055.0
0,20171020.0,금,창경궁로(서울여자대학교),A-06,유출,원남동사거리->성균관대입구,10734.0,37.5831,127.0009,18시,1014.0
0,20171020.0,금,창경궁로(서울여자대학교),A-06,유출,원남동사거리->성균관대입구,10734.0,37.5831,127.0009,19시,979.0
0,20171020.0,금,창경궁로(서울여자대학교),A-06,유출,원남동사거리->성균관대입구,10734.0,37.5831,127.0009,20시,653.0
0,20171021.0,토,창경궁로(서울여자대학교),A-06,유출,원남동사거리->성균관대입구,11998.0,37.5831,127.0009,8시,662.0
0,20171021.0,토,창경궁로(서울여자대학교),A-06,유출,원남동사거리->성균관대입구,11998.0,37.5831,127.0009,9시,754.0
0,20171021.0,토,창경궁로(서울여자대학교),A-06,유출,원남동사거리->성균관대입구,11998.0,37.5831,127.0009,10시,816.0
0,20171021.0,토,창경궁로(서울여자대학교),A-06,유출,원남동사거리->성균관대입구,11998.0,37.5831,127.0009,11시,848.0
0,20171021.0,토,창경궁로(서울여자대학교),A-06,유출,원남동사거리->성균관대입구,11998.0,37.5831,127.0009,12시,1075.0
0,20171021.0,토,창경궁로(서울여자대학교),A-06,유출,원남동사거리->성균관대입구,11998.0,37.5831,127.0009,13시,1120.0
0,20171021.0,토,창경궁로(서울여자대학교),A-06,유출,원남동사거리->성균관대입구,11998.0,37.5831,127.0009,14시,1178.0
0,20171021.0,토,창경궁로(서울여자대학교),A-06,유출,원남동사거리->성균관대입구,11998.0,37.5831,127.0009,15시,1080.0
0,20171021.0,토,창경궁로(서울여자대학교),A-06,유출,원남동사거리->성균관대입구,11998.0,37.5831,127.0009,16시,1003.0
0,20171021.0,토,창경궁로(서울여자대학교),A-06,유출,원남동사거리->성균관대입구,11998.0,37.5831,127.0009,17시,881.0
0,20171021.0,토,창경궁로(서울여자대학교),A-06,유출,원남동사거리->성균관대입구,11998.0,37.5831,127.0009,18시,771.0
0,20171021.0,토,창경궁로(서울여자대학교),A-06,유출,원남동사거리->성균관대입구,11998.0,37.5831,127.0009,19시,984.0
0,20171021.0,토,창경궁로(서울여자대학교),A-06,유출,원남동사거리->성균관대입구,11998.0,37.5831,127.0009,20시,826.0
0,20171022.0,일,창경궁로(서울여자대학교),A-06,유출,원남동사거리->성균관대입구,7675.0,37.5831,127.0009,8시,507.0
0,20171022.0,일,창경궁로(서울여자대학교),A-06,유출,원남동사거리->성균관대입구,7675.0,37.5831,127.0009,9시,535.0
0,20171022.0,일,창경궁로(서울여자대학교),A-06,유출,원남동사거리->성균관대입구,7675.0,37.5831,127.0009,10시,566.0
0,20171022.0,일,창경궁로(서울여자대학교),A-06,유출,원남동사거리->성균관대입구,7675.0,37.5831,127.0009,11시,622.0
0,20171022.0,일,창경궁로(서울여자대학교),A-06,유출,원남동사거리->성균관대입구,7675.0,37.5831,127.0009,12시,540.0
0,20171022.0,일,창경궁로(서울여자대학교),A-06,유출,원남동사거리->성균관대입구,7675.0,37.5831,127.0009,13시,565.0
0,20171022.0,일,창경궁로(서울여자대학교),A-06,유출,원남동사거리->성균관대입구,7675.0,37.5831,127.0009,14시,567.0
0,20171022.0,일,창경궁로(서울여자대학교),A-06,유출,원남동사거리->성균관대입구,7675.0,37.5831,127.0009,15시,643.0
0,20171022.0,일,창경궁로(서울여자대학교),A-06,유출,원남동사거리->성균관대입구,7675.0,37.5831,127.0009,16시,586.0
0,20171022.0,일,창경궁로(서울여자대학교),A-06,유출,원남동사거리->성균관대입구,7675.0,37.5831,127.0009,17시,711.0
0,20171022.0,일,창경궁로(서울여자대학교),A-06,유출,원남동사거리->성균관대입구,7675.0,37.5831,127.0009,18시,647.0
0,20171022.0,일,창경궁로(서울여자대학교),A-06,유출,원남동사거리->성균관대입구,7675.0,37.5831,127.0009,19시,660.0
0,20171022.0,일,창경궁로(서울여자대학교),A-06,유출,원남동사거리->성균관대입구,7675.0,37.5831,127.0009,20시,526.0
0,20171023.0,월,창경궁로(서울여자대학교),A-06,유출,원남동사거리->성균관대입구,11386.0,37.5831,127.0009,8시,668.0
0,20171023.0,월,창경궁로(서울여자대학교),A-06,유출,원남동사거리->성균관대입구,11386.0,37.5831,127.0009,9시,656.0
0,20171023.0,월,창경궁로(서울여자대학교),A-06,유출,원남동사거리->성균관대입구,11386.0,37.5831,127.0009,10시,712.0
0,20171023.0,월,창경궁로(서울여자대학교),A-06,유출,원남동사거리->성균관대입구,11386.0,37.5831,127.0009,11시,804.0
0,20171023.0,월,창경궁로(서울여자대학교),A-06,유출,원남동사거리->성균관대입구,11386.0,37.5831,127.0009,12시,818.0
0,20171023.0,월,창경궁로(서울여자대학교),A-06,유출,원남동사거리->성균관대입구,11386.0,37.5831,127.0009,13시,810.0
0,20171023.0,월,창경궁로(서울여자대학교),A-06,유출,원남동사거리->성균관대입구,11386.0,37.5831,127.0009,14시,862.0
0,20171023.0,월,창경궁로(서울여자대학교),A-06,유출,원남동사거리->성균관대입구,11386.0,37.5831,127.0009,15시,965.0
0,20171023.0,월,창경궁로(서울여자대학교),A-06,유출,원남동사거리->성균관대입구,11386.0,37.5831,127.0009,16시,1055.0
0,20171023.0,월,창경궁로(서울여자대학교),A-06,유출,원남동사거리->성균관대입구,11386.0,37.5831,127.0009,17시,1004.0
0,20171023.0,월,창경궁로(서울여자대학교),A-06,유출,원남동사거리->성균관대입구,11386.0,37.5831,127.0009,18시,1024.0
0,20171023.0,월,창경궁로(서울여자대학교),A-06,유출,원남동사거리->성균관대입구,11386.0,37.5831,127.0009,19시,1078.0
0,20171023.0,월,창경궁로(서울여자대학교),A-06,유출,원남동사거리->성균관대입구,11386.0,37.5831,127.0009,20시,930.0
0,20171024.0,화,창경궁로(서울여자대학교),A-06,유출,원남동사거리->성균관대입구,11764.0,37.5831,127.0009,8시,641.0
0,20171024.0,화,창경궁로(서울여자대학교),A-06,유출,원남동사거리->성균관대입구,11764.0,37.5831,127.0009,9시,664.0
0,20171024.0,화,창경궁로(서울여자대학교),A-06,유출,원남동사거리->성균관대입구,11764.0,37.5831,127.0009,10시,786.0
0,20171024.0,화,창경궁로(서울여자대학교),A-06,유출,원남동사거리->성균관대입구,11764.0,37.5831,127.0009,11시,834.0
0,20171024.0,화,창경궁로(서울여자대학교),A-06,유출,원남동사거리->성균관대입구,11764.0,37.5831,127.0009,12시,865.0
0,20171024.0,화,창경궁로(서울여자대학교),A-06,유출,원남동사거리->성균관대입구,11764.0,37.5831,127.0009,13시,819.0
0,20171024.0,화,창경궁로(서울여자대학교),A-06,유출,원남동사거리->성균관대입구,11764.0,37.5831,127.0009,14시,911.0
0,20171024.0,화,창경궁로(서울여자대학교),A-06,유출,원남동사거리->성균관대입구,11764.0,37.5831,127.0009,15시,1008.0
0,20171024.0,화,창경궁로(서울여자대학교),A-06,유출,원남동사거리->성균관대입구,11764.0,37.5831,127.0009,16시,993.0
0,20171024.0,화,창경궁로(서울여자대학교),A-06,유출,원남동사거리->성균관대입구,11764.0,37.5831,127.0009,17시,1056.0
0,20171024.0,화,창경궁로(서울여자대학교),A-06,유출,원남동사거리->성균관대입구,11764.0,37.5831,127.0009,18시,1049.0
0,20171024.0,화,창경궁로(서울여자대학교),A-06,유출,원남동사거리->성균관대입구,11764.0,37.5831,127.0009,19시,1116.0
0,20171024.0,화,창경궁로(서울여자대학교),A-06,유출,원남동사거리->성균관대입구,11764.0,37.5831,127.0009,20시,1022.0
0,20171025.0,수,창경궁로(서울여자대학교),A-06,유출,원남동사거리->성균관대입구,11407.0,37.5831,127.0009,8시,595.0
0,20171025.0,수,창경궁로(서울여자대학교),A-06,유출,원남동사거리->성균관대입구,11407.0,37.5831,127.0009,9시,715.0
0,20171025.0,수,창경궁로(서울여자대학교),A-06,유출,원남동사거리->성균관대입구,11407.0,37.5831,127.0009,10시,762.0
0,20171025.0,수,창경궁로(서울여자대학교),A-06,유출,원남동사거리->성균관대입구,11407.0,37.5831,127.0009,11시,804.0
0,20171025.0,수,창경궁로(서울여자대학교),A-06,유출,원남동사거리->성균관대입구,11407.0,37.5831,127.0009,12시,814.0
0,20171025.0,수,창경궁로(서울여자대학교),A-06,유출,원남동사거리->성균관대입구,11407.0,37.5831,127.0009,13시,838.0
0,20171025.0,수,창경궁로(서울여자대학교),A-06,유출,원남동사거리->성균관대입구,11407.0,37.5831,127.0009,14시,861.0
0,20171025.0,수,창경궁로(서울여자대학교),A-06,유출,원남동사거리->성균관대입구,11407.0,37.5831,127.0009,15시,941.0
0,20171025.0,수,창경궁로(서울여자대학교),A-06,유출,원남동사거리->성균관대입구,11407.0,37.5831,127.0009,16시,1004.0
0,20171025.0,수,창경궁로(서울여자대학교),A-06,유출,원남동사거리->성균관대입구,11407.0,37.5831,127.0009,17시,968.0
0,20171025.0,수,창경궁로(서울여자대학교),A-06,유출,원남동사거리->성균관대입구,11407.0,37.5831,127.0009,18시,1077.0
0,20171025.0,수,창경궁로(서울여자대학교),A-06,유출,원남동사거리->성균관대입구,11407.0,37.5831,127.0009,19시,1041.0
0,20171025.0,수,창경궁로(서울여자대학교),A-06,유출,원남동사거리->성균관대입구,11407.0,37.5831,127.0009,20시,987.0
0,20171026.0,목,창경궁로(서울여자대학교),A-06,유출,원남동사거리->성균관대입구,11825.0,37.5831,127.0009,8시,615.0
0,20171026.0,목,창경궁로(서울여자대학교),A-06,유출,원남동사거리->성균관대입구,11825.0,37.5831,127.0009,9시,736.0
0,20171026.0,목,창경궁로(서울여자대학교),A-06,유출,원남동사거리->성균관대입구,11825.0,37.5831,127.0009,10시,757.0
0,20171026.0,목,창경궁로(서울여자대학교),A-06,유출,원남동사거리->성균관대입구,11825.0,37.5831,127.0009,11시,863.0
0,20171026.0,목,창경궁로(서울여자대학교),A-06,유출,원남동사거리->성균관대입구,11825.0,37.5831,127.0009,12시,861.0
0,20171026.0,목,창경궁로(서울여자대학교),A-06,유출,원남동사거리->성균관대입구,11825.0,37.5831,127.0009,13시,792.0
0,20171026.0,목,창경궁로(서울여자대학교),A-06,유출,원남동사거리->성균관대입구,11825.0,37.5831,127.0009,14시,869.0
0,20171026.0,목,창경궁로(서울여자대학교),A-06,유출,원남동사거리->성균관대입구,11825.0,37.5831,127.0009,15시,988.0
0,20171026.0,목,창경궁로(서울여자대학교),A-06,유출,원남동사거리->성균관대입구,11825.0,37.5831,127.0009,16시,1082.0
0,20171026.0,목,창경궁로(서울여자대학교),A-06,유출,원남동사거리->성균관대입구,11825.0,37.5831,127.0009,17시,986.0
0,20171026.0,목,창경궁로(서울여자대학교),A-06,유출,원남동사거리->성균관대입구,11825.0,37.5831,127.0009,18시,1154.0
0,20171026.0,목,창경궁로(서울여자대학교),A-06,유출,원남동사거리->성균관대입구,11825.0,37.5831,127.0009,19시,1085.0
0,20171026.0,목,창경궁로(서울여자대학교),A-06,유출,원남동사거리->성균관대입구,11825.0,37.5831,127.0009,20시,1037.0
0,20171027.0,금,창경궁로(서울여자대학교),A-06,유출,원남동사거리->성균관대입구,11579.0,37.5831,127.0009,8시,601.0
0,20171027.0,금,창경궁로(서울여자대학교),A-06,유출,원남동사거리->성균관대입구,11579.0,37.5831,127.0009,9시,672.0
0,20171027.0,금,창경궁로(서울여자대학교),A-06,유출,원남동사거리->성균관대입구,11579.0,37.5831,127.0009,10시,784.0
0,20171027.0,금,창경궁로(서울여자대학교),A-06,유출,원남동사거리->성균관대입구,11579.0,37.5831,127.0009,11시,828.0
0,20171027.0,금,창경궁로(서울여자대학교),A-06,유출,원남동사거리->성균관대입구,11579.0,37.5831,127.0009,12시,822.0
0,20171027.0,금,창경궁로(서울여자대학교),A-06,유출,원남동사거리->성균관대입구,11579.0,37.5831,127.0009,13시,903.0
0,20171027.0,금,창경궁로(서울여자대학교),A-06,유출,원남동사거리->성균관대입구,11579.0,37.5831,127.0009,14시,896.0
0,20171027.0,금,창경궁로(서울여자대학교),A-06,유출,원남동사거리->성균관대입구,11579.0,37.5831,127.0009,15시,984.0
0,20171027.0,금,창경궁로(서울여자대학교),A-06,유출,원남동사거리->성균관대입구,11579.0,37.5831,127.0009,16시,1015.0
0,20171027.0,금,창경궁로(서울여자대학교),A-06,유출,원남동사거리->성균관대입구,11579.0,37.5831,127.0009,17시,1032.0
0,20171027.0,금,창경궁로(서울여자대학교),A-06,유출,원남동사거리->성균관대입구,11579.0,37.5831,127.0009,18시,1000.0
0,20171027.0,금,창경궁로(서울여자대학교),A-06,유출,원남동사거리->성균관대입구,11579.0,37.5831,127.0009,19시,1030.0
0,20171027.0,금,창경궁로(서울여자대학교),A-06,유출,원남동사거리->성균관대입구,11579.0,37.5831,127.0009,20시,1012.0
0,20171028.0,토,창경궁로(서울여자대학교),A-06,유출,원남동사거리->성균관대입구,10776.0,37.5831,127.0009,8시,654.0
0,20171028.0,토,창경궁로(서울여자대학교),A-06,유출,원남동사거리->성균관대입구,10776.0,37.5831,127.0009,9시,698.0
0,20171028.0,토,창경궁로(서울여자대학교),A-06,유출,원남동사거리->성균관대입구,10776.0,37.5831,127.0009,10시,798.0
0,20171028.0,토,창경궁로(서울여자대학교),A-06,유출,원남동사거리->성균관대입구,10776.0,37.5831,127.0009,11시,749.0
0,20171028.0,토,창경궁로(서울여자대학교),A-06,유출,원남동사거리->성균관대입구,10776.0,37.5831,127.0009,12시,750.0
0,20171028.0,토,창경궁로(서울여자대학교),A-06,유출,원남동사거리->성균관대입구,10776.0,37.5831,127.0009,13시,872.0
0,20171028.0,토,창경궁로(서울여자대학교),A-06,유출,원남동사거리->성균관대입구,10776.0,37.5831,127.0009,14시,862.0
0,20171028.0,토,창경궁로(서울여자대학교),A-06,유출,원남동사거리->성균관대입구,10776.0,37.5831,127.0009,15시,946.0
0,20171028.0,토,창경궁로(서울여자대학교),A-06,유출,원남동사거리->성균관대입구,10776.0,37.5831,127.0009,16시,898.0
0,20171028.0,토,창경궁로(서울여자대학교),A-06,유출,원남동사거리->성균관대입구,10776.0,37.5831,127.0009,17시,797.0
0,20171028.0,토,창경궁로(서울여자대학교),A-06,유출,원남동사거리->성균관대입구,10776.0,37.5831,127.0009,18시,973.0
0,20171028.0,토,창경궁로(서울여자대학교),A-06,유출,원남동사거리->성균관대입구,10776.0,37.5831,127.0009,19시,844.0
0,20171028.0,토,창경궁로(서울여자대학교),A-06,유출,원남동사거리->성균관대입구,10776.0,37.5831,127.0009,20시,935.0
0,20171029.0,일,창경궁로(서울여자대학교),A-06,유출,원남동사거리->성균관대입구,10786.0,37.5831,127.0009,8시,485.0
0,20171029.0,일,창경궁로(서울여자대학교),A-06,유출,원남동사거리->성균관대입구,10786.0,37.5831,127.0009,9시,630.0
0,20171029.0,일,창경궁로(서울여자대학교),A-06,유출,원남동사거리->성균관대입구,10786.0,37.5831,127.0009,10시,679.0
0,20171029.0,일,창경궁로(서울여자대학교),A-06,유출,원남동사거리->성균관대입구,10786.0,37.5831,127.0009,11시,686.0
0,20171029.0,일,창경궁로(서울여자대학교),A-06,유출,원남동사거리->성균관대입구,10786.0,37.5831,127.0009,12시,744.0
0,20171029.0,일,창경궁로(서울여자대학교),A-06,유출,원남동사거리->성균관대입구,10786.0,37.5831,127.0009,13시,817.0
0,20171029.0,일,창경궁로(서울여자대학교),A-06,유출,원남동사거리->성균관대입구,10786.0,37.5831,127.0009,14시,897.0
0,20171029.0,일,창경궁로(서울여자대학교),A-06,유출,원남동사거리->성균관대입구,10786.0,37.5831,127.0009,15시,987.0
0,20171029.0,일,창경궁로(서울여자대학교),A-06,유출,원남동사거리->성균관대입구,10786.0,37.5831,127.0009,16시,1013.0
0,20171029.0,일,창경궁로(서울여자대학교),A-06,유출,원남동사거리->성균관대입구,10786.0,37.5831,127.0009,17시,985.0
0,20171029.0,일,창경궁로(서울여자대학교),A-06,유출,원남동사거리->성균관대입구,10786.0,37.5831,127.0009,18시,1002.0
0,20171029.0,일,창경궁로(서울여자대학교),A-06,유출,원남동사거리->성균관대입구,10786.0,37.5831,127.0009,19시,920.0
0,20171029.0,일,창경궁로(서울여자대학교),A-06,유출,원남동사거리->성균관대입구,10786.0,37.5831,127.0009,20시,941.0
0,20171030.0,월,창경궁로(서울여자대학교),A-06,유출,원남동사거리->성균관대입구,11997.0,37.5831,127.0009,8시,596.0
0,20171030.0,월,창경궁로(서울여자대학교),A-06,유출,원남동사거리->성균관대입구,11997.0,37.5831,127.0009,9시,693.0
0,20171030.0,월,창경궁로(서울여자대학교),A-06,유출,원남동사거리->성균관대입구,11997.0,37.5831,127.0009,10시,753.0
0,20171030.0,월,창경궁로(서울여자대학교),A-06,유출,원남동사거리->성균관대입구,11997.0,37.5831,127.0009,11시,919.0
0,20171030.0,월,창경궁로(서울여자대학교),A-06,유출,원남동사거리->성균관대입구,11997.0,37.5831,127.0009,12시,842.0
0,20171030.0,월,창경궁로(서울여자대학교),A-06,유출,원남동사거리->성균관대입구,11997.0,37.5831,127.0009,13시,854.0
0,20171030.0,월,창경궁로(서울여자대학교),A-06,유출,원남동사거리->성균관대입구,11997.0,37.5831,127.0009,14시,961.0
0,20171030.0,월,창경궁로(서울여자대학교),A-06,유출,원남동사거리->성균관대입구,11997.0,37.5831,127.0009,15시,1009.0
0,20171030.0,월,창경궁로(서울여자대학교),A-06,유출,원남동사거리->성균관대입구,11997.0,37.5831,127.0009,16시,1037.0
0,20171030.0,월,창경궁로(서울여자대학교),A-06,유출,원남동사거리->성균관대입구,11997.0,37.5831,127.0009,17시,1030.0
0,20171030.0,월,창경궁로(서울여자대학교),A-06,유출,원남동사거리->성균관대입구,11997.0,37.5831,127.0009,18시,1100.0
0,20171030.0,월,창경궁로(서울여자대학교),A-06,유출,원남동사거리->성균관대입구,11997.0,37.5831,127.0009,19시,1110.0
0,20171030.0,월,창경궁로(서울여자대학교),A-06,유출,원남동사거리->성균관대입구,11997.0,37.5831,127.0009,20시,1093.0
0,20171031.0,화,창경궁로(서울여자대학교),A-06,유출,원남동사거리->성균관대입구,11793.0,37.5831,127.0009,8시,637.0
0,20171031.0,화,창경궁로(서울여자대학교),A-06,유출,원남동사거리->성균관대입구,11793.0,37.5831,127.0009,9시,661.0
0,20171031.0,화,창경궁로(서울여자대학교),A-06,유출,원남동사거리->성균관대입구,11793.0,37.5831,127.0009,10시,795.0
0,20171031.0,화,창경궁로(서울여자대학교),A-06,유출,원남동사거리->성균관대입구,11793.0,37.5831,127.0009,11시,807.0
0,20171031.0,화,창경궁로(서울여자대학교),A-06,유출,원남동사거리->성균관대입구,11793.0,37.5831,127.0009,12시,834.0
0,20171031.0,화,창경궁로(서울여자대학교),A-06,유출,원남동사거리->성균관대입구,11793.0,37.5831,127.0009,13시,875.0
0,20171031.0,화,창경궁로(서울여자대학교),A-06,유출,원남동사거리->성균관대입구,11793.0,37.5831,127.0009,14시,976.0
0,20171031.0,화,창경궁로(서울여자대학교),A-06,유출,원남동사거리->성균관대입구,11793.0,37.5831,127.0009,15시,997.0
0,20171031.0,화,창경궁로(서울여자대학교),A-06,유출,원남동사거리->성균관대입구,11793.0,37.5831,127.0009,16시,1086.0
0,20171031.0,화,창경궁로(서울여자대학교),A-06,유출,원남동사거리->성균관대입구,11793.0,37.5831,127.0009,17시,958.0
0,20171031.0,화,창경궁로(서울여자대학교),A-06,유출,원남동사거리->성균관대입구,11793.0,37.5831,127.0009,18시,1040.0
0,20171031.0,화,창경궁로(서울여자대학교),A-06,유출,원남동사거리->성균관대입구,11793.0,37.5831,127.0009,19시,1077.0
0,20171031.0,화,창경궁로(서울여자대학교),A-06,유출,원남동사거리->성균관대입구,11793.0,37.5831,127.0009,20시,1050.0
0,20171101.0,수,창경궁로(서울여자대학교),A-06,유입,성균관대입구->원남동사거리,16535.0,37.5831,127.0009,8시,2085.0
0,20171101.0,수,창경궁로(서울여자대학교),A-06,유입,성균관대입구->원남동사거리,16535.0,37.5831,127.0009,9시,1729.0
0,20171101.0,수,창경궁로(서울여자대학교),A-06,유입,성균관대입구->원남동사거리,16535.0,37.5831,127.0009,10시,1556.0
0,20171101.0,수,창경궁로(서울여자대학교),A-06,유입,성균관대입구->원남동사거리,16535.0,37.5831,127.0009,11시,1377.0
0,20171101.0,수,창경궁로(서울여자대학교),A-06,유입,성균관대입구->원남동사거리,16535.0,37.5831,127.0009,12시,1325.0
0,20171101.0,수,창경궁로(서울여자대학교),A-06,유입,성균관대입구->원남동사거리,16535.0,37.5831,127.0009,13시,1251.0
0,20171101.0,수,창경궁로(서울여자대학교),A-06,유입,성균관대입구->원남동사거리,16535.0,37.5831,127.0009,14시,1236.0
0,20171101.0,수,창경궁로(서울여자대학교),A-06,유입,성균관대입구->원남동사거리,16535.0,37.5831,127.0009,15시,1130.0
0,20171101.0,수,창경궁로(서울여자대학교),A-06,유입,성균관대입구->원남동사거리,16535.0,37.5831,127.0009,16시,1079.0
0,20171101.0,수,창경궁로(서울여자대학교),A-06,유입,성균관대입구->원남동사거리,16535.0,37.5831,127.0009,17시,1084.0
0,20171101.0,수,창경궁로(서울여자대학교),A-06,유입,성균관대입구->원남동사거리,16535.0,37.5831,127.0009,18시,916.0
0,20171101.0,수,창경궁로(서울여자대학교),A-06,유입,성균관대입구->원남동사거리,16535.0,37.5831,127.0009,19시,788.0
0,20171101.0,수,창경궁로(서울여자대학교),A-06,유입,성균관대입구->원남동사거리,16535.0,37.5831,127.0009,20시,979.0
0,20171102.0,목,창경궁로(서울여자대학교),A-06,유입,성균관대입구->원남동사거리,17284.0,37.5831,127.0009,8시,2182.0
0,20171102.0,목,창경궁로(서울여자대학교),A-06,유입,성균관대입구->원남동사거리,17284.0,37.5831,127.0009,9시,1849.0
0,20171102.0,목,창경궁로(서울여자대학교),A-06,유입,성균관대입구->원남동사거리,17284.0,37.5831,127.0009,10시,1506.0
0,20171102.0,목,창경궁로(서울여자대학교),A-06,유입,성균관대입구->원남동사거리,17284.0,37.5831,127.0009,11시,1352.0
0,20171102.0,목,창경궁로(서울여자대학교),A-06,유입,성균관대입구->원남동사거리,17284.0,37.5831,127.0009,12시,1295.0
0,20171102.0,목,창경궁로(서울여자대학교),A-06,유입,성균관대입구->원남동사거리,17284.0,37.5831,127.0009,13시,1405.0
0,20171102.0,목,창경궁로(서울여자대학교),A-06,유입,성균관대입구->원남동사거리,17284.0,37.5831,127.0009,14시,1300.0
0,20171102.0,목,창경궁로(서울여자대학교),A-06,유입,성균관대입구->원남동사거리,17284.0,37.5831,127.0009,15시,1232.0
0,20171102.0,목,창경궁로(서울여자대학교),A-06,유입,성균관대입구->원남동사거리,17284.0,37.5831,127.0009,16시,1219.0
0,20171102.0,목,창경궁로(서울여자대학교),A-06,유입,성균관대입구->원남동사거리,17284.0,37.5831,127.0009,17시,1126.0
0,20171102.0,목,창경궁로(서울여자대학교),A-06,유입,성균관대입구->원남동사거리,17284.0,37.5831,127.0009,18시,1013.0
0,20171102.0,목,창경궁로(서울여자대학교),A-06,유입,성균관대입구->원남동사거리,17284.0,37.5831,127.0009,19시,854.0
0,20171102.0,목,창경궁로(서울여자대학교),A-06,유입,성균관대입구->원남동사거리,17284.0,37.5831,127.0009,20시,951.0
0,20171103.0,금,창경궁로(서울여자대학교),A-06,유입,성균관대입구->원남동사거리,15800.0,37.5831,127.0009,8시,2194.0
0,20171103.0,금,창경궁로(서울여자대학교),A-06,유입,성균관대입구->원남동사거리,15800.0,37.5831,127.0009,9시,1551.0
0,20171103.0,금,창경궁로(서울여자대학교),A-06,유입,성균관대입구->원남동사거리,15800.0,37.5831,127.0009,10시,938.0
0,20171103.0,금,창경궁로(서울여자대학교),A-06,유입,성균관대입구->원남동사거리,15800.0,37.5831,127.0009,11시,911.0
0,20171103.0,금,창경궁로(서울여자대학교),A-06,유입,성균관대입구->원남동사거리,15800.0,37.5831,127.0009,12시,1028.0
0,20171103.0,금,창경궁로(서울여자대학교),A-06,유입,성균관대입구->원남동사거리,15800.0,37.5831,127.0009,13시,1227.0
0,20171103.0,금,창경궁로(서울여자대학교),A-06,유입,성균관대입구->원남동사거리,15800.0,37.5831,127.0009,14시,1285.0
0,20171103.0,금,창경궁로(서울여자대학교),A-06,유입,성균관대입구->원남동사거리,15800.0,37.5831,127.0009,15시,1309.0
0,20171103.0,금,창경궁로(서울여자대학교),A-06,유입,성균관대입구->원남동사거리,15800.0,37.5831,127.0009,16시,1199.0
0,20171103.0,금,창경궁로(서울여자대학교),A-06,유입,성균관대입구->원남동사거리,15800.0,37.5831,127.0009,17시,1206.0
0,20171103.0,금,창경궁로(서울여자대학교),A-06,유입,성균관대입구->원남동사거리,15800.0,37.5831,127.0009,18시,1066.0
0,20171103.0,금,창경궁로(서울여자대학교),A-06,유입,성균관대입구->원남동사거리,15800.0,37.5831,127.0009,19시,913.0
0,20171103.0,금,창경궁로(서울여자대학교),A-06,유입,성균관대입구->원남동사거리,15800.0,37.5831,127.0009,20시,973.0
0,20171104.0,토,창경궁로(서울여자대학교),A-06,유입,성균관대입구->원남동사거리,17879.0,37.5831,127.0009,8시,1582.0
0,20171104.0,토,창경궁로(서울여자대학교),A-06,유입,성균관대입구->원남동사거리,17879.0,37.5831,127.0009,9시,1705.0
0,20171104.0,토,창경궁로(서울여자대학교),A-06,유입,성균관대입구->원남동사거리,17879.0,37.5831,127.0009,10시,1644.0
0,20171104.0,토,창경궁로(서울여자대학교),A-06,유입,성균관대입구->원남동사거리,17879.0,37.5831,127.0009,11시,1645.0
0,20171104.0,토,창경궁로(서울여자대학교),A-06,유입,성균관대입구->원남동사거리,17879.0,37.5831,127.0009,12시,1630.0
0,20171104.0,토,창경궁로(서울여자대학교),A-06,유입,성균관대입구->원남동사거리,17879.0,37.5831,127.0009,13시,1681.0
0,20171104.0,토,창경궁로(서울여자대학교),A-06,유입,성균관대입구->원남동사거리,17879.0,37.5831,127.0009,14시,1463.0
0,20171104.0,토,창경궁로(서울여자대학교),A-06,유입,성균관대입구->원남동사거리,17879.0,37.5831,127.0009,15시,1341.0
0,20171104.0,토,창경궁로(서울여자대학교),A-06,유입,성균관대입구->원남동사거리,17879.0,37.5831,127.0009,16시,1054.0
0,20171104.0,토,창경궁로(서울여자대학교),A-06,유입,성균관대입구->원남동사거리,17879.0,37.5831,127.0009,17시,1063.0
0,20171104.0,토,창경궁로(서울여자대학교),A-06,유입,성균관대입구->원남동사거리,17879.0,37.5831,127.0009,18시,964.0
0,20171104.0,토,창경궁로(서울여자대학교),A-06,유입,성균관대입구->원남동사거리,17879.0,37.5831,127.0009,19시,1061.0
0,20171104.0,토,창경궁로(서울여자대학교),A-06,유입,성균관대입구->원남동사거리,17879.0,37.5831,127.0009,20시,1046.0
0,20171105.0,일,창경궁로(서울여자대학교),A-06,유입,성균관대입구->원남동사거리,16475.0,37.5831,127.0009,8시,1104.0
0,20171105.0,일,창경궁로(서울여자대학교),A-06,유입,성균관대입구->원남동사거리,16475.0,37.5831,127.0009,9시,1379.0
0,20171105.0,일,창경궁로(서울여자대학교),A-06,유입,성균관대입구->원남동사거리,16475.0,37.5831,127.0009,10시,1300.0
0,20171105.0,일,창경궁로(서울여자대학교),A-06,유입,성균관대입구->원남동사거리,16475.0,37.5831,127.0009,11시,1319.0
0,20171105.0,일,창경궁로(서울여자대학교),A-06,유입,성균관대입구->원남동사거리,16475.0,37.5831,127.0009,12시,1412.0
0,20171105.0,일,창경궁로(서울여자대학교),A-06,유입,성균관대입구->원남동사거리,16475.0,37.5831,127.0009,13시,1587.0
0,20171105.0,일,창경궁로(서울여자대학교),A-06,유입,성균관대입구->원남동사거리,16475.0,37.5831,127.0009,14시,1571.0
0,20171105.0,일,창경궁로(서울여자대학교),A-06,유입,성균관대입구->원남동사거리,16475.0,37.5831,127.0009,15시,1505.0
0,20171105.0,일,창경궁로(서울여자대학교),A-06,유입,성균관대입구->원남동사거리,16475.0,37.5831,127.0009,16시,1121.0
0,20171105.0,일,창경궁로(서울여자대학교),A-06,유입,성균관대입구->원남동사거리,16475.0,37.5831,127.0009,17시,1098.0
0,20171105.0,일,창경궁로(서울여자대학교),A-06,유입,성균관대입구->원남동사거리,16475.0,37.5831,127.0009,18시,1011.0
0,20171105.0,일,창경궁로(서울여자대학교),A-06,유입,성균관대입구->원남동사거리,16475.0,37.5831,127.0009,19시,1008.0
0,20171105.0,일,창경궁로(서울여자대학교),A-06,유입,성균관대입구->원남동사거리,16475.0,37.5831,127.0009,20시,1060.0
0,20171106.0,월,창경궁로(서울여자대학교),A-06,유입,성균관대입구->원남동사거리,17121.0,37.5831,127.0009,8시,2321.0
0,20171106.0,월,창경궁로(서울여자대학교),A-06,유입,성균관대입구->원남동사거리,17121.0,37.5831,127.0009,9시,1873.0
0,20171106.0,월,창경궁로(서울여자대학교),A-06,유입,성균관대입구->원남동사거리,17121.0,37.5831,127.0009,10시,1527.0
0,20171106.0,월,창경궁로(서울여자대학교),A-06,유입,성균관대입구->원남동사거리,17121.0,37.5831,127.0009,11시,1354.0
0,20171106.0,월,창경궁로(서울여자대학교),A-06,유입,성균관대입구->원남동사거리,17121.0,37.5831,127.0009,12시,1348.0
0,20171106.0,월,창경궁로(서울여자대학교),A-06,유입,성균관대입구->원남동사거리,17121.0,37.5831,127.0009,13시,1298.0
0,20171106.0,월,창경궁로(서울여자대학교),A-06,유입,성균관대입구->원남동사거리,17121.0,37.5831,127.0009,14시,1261.0
0,20171106.0,월,창경궁로(서울여자대학교),A-06,유입,성균관대입구->원남동사거리,17121.0,37.5831,127.0009,15시,1220.0
0,20171106.0,월,창경궁로(서울여자대학교),A-06,유입,성균관대입구->원남동사거리,17121.0,37.5831,127.0009,16시,1105.0
0,20171106.0,월,창경궁로(서울여자대학교),A-06,유입,성균관대입구->원남동사거리,17121.0,37.5831,127.0009,17시,1129.0
0,20171106.0,월,창경궁로(서울여자대학교),A-06,유입,성균관대입구->원남동사거리,17121.0,37.5831,127.0009,18시,922.0
0,20171106.0,월,창경궁로(서울여자대학교),A-06,유입,성균관대입구->원남동사거리,17121.0,37.5831,127.0009,19시,792.0
0,20171106.0,월,창경궁로(서울여자대학교),A-06,유입,성균관대입구->원남동사거리,17121.0,37.5831,127.0009,20시,971.0
0,20171107.0,화,창경궁로(서울여자대학교),A-06,유입,성균관대입구->원남동사거리,15310.0,37.5831,127.0009,8시,2329.0
0,20171107.0,화,창경궁로(서울여자대학교),A-06,유입,성균관대입구->원남동사거리,15310.0,37.5831,127.0009,9시,1751.0
0,20171107.0,화,창경궁로(서울여자대학교),A-06,유입,성균관대입구->원남동사거리,15310.0,37.5831,127.0009,10시,1590.0
0,20171107.0,화,창경궁로(서울여자대학교),A-06,유입,성균관대입구->원남동사거리,15310.0,37.5831,127.0009,11시,1271.0
0,20171107.0,화,창경궁로(서울여자대학교),A-06,유입,성균관대입구->원남동사거리,15310.0,37.5831,127.0009,12시,1180.0
0,20171107.0,화,창경궁로(서울여자대학교),A-06,유입,성균관대입구->원남동사거리,15310.0,37.5831,127.0009,13시,1260.0
0,20171107.0,화,창경궁로(서울여자대학교),A-06,유입,성균관대입구->원남동사거리,15310.0,37.5831,127.0009,14시,715.0
0,20171107.0,화,창경궁로(서울여자대학교),A-06,유입,성균관대입구->원남동사거리,15310.0,37.5831,127.0009,15시,928.0
0,20171107.0,화,창경궁로(서울여자대학교),A-06,유입,성균관대입구->원남동사거리,15310.0,37.5831,127.0009,16시,1035.0
0,20171107.0,화,창경궁로(서울여자대학교),A-06,유입,성균관대입구->원남동사거리,15310.0,37.5831,127.0009,17시,921.0
0,20171107.0,화,창경궁로(서울여자대학교),A-06,유입,성균관대입구->원남동사거리,15310.0,37.5831,127.0009,18시,785.0
0,20171107.0,화,창경궁로(서울여자대학교),A-06,유입,성균관대입구->원남동사거리,15310.0,37.5831,127.0009,19시,710.0
0,20171107.0,화,창경궁로(서울여자대학교),A-06,유입,성균관대입구->원남동사거리,15310.0,37.5831,127.0009,20시,835.0
0,20171108.0,수,창경궁로(서울여자대학교),A-06,유입,성균관대입구->원남동사거리,17027.0,37.5831,127.0009,8시,2243.0
0,20171108.0,수,창경궁로(서울여자대학교),A-06,유입,성균관대입구->원남동사거리,17027.0,37.5831,127.0009,9시,1735.0
0,20171108.0,수,창경궁로(서울여자대학교),A-06,유입,성균관대입구->원남동사거리,17027.0,37.5831,127.0009,10시,1483.0
0,20171108.0,수,창경궁로(서울여자대학교),A-06,유입,성균관대입구->원남동사거리,17027.0,37.5831,127.0009,11시,1402.0
0,20171108.0,수,창경궁로(서울여자대학교),A-06,유입,성균관대입구->원남동사거리,17027.0,37.5831,127.0009,12시,1348.0
0,20171108.0,수,창경궁로(서울여자대학교),A-06,유입,성균관대입구->원남동사거리,17027.0,37.5831,127.0009,13시,1358.0
0,20171108.0,수,창경궁로(서울여자대학교),A-06,유입,성균관대입구->원남동사거리,17027.0,37.5831,127.0009,14시,1229.0
0,20171108.0,수,창경궁로(서울여자대학교),A-06,유입,성균관대입구->원남동사거리,17027.0,37.5831,127.0009,15시,1173.0
0,20171108.0,수,창경궁로(서울여자대학교),A-06,유입,성균관대입구->원남동사거리,17027.0,37.5831,127.0009,16시,1189.0
0,20171108.0,수,창경궁로(서울여자대학교),A-06,유입,성균관대입구->원남동사거리,17027.0,37.5831,127.0009,17시,1122.0
0,20171108.0,수,창경궁로(서울여자대학교),A-06,유입,성균관대입구->원남동사거리,17027.0,37.5831,127.0009,18시,900.0
0,20171108.0,수,창경궁로(서울여자대학교),A-06,유입,성균관대입구->원남동사거리,17027.0,37.5831,127.0009,19시,903.0
0,20171108.0,수,창경궁로(서울여자대학교),A-06,유입,성균관대입구->원남동사거리,17027.0,37.5831,127.0009,20시,942.0
0,20171109.0,목,창경궁로(서울여자대학교),A-06,유입,성균관대입구->원남동사거리,17053.0,37.5831,127.0009,8시,2181.0
0,20171109.0,목,창경궁로(서울여자대학교),A-06,유입,성균관대입구->원남동사거리,17053.0,37.5831,127.0009,9시,1750.0
0,20171109.0,목,창경궁로(서울여자대학교),A-06,유입,성균관대입구->원남동사거리,17053.0,37.5831,127.0009,10시,1557.0
0,20171109.0,목,창경궁로(서울여자대학교),A-06,유입,성균관대입구->원남동사거리,17053.0,37.5831,127.0009,11시,1337.0
0,20171109.0,목,창경궁로(서울여자대학교),A-06,유입,성균관대입구->원남동사거리,17053.0,37.5831,127.0009,12시,1316.0
0,20171109.0,목,창경궁로(서울여자대학교),A-06,유입,성균관대입구->원남동사거리,17053.0,37.5831,127.0009,13시,1374.0
0,20171109.0,목,창경궁로(서울여자대학교),A-06,유입,성균관대입구->원남동사거리,17053.0,37.5831,127.0009,14시,1192.0
0,20171109.0,목,창경궁로(서울여자대학교),A-06,유입,성균관대입구->원남동사거리,17053.0,37.5831,127.0009,15시,1197.0
0,20171109.0,목,창경궁로(서울여자대학교),A-06,유입,성균관대입구->원남동사거리,17053.0,37.5831,127.0009,16시,1206.0
0,20171109.0,목,창경궁로(서울여자대학교),A-06,유입,성균관대입구->원남동사거리,17053.0,37.5831,127.0009,17시,1105.0
0,20171109.0,목,창경궁로(서울여자대학교),A-06,유입,성균관대입구->원남동사거리,17053.0,37.5831,127.0009,18시,933.0
0,20171109.0,목,창경궁로(서울여자대학교),A-06,유입,성균관대입구->원남동사거리,17053.0,37.5831,127.0009,19시,940.0
0,20171109.0,목,창경궁로(서울여자대학교),A-06,유입,성균관대입구->원남동사거리,17053.0,37.5831,127.0009,20시,965.0
0,20171110.0,금,창경궁로(서울여자대학교),A-06,유입,성균관대입구->원남동사거리,17431.0,37.5831,127.0009,8시,2255.0
0,20171110.0,금,창경궁로(서울여자대학교),A-06,유입,성균관대입구->원남동사거리,17431.0,37.5831,127.0009,9시,1926.0
0,20171110.0,금,창경궁로(서울여자대학교),A-06,유입,성균관대입구->원남동사거리,17431.0,37.5831,127.0009,10시,1629.0
0,20171110.0,금,창경궁로(서울여자대학교),A-06,유입,성균관대입구->원남동사거리,17431.0,37.5831,127.0009,11시,1419.0
0,20171110.0,금,창경궁로(서울여자대학교),A-06,유입,성균관대입구->원남동사거리,17431.0,37.5831,127.0009,12시,1434.0
0,20171110.0,금,창경궁로(서울여자대학교),A-06,유입,성균관대입구->원남동사거리,17431.0,37.5831,127.0009,13시,1313.0
0,20171110.0,금,창경궁로(서울여자대학교),A-06,유입,성균관대입구->원남동사거리,17431.0,37.5831,127.0009,14시,1270.0
0,20171110.0,금,창경궁로(서울여자대학교),A-06,유입,성균관대입구->원남동사거리,17431.0,37.5831,127.0009,15시,1124.0
0,20171110.0,금,창경궁로(서울여자대학교),A-06,유입,성균관대입구->원남동사거리,17431.0,37.5831,127.0009,16시,1189.0
0,20171110.0,금,창경궁로(서울여자대학교),A-06,유입,성균관대입구->원남동사거리,17431.0,37.5831,127.0009,17시,998.0
0,20171110.0,금,창경궁로(서울여자대학교),A-06,유입,성균관대입구->원남동사거리,17431.0,37.5831,127.0009,18시,1013.0
0,20171110.0,금,창경궁로(서울여자대학교),A-06,유입,성균관대입구->원남동사거리,17431.0,37.5831,127.0009,19시,934.0
0,20171110.0,금,창경궁로(서울여자대학교),A-06,유입,성균관대입구->원남동사거리,17431.0,37.5831,127.0009,20시,927.0
0,20171111.0,토,창경궁로(서울여자대학교),A-06,유입,성균관대입구->원남동사거리,18582.0,37.5831,127.0009,8시,1633.0
0,20171111.0,토,창경궁로(서울여자대학교),A-06,유입,성균관대입구->원남동사거리,18582.0,37.5831,127.0009,9시,1664.0
0,20171111.0,토,창경궁로(서울여자대학교),A-06,유입,성균관대입구->원남동사거리,18582.0,37.5831,127.0009,10시,1677.0
0,20171111.0,토,창경궁로(서울여자대학교),A-06,유입,성균관대입구->원남동사거리,18582.0,37.5831,127.0009,11시,1631.0
0,20171111.0,토,창경궁로(서울여자대학교),A-06,유입,성균관대입구->원남동사거리,18582.0,37.5831,127.0009,12시,1597.0
0,20171111.0,토,창경궁로(서울여자대학교),A-06,유입,성균관대입구->원남동사거리,18582.0,37.5831,127.0009,13시,1497.0
0,20171111.0,토,창경궁로(서울여자대학교),A-06,유입,성균관대입구->원남동사거리,18582.0,37.5831,127.0009,14시,1494.0
0,20171111.0,토,창경궁로(서울여자대학교),A-06,유입,성균관대입구->원남동사거리,18582.0,37.5831,127.0009,15시,1401.0
0,20171111.0,토,창경궁로(서울여자대학교),A-06,유입,성균관대입구->원남동사거리,18582.0,37.5831,127.0009,16시,1150.0
0,20171111.0,토,창경궁로(서울여자대학교),A-06,유입,성균관대입구->원남동사거리,18582.0,37.5831,127.0009,17시,1308.0
0,20171111.0,토,창경궁로(서울여자대학교),A-06,유입,성균관대입구->원남동사거리,18582.0,37.5831,127.0009,18시,1268.0
0,20171111.0,토,창경궁로(서울여자대학교),A-06,유입,성균관대입구->원남동사거리,18582.0,37.5831,127.0009,19시,1194.0
0,20171111.0,토,창경궁로(서울여자대학교),A-06,유입,성균관대입구->원남동사거리,18582.0,37.5831,127.0009,20시,1068.0
0,20171112.0,일,창경궁로(서울여자대학교),A-06,유입,성균관대입구->원남동사거리,12935.0,37.5831,127.0009,8시,1109.0
0,20171112.0,일,창경궁로(서울여자대학교),A-06,유입,성균관대입구->원남동사거리,12935.0,37.5831,127.0009,9시,1340.0
0,20171112.0,일,창경궁로(서울여자대학교),A-06,유입,성균관대입구->원남동사거리,12935.0,37.5831,127.0009,10시,1404.0
0,20171112.0,일,창경궁로(서울여자대학교),A-06,유입,성균관대입구->원남동사거리,12935.0,37.5831,127.0009,11시,1438.0
0,20171112.0,일,창경궁로(서울여자대학교),A-06,유입,성균관대입구->원남동사거리,12935.0,37.5831,127.0009,12시,1507.0
0,20171112.0,일,창경궁로(서울여자대학교),A-06,유입,성균관대입구->원남동사거리,12935.0,37.5831,127.0009,13시,1464.0
0,20171112.0,일,창경궁로(서울여자대학교),A-06,유입,성균관대입구->원남동사거리,12935.0,37.5831,127.0009,14시,1474.0
0,20171112.0,일,창경궁로(서울여자대학교),A-06,유입,성균관대입구->원남동사거리,12935.0,37.5831,127.0009,15시,1114.0
0,20171112.0,일,창경궁로(서울여자대학교),A-06,유입,성균관대입구->원남동사거리,12935.0,37.5831,127.0009,16시,117.0
0,20171112.0,일,창경궁로(서울여자대학교),A-06,유입,성균관대입구->원남동사거리,12935.0,37.5831,127.0009,17시,114.0
0,20171112.0,일,창경궁로(서울여자대학교),A-06,유입,성균관대입구->원남동사거리,12935.0,37.5831,127.0009,18시,103.0
0,20171112.0,일,창경궁로(서울여자대학교),A-06,유입,성균관대입구->원남동사거리,12935.0,37.5831,127.0009,19시,612.0
0,20171112.0,일,창경궁로(서울여자대학교),A-06,유입,성균관대입구->원남동사거리,12935.0,37.5831,127.0009,20시,1139.0
0,20171113.0,월,창경궁로(서울여자대학교),A-06,유입,성균관대입구->원남동사거리,16886.0,37.5831,127.0009,8시,2275.0
0,20171113.0,월,창경궁로(서울여자대학교),A-06,유입,성균관대입구->원남동사거리,16886.0,37.5831,127.0009,9시,1790.0
0,20171113.0,월,창경궁로(서울여자대학교),A-06,유입,성균관대입구->원남동사거리,16886.0,37.5831,127.0009,10시,1506.0
0,20171113.0,월,창경궁로(서울여자대학교),A-06,유입,성균관대입구->원남동사거리,16886.0,37.5831,127.0009,11시,1312.0
0,20171113.0,월,창경궁로(서울여자대학교),A-06,유입,성균관대입구->원남동사거리,16886.0,37.5831,127.0009,12시,1250.0
0,20171113.0,월,창경궁로(서울여자대학교),A-06,유입,성균관대입구->원남동사거리,16886.0,37.5831,127.0009,13시,1350.0
0,20171113.0,월,창경궁로(서울여자대학교),A-06,유입,성균관대입구->원남동사거리,16886.0,37.5831,127.0009,14시,1304.0
0,20171113.0,월,창경궁로(서울여자대학교),A-06,유입,성균관대입구->원남동사거리,16886.0,37.5831,127.0009,15시,1203.0
0,20171113.0,월,창경궁로(서울여자대학교),A-06,유입,성균관대입구->원남동사거리,16886.0,37.5831,127.0009,16시,1113.0
0,20171113.0,월,창경궁로(서울여자대학교),A-06,유입,성균관대입구->원남동사거리,16886.0,37.5831,127.0009,17시,1042.0
0,20171113.0,월,창경궁로(서울여자대학교),A-06,유입,성균관대입구->원남동사거리,16886.0,37.5831,127.0009,18시,944.0
0,20171113.0,월,창경궁로(서울여자대학교),A-06,유입,성균관대입구->원남동사거리,16886.0,37.5831,127.0009,19시,823.0
0,20171113.0,월,창경궁로(서울여자대학교),A-06,유입,성균관대입구->원남동사거리,16886.0,37.5831,127.0009,20시,974.0
0,20171114.0,화,창경궁로(서울여자대학교),A-06,유입,성균관대입구->원남동사거리,17548.0,37.5831,127.0009,8시,2328.0
0,20171114.0,화,창경궁로(서울여자대학교),A-06,유입,성균관대입구->원남동사거리,17548.0,37.5831,127.0009,9시,1824.0
0,20171114.0,화,창경궁로(서울여자대학교),A-06,유입,성균관대입구->원남동사거리,17548.0,37.5831,127.0009,10시,1480.0
0,20171114.0,화,창경궁로(서울여자대학교),A-06,유입,성균관대입구->원남동사거리,17548.0,37.5831,127.0009,11시,1386.0
0,20171114.0,화,창경궁로(서울여자대학교),A-06,유입,성균관대입구->원남동사거리,17548.0,37.5831,127.0009,12시,1362.0
0,20171114.0,화,창경궁로(서울여자대학교),A-06,유입,성균관대입구->원남동사거리,17548.0,37.5831,127.0009,13시,1526.0
0,20171114.0,화,창경궁로(서울여자대학교),A-06,유입,성균관대입구->원남동사거리,17548.0,37.5831,127.0009,14시,1409.0
0,20171114.0,화,창경궁로(서울여자대학교),A-06,유입,성균관대입구->원남동사거리,17548.0,37.5831,127.0009,15시,1471.0
0,20171114.0,화,창경궁로(서울여자대학교),A-06,유입,성균관대입구->원남동사거리,17548.0,37.5831,127.0009,16시,1134.0
0,20171114.0,화,창경궁로(서울여자대학교),A-06,유입,성균관대입구->원남동사거리,17548.0,37.5831,127.0009,17시,911.0
0,20171114.0,화,창경궁로(서울여자대학교),A-06,유입,성균관대입구->원남동사거리,17548.0,37.5831,127.0009,18시,929.0
0,20171114.0,화,창경궁로(서울여자대학교),A-06,유입,성균관대입구->원남동사거리,17548.0,37.5831,127.0009,19시,812.0
0,20171114.0,화,창경궁로(서울여자대학교),A-06,유입,성균관대입구->원남동사거리,17548.0,37.5831,127.0009,20시,976.0
0,20171115.0,수,창경궁로(서울여자대학교),A-06,유입,성균관대입구->원남동사거리,16582.0,37.5831,127.0009,8시,1969.0
0,20171115.0,수,창경궁로(서울여자대학교),A-06,유입,성균관대입구->원남동사거리,16582.0,37.5831,127.0009,9시,1701.0
0,20171115.0,수,창경궁로(서울여자대학교),A-06,유입,성균관대입구->원남동사거리,16582.0,37.5831,127.0009,10시,1469.0
0,20171115.0,수,창경궁로(서울여자대학교),A-06,유입,성균관대입구->원남동사거리,16582.0,37.5831,127.0009,11시,1391.0
0,20171115.0,수,창경궁로(서울여자대학교),A-06,유입,성균관대입구->원남동사거리,16582.0,37.5831,127.0009,12시,1340.0
0,20171115.0,수,창경궁로(서울여자대학교),A-06,유입,성균관대입구->원남동사거리,16582.0,37.5831,127.0009,13시,1436.0
0,20171115.0,수,창경궁로(서울여자대학교),A-06,유입,성균관대입구->원남동사거리,16582.0,37.5831,127.0009,14시,1257.0
0,20171115.0,수,창경궁로(서울여자대학교),A-06,유입,성균관대입구->원남동사거리,16582.0,37.5831,127.0009,15시,1247.0
0,20171115.0,수,창경궁로(서울여자대학교),A-06,유입,성균관대입구->원남동사거리,16582.0,37.5831,127.0009,16시,1068.0
0,20171115.0,수,창경궁로(서울여자대학교),A-06,유입,성균관대입구->원남동사거리,16582.0,37.5831,127.0009,17시,1009.0
0,20171115.0,수,창경궁로(서울여자대학교),A-06,유입,성균관대입구->원남동사거리,16582.0,37.5831,127.0009,18시,958.0
0,20171115.0,수,창경궁로(서울여자대학교),A-06,유입,성균관대입구->원남동사거리,16582.0,37.5831,127.0009,19시,790.0
0,20171115.0,수,창경궁로(서울여자대학교),A-06,유입,성균관대입구->원남동사거리,16582.0,37.5831,127.0009,20시,947.0
0,20171116.0,목,창경궁로(서울여자대학교),A-06,유입,성균관대입구->원남동사거리,16988.0,37.5831,127.0009,8시,2229.0
0,20171116.0,목,창경궁로(서울여자대학교),A-06,유입,성균관대입구->원남동사거리,16988.0,37.5831,127.0009,9시,1759.0
0,20171116.0,목,창경궁로(서울여자대학교),A-06,유입,성균관대입구->원남동사거리,16988.0,37.5831,127.0009,10시,1607.0
0,20171116.0,목,창경궁로(서울여자대학교),A-06,유입,성균관대입구->원남동사거리,16988.0,37.5831,127.0009,11시,1331.0
0,20171116.0,목,창경궁로(서울여자대학교),A-06,유입,성균관대입구->원남동사거리,16988.0,37.5831,127.0009,12시,1252.0
0,20171116.0,목,창경궁로(서울여자대학교),A-06,유입,성균관대입구->원남동사거리,16988.0,37.5831,127.0009,13시,1297.0
0,20171116.0,목,창경궁로(서울여자대학교),A-06,유입,성균관대입구->원남동사거리,16988.0,37.5831,127.0009,14시,1260.0
0,20171116.0,목,창경궁로(서울여자대학교),A-06,유입,성균관대입구->원남동사거리,16988.0,37.5831,127.0009,15시,1155.0
0,20171116.0,목,창경궁로(서울여자대학교),A-06,유입,성균관대입구->원남동사거리,16988.0,37.5831,127.0009,16시,1148.0
0,20171116.0,목,창경궁로(서울여자대학교),A-06,유입,성균관대입구->원남동사거리,16988.0,37.5831,127.0009,17시,1072.0
0,20171116.0,목,창경궁로(서울여자대학교),A-06,유입,성균관대입구->원남동사거리,16988.0,37.5831,127.0009,18시,1021.0
0,20171116.0,목,창경궁로(서울여자대학교),A-06,유입,성균관대입구->원남동사거리,16988.0,37.5831,127.0009,19시,862.0
0,20171116.0,목,창경궁로(서울여자대학교),A-06,유입,성균관대입구->원남동사거리,16988.0,37.5831,127.0009,20시,995.0
0,20171117.0,금,창경궁로(서울여자대학교),A-06,유입,성균관대입구->원남동사거리,17490.0,37.5831,127.0009,8시,2233.0
0,20171117.0,금,창경궁로(서울여자대학교),A-06,유입,성균관대입구->원남동사거리,17490.0,37.5831,127.0009,9시,1823.0
0,20171117.0,금,창경궁로(서울여자대학교),A-06,유입,성균관대입구->원남동사거리,17490.0,37.5831,127.0009,10시,1555.0
0,20171117.0,금,창경궁로(서울여자대학교),A-06,유입,성균관대입구->원남동사거리,17490.0,37.5831,127.0009,11시,1352.0
0,20171117.0,금,창경궁로(서울여자대학교),A-06,유입,성균관대입구->원남동사거리,17490.0,37.5831,127.0009,12시,1311.0
0,20171117.0,금,창경궁로(서울여자대학교),A-06,유입,성균관대입구->원남동사거리,17490.0,37.5831,127.0009,13시,1314.0
0,20171117.0,금,창경궁로(서울여자대학교),A-06,유입,성균관대입구->원남동사거리,17490.0,37.5831,127.0009,14시,1295.0
0,20171117.0,금,창경궁로(서울여자대학교),A-06,유입,성균관대입구->원남동사거리,17490.0,37.5831,127.0009,15시,1226.0
0,20171117.0,금,창경궁로(서울여자대학교),A-06,유입,성균관대입구->원남동사거리,17490.0,37.5831,127.0009,16시,1225.0
0,20171117.0,금,창경궁로(서울여자대학교),A-06,유입,성균관대입구->원남동사거리,17490.0,37.5831,127.0009,17시,1177.0
0,20171117.0,금,창경궁로(서울여자대학교),A-06,유입,성균관대입구->원남동사거리,17490.0,37.5831,127.0009,18시,956.0
0,20171117.0,금,창경궁로(서울여자대학교),A-06,유입,성균관대입구->원남동사거리,17490.0,37.5831,127.0009,19시,960.0
0,20171117.0,금,창경궁로(서울여자대학교),A-06,유입,성균관대입구->원남동사거리,17490.0,37.5831,127.0009,20시,1063.0
0,20171118.0,토,창경궁로(서울여자대학교),A-06,유입,성균관대입구->원남동사거리,18121.0,37.5831,127.0009,8시,1566.0
0,20171118.0,토,창경궁로(서울여자대학교),A-06,유입,성균관대입구->원남동사거리,18121.0,37.5831,127.0009,9시,1581.0
0,20171118.0,토,창경궁로(서울여자대학교),A-06,유입,성균관대입구->원남동사거리,18121.0,37.5831,127.0009,10시,1520.0
0,20171118.0,토,창경궁로(서울여자대학교),A-06,유입,성균관대입구->원남동사거리,18121.0,37.5831,127.0009,11시,1570.0
0,20171118.0,토,창경궁로(서울여자대학교),A-06,유입,성균관대입구->원남동사거리,18121.0,37.5831,127.0009,12시,1646.0
0,20171118.0,토,창경궁로(서울여자대학교),A-06,유입,성균관대입구->원남동사거리,18121.0,37.5831,127.0009,13시,1526.0
0,20171118.0,토,창경궁로(서울여자대학교),A-06,유입,성균관대입구->원남동사거리,18121.0,37.5831,127.0009,14시,1493.0
0,20171118.0,토,창경궁로(서울여자대학교),A-06,유입,성균관대입구->원남동사거리,18121.0,37.5831,127.0009,15시,1377.0
0,20171118.0,토,창경궁로(서울여자대학교),A-06,유입,성균관대입구->원남동사거리,18121.0,37.5831,127.0009,16시,1251.0
0,20171118.0,토,창경궁로(서울여자대학교),A-06,유입,성균관대입구->원남동사거리,18121.0,37.5831,127.0009,17시,1186.0
0,20171118.0,토,창경궁로(서울여자대학교),A-06,유입,성균관대입구->원남동사거리,18121.0,37.5831,127.0009,18시,1225.0
0,20171118.0,토,창경궁로(서울여자대학교),A-06,유입,성균관대입구->원남동사거리,18121.0,37.5831,127.0009,19시,1129.0
0,20171118.0,토,창경궁로(서울여자대학교),A-06,유입,성균관대입구->원남동사거리,18121.0,37.5831,127.0009,20시,1051.0
0,20171119.0,일,창경궁로(서울여자대학교),A-06,유입,성균관대입구->원남동사거리,16863.0,37.5831,127.0009,8시,1117.0
0,20171119.0,일,창경궁로(서울여자대학교),A-06,유입,성균관대입구->원남동사거리,16863.0,37.5831,127.0009,9시,1356.0
0,20171119.0,일,창경궁로(서울여자대학교),A-06,유입,성균관대입구->원남동사거리,16863.0,37.5831,127.0009,10시,1431.0
0,20171119.0,일,창경궁로(서울여자대학교),A-06,유입,성균관대입구->원남동사거리,16863.0,37.5831,127.0009,11시,1413.0
0,20171119.0,일,창경궁로(서울여자대학교),A-06,유입,성균관대입구->원남동사거리,16863.0,37.5831,127.0009,12시,1535.0
0,20171119.0,일,창경궁로(서울여자대학교),A-06,유입,성균관대입구->원남동사거리,16863.0,37.5831,127.0009,13시,1436.0
0,20171119.0,일,창경궁로(서울여자대학교),A-06,유입,성균관대입구->원남동사거리,16863.0,37.5831,127.0009,14시,1433.0
0,20171119.0,일,창경궁로(서울여자대학교),A-06,유입,성균관대입구->원남동사거리,16863.0,37.5831,127.0009,15시,1384.0
0,20171119.0,일,창경궁로(서울여자대학교),A-06,유입,성균관대입구->원남동사거리,16863.0,37.5831,127.0009,16시,1362.0
0,20171119.0,일,창경궁로(서울여자대학교),A-06,유입,성균관대입구->원남동사거리,16863.0,37.5831,127.0009,17시,1225.0
0,20171119.0,일,창경궁로(서울여자대학교),A-06,유입,성균관대입구->원남동사거리,16863.0,37.5831,127.0009,18시,1106.0
0,20171119.0,일,창경궁로(서울여자대학교),A-06,유입,성균관대입구->원남동사거리,16863.0,37.5831,127.0009,19시,1016.0
0,20171119.0,일,창경궁로(서울여자대학교),A-06,유입,성균관대입구->원남동사거리,16863.0,37.5831,127.0009,20시,1049.0
0,20171120.0,월,창경궁로(서울여자대학교),A-06,유입,성균관대입구->원남동사거리,16701.0,37.5831,127.0009,8시,2263.0
0,20171120.0,월,창경궁로(서울여자대학교),A-06,유입,성균관대입구->원남동사거리,16701.0,37.5831,127.0009,9시,1807.0
0,20171120.0,월,창경궁로(서울여자대학교),A-06,유입,성균관대입구->원남동사거리,16701.0,37.5831,127.0009,10시,1474.0
0,20171120.0,월,창경궁로(서울여자대학교),A-06,유입,성균관대입구->원남동사거리,16701.0,37.5831,127.0009,11시,1289.0
0,20171120.0,월,창경궁로(서울여자대학교),A-06,유입,성균관대입구->원남동사거리,16701.0,37.5831,127.0009,12시,1257.0
0,20171120.0,월,창경궁로(서울여자대학교),A-06,유입,성균관대입구->원남동사거리,16701.0,37.5831,127.0009,13시,1330.0
0,20171120.0,월,창경궁로(서울여자대학교),A-06,유입,성균관대입구->원남동사거리,16701.0,37.5831,127.0009,14시,1204.0
0,20171120.0,월,창경궁로(서울여자대학교),A-06,유입,성균관대입구->원남동사거리,16701.0,37.5831,127.0009,15시,1193.0
0,20171120.0,월,창경궁로(서울여자대학교),A-06,유입,성균관대입구->원남동사거리,16701.0,37.5831,127.0009,16시,1149.0
0,20171120.0,월,창경궁로(서울여자대학교),A-06,유입,성균관대입구->원남동사거리,16701.0,37.5831,127.0009,17시,1043.0
0,20171120.0,월,창경궁로(서울여자대학교),A-06,유입,성균관대입구->원남동사거리,16701.0,37.5831,127.0009,18시,899.0
0,20171120.0,월,창경궁로(서울여자대학교),A-06,유입,성균관대입구->원남동사거리,16701.0,37.5831,127.0009,19시,897.0
0,20171120.0,월,창경궁로(서울여자대학교),A-06,유입,성균관대입구->원남동사거리,16701.0,37.5831,127.0009,20시,896.0
0,20171121.0,화,창경궁로(서울여자대학교),A-06,유입,성균관대입구->원남동사거리,16959.0,37.5831,127.0009,8시,2171.0
0,20171121.0,화,창경궁로(서울여자대학교),A-06,유입,성균관대입구->원남동사거리,16959.0,37.5831,127.0009,9시,1807.0
0,20171121.0,화,창경궁로(서울여자대학교),A-06,유입,성균관대입구->원남동사거리,16959.0,37.5831,127.0009,10시,1484.0
0,20171121.0,화,창경궁로(서울여자대학교),A-06,유입,성균관대입구->원남동사거리,16959.0,37.5831,127.0009,11시,1374.0
0,20171121.0,화,창경궁로(서울여자대학교),A-06,유입,성균관대입구->원남동사거리,16959.0,37.5831,127.0009,12시,1321.0
0,20171121.0,화,창경궁로(서울여자대학교),A-06,유입,성균관대입구->원남동사거리,16959.0,37.5831,127.0009,13시,1370.0
0,20171121.0,화,창경궁로(서울여자대학교),A-06,유입,성균관대입구->원남동사거리,16959.0,37.5831,127.0009,14시,1229.0
0,20171121.0,화,창경궁로(서울여자대학교),A-06,유입,성균관대입구->원남동사거리,16959.0,37.5831,127.0009,15시,1135.0
0,20171121.0,화,창경궁로(서울여자대학교),A-06,유입,성균관대입구->원남동사거리,16959.0,37.5831,127.0009,16시,1152.0
0,20171121.0,화,창경궁로(서울여자대학교),A-06,유입,성균관대입구->원남동사거리,16959.0,37.5831,127.0009,17시,1149.0
0,20171121.0,화,창경궁로(서울여자대학교),A-06,유입,성균관대입구->원남동사거리,16959.0,37.5831,127.0009,18시,900.0
0,20171121.0,화,창경궁로(서울여자대학교),A-06,유입,성균관대입구->원남동사거리,16959.0,37.5831,127.0009,19시,897.0
0,20171121.0,화,창경궁로(서울여자대학교),A-06,유입,성균관대입구->원남동사거리,16959.0,37.5831,127.0009,20시,970.0
0,20171122.0,수,창경궁로(서울여자대학교),A-06,유입,성균관대입구->원남동사거리,16880.0,37.5831,127.0009,8시,2129.0
0,20171122.0,수,창경궁로(서울여자대학교),A-06,유입,성균관대입구->원남동사거리,16880.0,37.5831,127.0009,9시,1842.0
0,20171122.0,수,창경궁로(서울여자대학교),A-06,유입,성균관대입구->원남동사거리,16880.0,37.5831,127.0009,10시,1492.0
0,20171122.0,수,창경궁로(서울여자대학교),A-06,유입,성균관대입구->원남동사거리,16880.0,37.5831,127.0009,11시,1372.0
0,20171122.0,수,창경궁로(서울여자대학교),A-06,유입,성균관대입구->원남동사거리,16880.0,37.5831,127.0009,12시,1392.0
0,20171122.0,수,창경궁로(서울여자대학교),A-06,유입,성균관대입구->원남동사거리,16880.0,37.5831,127.0009,13시,1301.0
0,20171122.0,수,창경궁로(서울여자대학교),A-06,유입,성균관대입구->원남동사거리,16880.0,37.5831,127.0009,14시,1194.0
0,20171122.0,수,창경궁로(서울여자대학교),A-06,유입,성균관대입구->원남동사거리,16880.0,37.5831,127.0009,15시,1109.0
0,20171122.0,수,창경궁로(서울여자대학교),A-06,유입,성균관대입구->원남동사거리,16880.0,37.5831,127.0009,16시,1133.0
0,20171122.0,수,창경궁로(서울여자대학교),A-06,유입,성균관대입구->원남동사거리,16880.0,37.5831,127.0009,17시,1055.0
0,20171122.0,수,창경궁로(서울여자대학교),A-06,유입,성균관대입구->원남동사거리,16880.0,37.5831,127.0009,18시,1029.0
0,20171122.0,수,창경궁로(서울여자대학교),A-06,유입,성균관대입구->원남동사거리,16880.0,37.5831,127.0009,19시,855.0
0,20171122.0,수,창경궁로(서울여자대학교),A-06,유입,성균관대입구->원남동사거리,16880.0,37.5831,127.0009,20시,977.0
0,20171123.0,목,창경궁로(서울여자대학교),A-06,유입,성균관대입구->원남동사거리,16673.0,37.5831,127.0009,8시,2185.0
0,20171123.0,목,창경궁로(서울여자대학교),A-06,유입,성균관대입구->원남동사거리,16673.0,37.5831,127.0009,9시,1884.0
0,20171123.0,목,창경궁로(서울여자대학교),A-06,유입,성균관대입구->원남동사거리,16673.0,37.5831,127.0009,10시,1537.0
0,20171123.0,목,창경궁로(서울여자대학교),A-06,유입,성균관대입구->원남동사거리,16673.0,37.5831,127.0009,11시,1295.0
0,20171123.0,목,창경궁로(서울여자대학교),A-06,유입,성균관대입구->원남동사거리,16673.0,37.5831,127.0009,12시,1273.0
0,20171123.0,목,창경궁로(서울여자대학교),A-06,유입,성균관대입구->원남동사거리,16673.0,37.5831,127.0009,13시,1275.0
0,20171123.0,목,창경궁로(서울여자대학교),A-06,유입,성균관대입구->원남동사거리,16673.0,37.5831,127.0009,14시,1230.0
0,20171123.0,목,창경궁로(서울여자대학교),A-06,유입,성균관대입구->원남동사거리,16673.0,37.5831,127.0009,15시,1126.0
0,20171123.0,목,창경궁로(서울여자대학교),A-06,유입,성균관대입구->원남동사거리,16673.0,37.5831,127.0009,16시,1086.0
0,20171123.0,목,창경궁로(서울여자대학교),A-06,유입,성균관대입구->원남동사거리,16673.0,37.5831,127.0009,17시,1050.0
0,20171123.0,목,창경궁로(서울여자대학교),A-06,유입,성균관대입구->원남동사거리,16673.0,37.5831,127.0009,18시,963.0
0,20171123.0,목,창경궁로(서울여자대학교),A-06,유입,성균관대입구->원남동사거리,16673.0,37.5831,127.0009,19시,797.0
0,20171123.0,목,창경궁로(서울여자대학교),A-06,유입,성균관대입구->원남동사거리,16673.0,37.5831,127.0009,20시,972.0
0,20171124.0,금,창경궁로(서울여자대학교),A-06,유입,성균관대입구->원남동사거리,17100.0,37.5831,127.0009,8시,2117.0
0,20171124.0,금,창경궁로(서울여자대학교),A-06,유입,성균관대입구->원남동사거리,17100.0,37.5831,127.0009,9시,1665.0
0,20171124.0,금,창경궁로(서울여자대학교),A-06,유입,성균관대입구->원남동사거리,17100.0,37.5831,127.0009,10시,1563.0
0,20171124.0,금,창경궁로(서울여자대학교),A-06,유입,성균관대입구->원남동사거리,17100.0,37.5831,127.0009,11시,1429.0
0,20171124.0,금,창경궁로(서울여자대학교),A-06,유입,성균관대입구->원남동사거리,17100.0,37.5831,127.0009,12시,1387.0
0,20171124.0,금,창경궁로(서울여자대학교),A-06,유입,성균관대입구->원남동사거리,17100.0,37.5831,127.0009,13시,1342.0
0,20171124.0,금,창경궁로(서울여자대학교),A-06,유입,성균관대입구->원남동사거리,17100.0,37.5831,127.0009,14시,1302.0
0,20171124.0,금,창경궁로(서울여자대학교),A-06,유입,성균관대입구->원남동사거리,17100.0,37.5831,127.0009,15시,1194.0
0,20171124.0,금,창경궁로(서울여자대학교),A-06,유입,성균관대입구->원남동사거리,17100.0,37.5831,127.0009,16시,1145.0
0,20171124.0,금,창경궁로(서울여자대학교),A-06,유입,성균관대입구->원남동사거리,17100.0,37.5831,127.0009,17시,1035.0
0,20171124.0,금,창경궁로(서울여자대학교),A-06,유입,성균관대입구->원남동사거리,17100.0,37.5831,127.0009,18시,999.0
0,20171124.0,금,창경궁로(서울여자대학교),A-06,유입,성균관대입구->원남동사거리,17100.0,37.5831,127.0009,19시,922.0
0,20171124.0,금,창경궁로(서울여자대학교),A-06,유입,성균관대입구->원남동사거리,17100.0,37.5831,127.0009,20시,1000.0
0,20171125.0,토,창경궁로(서울여자대학교),A-06,유입,성균관대입구->원남동사거리,15241.0,37.5831,127.0009,8시,1236.0
0,20171125.0,토,창경궁로(서울여자대학교),A-06,유입,성균관대입구->원남동사거리,15241.0,37.5831,127.0009,9시,1311.0
0,20171125.0,토,창경궁로(서울여자대학교),A-06,유입,성균관대입구->원남동사거리,15241.0,37.5831,127.0009,10시,1069.0
0,20171125.0,토,창경궁로(서울여자대학교),A-06,유입,성균관대입구->원남동사거리,15241.0,37.5831,127.0009,11시,1375.0
0,20171125.0,토,창경궁로(서울여자대학교),A-06,유입,성균관대입구->원남동사거리,15241.0,37.5831,127.0009,12시,1472.0
0,20171125.0,토,창경궁로(서울여자대학교),A-06,유입,성균관대입구->원남동사거리,15241.0,37.5831,127.0009,13시,1349.0
0,20171125.0,토,창경궁로(서울여자대학교),A-06,유입,성균관대입구->원남동사거리,15241.0,37.5831,127.0009,14시,1225.0
0,20171125.0,토,창경궁로(서울여자대학교),A-06,유입,성균관대입구->원남동사거리,15241.0,37.5831,127.0009,15시,1206.0
0,20171125.0,토,창경궁로(서울여자대학교),A-06,유입,성균관대입구->원남동사거리,15241.0,37.5831,127.0009,16시,1057.0
0,20171125.0,토,창경궁로(서울여자대학교),A-06,유입,성균관대입구->원남동사거리,15241.0,37.5831,127.0009,17시,908.0
0,20171125.0,토,창경궁로(서울여자대학교),A-06,유입,성균관대입구->원남동사거리,15241.0,37.5831,127.0009,18시,1136.0
0,20171125.0,토,창경궁로(서울여자대학교),A-06,유입,성균관대입구->원남동사거리,15241.0,37.5831,127.0009,19시,1000.0
0,20171125.0,토,창경궁로(서울여자대학교),A-06,유입,성균관대입구->원남동사거리,15241.0,37.5831,127.0009,20시,897.0
0,20171126.0,일,창경궁로(서울여자대학교),A-06,유입,성균관대입구->원남동사거리,16454.0,37.5831,127.0009,8시,1240.0
0,20171126.0,일,창경궁로(서울여자대학교),A-06,유입,성균관대입구->원남동사거리,16454.0,37.5831,127.0009,9시,1294.0
0,20171126.0,일,창경궁로(서울여자대학교),A-06,유입,성균관대입구->원남동사거리,16454.0,37.5831,127.0009,10시,1464.0
0,20171126.0,일,창경궁로(서울여자대학교),A-06,유입,성균관대입구->원남동사거리,16454.0,37.5831,127.0009,11시,1447.0
0,20171126.0,일,창경궁로(서울여자대학교),A-06,유입,성균관대입구->원남동사거리,16454.0,37.5831,127.0009,12시,1208.0
0,20171126.0,일,창경궁로(서울여자대학교),A-06,유입,성균관대입구->원남동사거리,16454.0,37.5831,127.0009,13시,1286.0
0,20171126.0,일,창경궁로(서울여자대학교),A-06,유입,성균관대입구->원남동사거리,16454.0,37.5831,127.0009,14시,1507.0
0,20171126.0,일,창경궁로(서울여자대학교),A-06,유입,성균관대입구->원남동사거리,16454.0,37.5831,127.0009,15시,1385.0
0,20171126.0,일,창경궁로(서울여자대학교),A-06,유입,성균관대입구->원남동사거리,16454.0,37.5831,127.0009,16시,1227.0
0,20171126.0,일,창경궁로(서울여자대학교),A-06,유입,성균관대입구->원남동사거리,16454.0,37.5831,127.0009,17시,1246.0
0,20171126.0,일,창경궁로(서울여자대학교),A-06,유입,성균관대입구->원남동사거리,16454.0,37.5831,127.0009,18시,1063.0
0,20171126.0,일,창경궁로(서울여자대학교),A-06,유입,성균관대입구->원남동사거리,16454.0,37.5831,127.0009,19시,1020.0
0,20171126.0,일,창경궁로(서울여자대학교),A-06,유입,성균관대입구->원남동사거리,16454.0,37.5831,127.0009,20시,1067.0
0,20171127.0,월,창경궁로(서울여자대학교),A-06,유입,성균관대입구->원남동사거리,17057.0,37.5831,127.0009,8시,2334.0
0,20171127.0,월,창경궁로(서울여자대학교),A-06,유입,성균관대입구->원남동사거리,17057.0,37.5831,127.0009,9시,1738.0
0,20171127.0,월,창경궁로(서울여자대학교),A-06,유입,성균관대입구->원남동사거리,17057.0,37.5831,127.0009,10시,1594.0
0,20171127.0,월,창경궁로(서울여자대학교),A-06,유입,성균관대입구->원남동사거리,17057.0,37.5831,127.0009,11시,1351.0
0,20171127.0,월,창경궁로(서울여자대학교),A-06,유입,성균관대입구->원남동사거리,17057.0,37.5831,127.0009,12시,1275.0
0,20171127.0,월,창경궁로(서울여자대학교),A-06,유입,성균관대입구->원남동사거리,17057.0,37.5831,127.0009,13시,1363.0
0,20171127.0,월,창경궁로(서울여자대학교),A-06,유입,성균관대입구->원남동사거리,17057.0,37.5831,127.0009,14시,1190.0
0,20171127.0,월,창경궁로(서울여자대학교),A-06,유입,성균관대입구->원남동사거리,17057.0,37.5831,127.0009,15시,1193.0
0,20171127.0,월,창경궁로(서울여자대학교),A-06,유입,성균관대입구->원남동사거리,17057.0,37.5831,127.0009,16시,1157.0
0,20171127.0,월,창경궁로(서울여자대학교),A-06,유입,성균관대입구->원남동사거리,17057.0,37.5831,127.0009,17시,1107.0
0,20171127.0,월,창경궁로(서울여자대학교),A-06,유입,성균관대입구->원남동사거리,17057.0,37.5831,127.0009,18시,1007.0
0,20171127.0,월,창경궁로(서울여자대학교),A-06,유입,성균관대입구->원남동사거리,17057.0,37.5831,127.0009,19시,861.0
0,20171127.0,월,창경궁로(서울여자대학교),A-06,유입,성균관대입구->원남동사거리,17057.0,37.5831,127.0009,20시,887.0
0,20171128.0,화,창경궁로(서울여자대학교),A-06,유입,성균관대입구->원남동사거리,16734.0,37.5831,127.0009,8시,2271.0
0,20171128.0,화,창경궁로(서울여자대학교),A-06,유입,성균관대입구->원남동사거리,16734.0,37.5831,127.0009,9시,1791.0
0,20171128.0,화,창경궁로(서울여자대학교),A-06,유입,성균관대입구->원남동사거리,16734.0,37.5831,127.0009,10시,1471.0
0,20171128.0,화,창경궁로(서울여자대학교),A-06,유입,성균관대입구->원남동사거리,16734.0,37.5831,127.0009,11시,1377.0
0,20171128.0,화,창경궁로(서울여자대학교),A-06,유입,성균관대입구->원남동사거리,16734.0,37.5831,127.0009,12시,1283.0
0,20171128.0,화,창경궁로(서울여자대학교),A-06,유입,성균관대입구->원남동사거리,16734.0,37.5831,127.0009,13시,1287.0
0,20171128.0,화,창경궁로(서울여자대학교),A-06,유입,성균관대입구->원남동사거리,16734.0,37.5831,127.0009,14시,1258.0
0,20171128.0,화,창경궁로(서울여자대학교),A-06,유입,성균관대입구->원남동사거리,16734.0,37.5831,127.0009,15시,1145.0
0,20171128.0,화,창경궁로(서울여자대학교),A-06,유입,성균관대입구->원남동사거리,16734.0,37.5831,127.0009,16시,1112.0
0,20171128.0,화,창경궁로(서울여자대학교),A-06,유입,성균관대입구->원남동사거리,16734.0,37.5831,127.0009,17시,972.0
0,20171128.0,화,창경궁로(서울여자대학교),A-06,유입,성균관대입구->원남동사거리,16734.0,37.5831,127.0009,18시,947.0
0,20171128.0,화,창경궁로(서울여자대학교),A-06,유입,성균관대입구->원남동사거리,16734.0,37.5831,127.0009,19시,857.0
0,20171128.0,화,창경궁로(서울여자대학교),A-06,유입,성균관대입구->원남동사거리,16734.0,37.5831,127.0009,20시,963.0
0,20171129.0,수,창경궁로(서울여자대학교),A-06,유입,성균관대입구->원남동사거리,16933.0,37.5831,127.0009,8시,2225.0
0,20171129.0,수,창경궁로(서울여자대학교),A-06,유입,성균관대입구->원남동사거리,16933.0,37.5831,127.0009,9시,1825.0
0,20171129.0,수,창경궁로(서울여자대학교),A-06,유입,성균관대입구->원남동사거리,16933.0,37.5831,127.0009,10시,1563.0
0,20171129.0,수,창경궁로(서울여자대학교),A-06,유입,성균관대입구->원남동사거리,16933.0,37.5831,127.0009,11시,1422.0
0,20171129.0,수,창경궁로(서울여자대학교),A-06,유입,성균관대입구->원남동사거리,16933.0,37.5831,127.0009,12시,1285.0
0,20171129.0,수,창경궁로(서울여자대학교),A-06,유입,성균관대입구->원남동사거리,16933.0,37.5831,127.0009,13시,1323.0
0,20171129.0,수,창경궁로(서울여자대학교),A-06,유입,성균관대입구->원남동사거리,16933.0,37.5831,127.0009,14시,1273.0
0,20171129.0,수,창경궁로(서울여자대학교),A-06,유입,성균관대입구->원남동사거리,16933.0,37.5831,127.0009,15시,1095.0
0,20171129.0,수,창경궁로(서울여자대학교),A-06,유입,성균관대입구->원남동사거리,16933.0,37.5831,127.0009,16시,1111.0
0,20171129.0,수,창경궁로(서울여자대학교),A-06,유입,성균관대입구->원남동사거리,16933.0,37.5831,127.0009,17시,1055.0
0,20171129.0,수,창경궁로(서울여자대학교),A-06,유입,성균관대입구->원남동사거리,16933.0,37.5831,127.0009,18시,966.0
0,20171129.0,수,창경궁로(서울여자대학교),A-06,유입,성균관대입구->원남동사거리,16933.0,37.5831,127.0009,19시,848.0
0,20171129.0,수,창경궁로(서울여자대학교),A-06,유입,성균관대입구->원남동사거리,16933.0,37.5831,127.0009,20시,942.0
0,20171130.0,목,창경궁로(서울여자대학교),A-06,유입,성균관대입구->원남동사거리,16678.0,37.5831,127.0009,8시,2168.0
0,20171130.0,목,창경궁로(서울여자대학교),A-06,유입,성균관대입구->원남동사거리,16678.0,37.5831,127.0009,9시,1866.0
0,20171130.0,목,창경궁로(서울여자대학교),A-06,유입,성균관대입구->원남동사거리,16678.0,37.5831,127.0009,10시,1533.0
0,20171130.0,목,창경궁로(서울여자대학교),A-06,유입,성균관대입구->원남동사거리,16678.0,37.5831,127.0009,11시,1325.0
0,20171130.0,목,창경궁로(서울여자대학교),A-06,유입,성균관대입구->원남동사거리,16678.0,37.5831,127.0009,12시,1294.0
0,20171130.0,목,창경궁로(서울여자대학교),A-06,유입,성균관대입구->원남동사거리,16678.0,37.5831,127.0009,13시,1275.0
0,20171130.0,목,창경궁로(서울여자대학교),A-06,유입,성균관대입구->원남동사거리,16678.0,37.5831,127.0009,14시,1206.0
0,20171130.0,목,창경궁로(서울여자대학교),A-06,유입,성균관대입구->원남동사거리,16678.0,37.5831,127.0009,15시,1106.0
0,20171130.0,목,창경궁로(서울여자대학교),A-06,유입,성균관대입구->원남동사거리,16678.0,37.5831,127.0009,16시,1118.0
0,20171130.0,목,창경궁로(서울여자대학교),A-06,유입,성균관대입구->원남동사거리,16678.0,37.5831,127.0009,17시,1077.0
0,20171130.0,목,창경궁로(서울여자대학교),A-06,유입,성균관대입구->원남동사거리,16678.0,37.5831,127.0009,18시,900.0
0,20171130.0,목,창경궁로(서울여자대학교),A-06,유입,성균관대입구->원남동사거리,16678.0,37.5831,127.0009,19시,894.0
0,20171130.0,목,창경궁로(서울여자대학교),A-06,유입,성균관대입구->원남동사거리,16678.0,37.5831,127.0009,20시,916.0
0,20171101.0,수,창경궁로(서울여자대학교),A-06,유출,원남동사거리->성균관대입구,10823.0,37.5831,127.0009,8시,602.0
0,20171101.0,수,창경궁로(서울여자대학교),A-06,유출,원남동사거리->성균관대입구,10823.0,37.5831,127.0009,9시,718.0
0,20171101.0,수,창경궁로(서울여자대학교),A-06,유출,원남동사거리->성균관대입구,10823.0,37.5831,127.0009,10시,707.0
0,20171101.0,수,창경궁로(서울여자대학교),A-06,유출,원남동사거리->성균관대입구,10823.0,37.5831,127.0009,11시,887.0
0,20171101.0,수,창경궁로(서울여자대학교),A-06,유출,원남동사거리->성균관대입구,10823.0,37.5831,127.0009,12시,774.0
0,20171101.0,수,창경궁로(서울여자대학교),A-06,유출,원남동사거리->성균관대입구,10823.0,37.5831,127.0009,13시,781.0
0,20171101.0,수,창경궁로(서울여자대학교),A-06,유출,원남동사거리->성균관대입구,10823.0,37.5831,127.0009,14시,718.0
0,20171101.0,수,창경궁로(서울여자대학교),A-06,유출,원남동사거리->성균관대입구,10823.0,37.5831,127.0009,15시,807.0
0,20171101.0,수,창경궁로(서울여자대학교),A-06,유출,원남동사거리->성균관대입구,10823.0,37.5831,127.0009,16시,842.0
0,20171101.0,수,창경궁로(서울여자대학교),A-06,유출,원남동사거리->성균관대입구,10823.0,37.5831,127.0009,17시,959.0
0,20171101.0,수,창경궁로(서울여자대학교),A-06,유출,원남동사거리->성균관대입구,10823.0,37.5831,127.0009,18시,966.0
0,20171101.0,수,창경궁로(서울여자대학교),A-06,유출,원남동사거리->성균관대입구,10823.0,37.5831,127.0009,19시,1025.0
0,20171101.0,수,창경궁로(서울여자대학교),A-06,유출,원남동사거리->성균관대입구,10823.0,37.5831,127.0009,20시,1037.0
0,20171102.0,목,창경궁로(서울여자대학교),A-06,유출,원남동사거리->성균관대입구,11817.0,37.5831,127.0009,8시,681.0
0,20171102.0,목,창경궁로(서울여자대학교),A-06,유출,원남동사거리->성균관대입구,11817.0,37.5831,127.0009,9시,694.0
0,20171102.0,목,창경궁로(서울여자대학교),A-06,유출,원남동사거리->성균관대입구,11817.0,37.5831,127.0009,10시,762.0
0,20171102.0,목,창경궁로(서울여자대학교),A-06,유출,원남동사거리->성균관대입구,11817.0,37.5831,127.0009,11시,856.0
0,20171102.0,목,창경궁로(서울여자대학교),A-06,유출,원남동사거리->성균관대입구,11817.0,37.5831,127.0009,12시,809.0
0,20171102.0,목,창경궁로(서울여자대학교),A-06,유출,원남동사거리->성균관대입구,11817.0,37.5831,127.0009,13시,889.0
0,20171102.0,목,창경궁로(서울여자대학교),A-06,유출,원남동사거리->성균관대입구,11817.0,37.5831,127.0009,14시,877.0
0,20171102.0,목,창경궁로(서울여자대학교),A-06,유출,원남동사거리->성균관대입구,11817.0,37.5831,127.0009,15시,1011.0
0,20171102.0,목,창경궁로(서울여자대학교),A-06,유출,원남동사거리->성균관대입구,11817.0,37.5831,127.0009,16시,1034.0
0,20171102.0,목,창경궁로(서울여자대학교),A-06,유출,원남동사거리->성균관대입구,11817.0,37.5831,127.0009,17시,987.0
0,20171102.0,목,창경궁로(서울여자대학교),A-06,유출,원남동사거리->성균관대입구,11817.0,37.5831,127.0009,18시,1080.0
0,20171102.0,목,창경궁로(서울여자대학교),A-06,유출,원남동사거리->성균관대입구,11817.0,37.5831,127.0009,19시,1115.0
0,20171102.0,목,창경궁로(서울여자대학교),A-06,유출,원남동사거리->성균관대입구,11817.0,37.5831,127.0009,20시,1022.0
0,20171103.0,금,창경궁로(서울여자대학교),A-06,유출,원남동사거리->성균관대입구,10888.0,37.5831,127.0009,8시,609.0
0,20171103.0,금,창경궁로(서울여자대학교),A-06,유출,원남동사거리->성균관대입구,10888.0,37.5831,127.0009,9시,535.0
0,20171103.0,금,창경궁로(서울여자대학교),A-06,유출,원남동사거리->성균관대입구,10888.0,37.5831,127.0009,10시,469.0
0,20171103.0,금,창경궁로(서울여자대학교),A-06,유출,원남동사거리->성균관대입구,10888.0,37.5831,127.0009,11시,633.0
0,20171103.0,금,창경궁로(서울여자대학교),A-06,유출,원남동사거리->성균관대입구,10888.0,37.5831,127.0009,12시,629.0
0,20171103.0,금,창경궁로(서울여자대학교),A-06,유출,원남동사거리->성균관대입구,10888.0,37.5831,127.0009,13시,832.0
0,20171103.0,금,창경궁로(서울여자대학교),A-06,유출,원남동사거리->성균관대입구,10888.0,37.5831,127.0009,14시,923.0
0,20171103.0,금,창경궁로(서울여자대학교),A-06,유출,원남동사거리->성균관대입구,10888.0,37.5831,127.0009,15시,1008.0
0,20171103.0,금,창경궁로(서울여자대학교),A-06,유출,원남동사거리->성균관대입구,10888.0,37.5831,127.0009,16시,1036.0
0,20171103.0,금,창경궁로(서울여자대학교),A-06,유출,원남동사거리->성균관대입구,10888.0,37.5831,127.0009,17시,961.0
0,20171103.0,금,창경궁로(서울여자대학교),A-06,유출,원남동사거리->성균관대입구,10888.0,37.5831,127.0009,18시,1060.0
0,20171103.0,금,창경궁로(서울여자대학교),A-06,유출,원남동사거리->성균관대입구,10888.0,37.5831,127.0009,19시,1073.0
0,20171103.0,금,창경궁로(서울여자대학교),A-06,유출,원남동사거리->성균관대입구,10888.0,37.5831,127.0009,20시,1120.0
0,20171104.0,토,창경궁로(서울여자대학교),A-06,유출,원남동사거리->성균관대입구,12938.0,37.5831,127.0009,8시,721.0
0,20171104.0,토,창경궁로(서울여자대학교),A-06,유출,원남동사거리->성균관대입구,12938.0,37.5831,127.0009,9시,796.0
0,20171104.0,토,창경궁로(서울여자대학교),A-06,유출,원남동사거리->성균관대입구,12938.0,37.5831,127.0009,10시,780.0
0,20171104.0,토,창경궁로(서울여자대학교),A-06,유출,원남동사거리->성균관대입구,12938.0,37.5831,127.0009,11시,784.0
0,20171104.0,토,창경궁로(서울여자대학교),A-06,유출,원남동사거리->성균관대입구,12938.0,37.5831,127.0009,12시,1090.0
0,20171104.0,토,창경궁로(서울여자대학교),A-06,유출,원남동사거리->성균관대입구,12938.0,37.5831,127.0009,13시,1323.0
0,20171104.0,토,창경궁로(서울여자대학교),A-06,유출,원남동사거리->성균관대입구,12938.0,37.5831,127.0009,14시,1321.0
0,20171104.0,토,창경궁로(서울여자대학교),A-06,유출,원남동사거리->성균관대입구,12938.0,37.5831,127.0009,15시,1161.0
0,20171104.0,토,창경궁로(서울여자대학교),A-06,유출,원남동사거리->성균관대입구,12938.0,37.5831,127.0009,16시,1099.0
0,20171104.0,토,창경궁로(서울여자대학교),A-06,유출,원남동사거리->성균관대입구,12938.0,37.5831,127.0009,17시,988.0
0,20171104.0,토,창경궁로(서울여자대학교),A-06,유출,원남동사거리->성균관대입구,12938.0,37.5831,127.0009,18시,1006.0
0,20171104.0,토,창경궁로(서울여자대학교),A-06,유출,원남동사거리->성균관대입구,12938.0,37.5831,127.0009,19시,902.0
0,20171104.0,토,창경궁로(서울여자대학교),A-06,유출,원남동사거리->성균관대입구,12938.0,37.5831,127.0009,20시,967.0
0,20171105.0,일,창경궁로(서울여자대학교),A-06,유출,원남동사거리->성균관대입구,10885.0,37.5831,127.0009,8시,540.0
0,20171105.0,일,창경궁로(서울여자대학교),A-06,유출,원남동사거리->성균관대입구,10885.0,37.5831,127.0009,9시,601.0
0,20171105.0,일,창경궁로(서울여자대학교),A-06,유출,원남동사거리->성균관대입구,10885.0,37.5831,127.0009,10시,664.0
0,20171105.0,일,창경궁로(서울여자대학교),A-06,유출,원남동사거리->성균관대입구,10885.0,37.5831,127.0009,11시,660.0
0,20171105.0,일,창경궁로(서울여자대학교),A-06,유출,원남동사거리->성균관대입구,10885.0,37.5831,127.0009,12시,732.0
0,20171105.0,일,창경궁로(서울여자대학교),A-06,유출,원남동사거리->성균관대입구,10885.0,37.5831,127.0009,13시,927.0
0,20171105.0,일,창경궁로(서울여자대학교),A-06,유출,원남동사거리->성균관대입구,10885.0,37.5831,127.0009,14시,974.0
0,20171105.0,일,창경궁로(서울여자대학교),A-06,유출,원남동사거리->성균관대입구,10885.0,37.5831,127.0009,15시,944.0
0,20171105.0,일,창경궁로(서울여자대학교),A-06,유출,원남동사거리->성균관대입구,10885.0,37.5831,127.0009,16시,919.0
0,20171105.0,일,창경궁로(서울여자대학교),A-06,유출,원남동사거리->성균관대입구,10885.0,37.5831,127.0009,17시,1073.0
0,20171105.0,일,창경궁로(서울여자대학교),A-06,유출,원남동사거리->성균관대입구,10885.0,37.5831,127.0009,18시,1009.0
0,20171105.0,일,창경궁로(서울여자대학교),A-06,유출,원남동사거리->성균관대입구,10885.0,37.5831,127.0009,19시,921.0
0,20171105.0,일,창경궁로(서울여자대학교),A-06,유출,원남동사거리->성균관대입구,10885.0,37.5831,127.0009,20시,921.0
0,20171106.0,월,창경궁로(서울여자대학교),A-06,유출,원남동사거리->성균관대입구,11750.0,37.5831,127.0009,8시,625.0
0,20171106.0,월,창경궁로(서울여자대학교),A-06,유출,원남동사거리->성균관대입구,11750.0,37.5831,127.0009,9시,692.0
0,20171106.0,월,창경궁로(서울여자대학교),A-06,유출,원남동사거리->성균관대입구,11750.0,37.5831,127.0009,10시,773.0
0,20171106.0,월,창경궁로(서울여자대학교),A-06,유출,원남동사거리->성균관대입구,11750.0,37.5831,127.0009,11시,903.0
0,20171106.0,월,창경궁로(서울여자대학교),A-06,유출,원남동사거리->성균관대입구,11750.0,37.5831,127.0009,12시,858.0
0,20171106.0,월,창경궁로(서울여자대학교),A-06,유출,원남동사거리->성균관대입구,11750.0,37.5831,127.0009,13시,857.0
0,20171106.0,월,창경궁로(서울여자대학교),A-06,유출,원남동사거리->성균관대입구,11750.0,37.5831,127.0009,14시,916.0
0,20171106.0,월,창경궁로(서울여자대학교),A-06,유출,원남동사거리->성균관대입구,11750.0,37.5831,127.0009,15시,965.0
0,20171106.0,월,창경궁로(서울여자대학교),A-06,유출,원남동사거리->성균관대입구,11750.0,37.5831,127.0009,16시,1041.0
0,20171106.0,월,창경궁로(서울여자대학교),A-06,유출,원남동사거리->성균관대입구,11750.0,37.5831,127.0009,17시,1006.0
0,20171106.0,월,창경궁로(서울여자대학교),A-06,유출,원남동사거리->성균관대입구,11750.0,37.5831,127.0009,18시,1037.0
0,20171106.0,월,창경궁로(서울여자대학교),A-06,유출,원남동사거리->성균관대입구,11750.0,37.5831,127.0009,19시,1113.0
0,20171106.0,월,창경궁로(서울여자대학교),A-06,유출,원남동사거리->성균관대입구,11750.0,37.5831,127.0009,20시,964.0
0,20171107.0,화,창경궁로(서울여자대학교),A-06,유출,원남동사거리->성균관대입구,11761.0,37.5831,127.0009,8시,611.0
0,20171107.0,화,창경궁로(서울여자대학교),A-06,유출,원남동사거리->성균관대입구,11761.0,37.5831,127.0009,9시,631.0
0,20171107.0,화,창경궁로(서울여자대학교),A-06,유출,원남동사거리->성균관대입구,11761.0,37.5831,127.0009,10시,755.0
0,20171107.0,화,창경궁로(서울여자대학교),A-06,유출,원남동사거리->성균관대입구,11761.0,37.5831,127.0009,11시,909.0
0,20171107.0,화,창경궁로(서울여자대학교),A-06,유출,원남동사거리->성균관대입구,11761.0,37.5831,127.0009,12시,863.0
0,20171107.0,화,창경궁로(서울여자대학교),A-06,유출,원남동사거리->성균관대입구,11761.0,37.5831,127.0009,13시,841.0
0,20171107.0,화,창경궁로(서울여자대학교),A-06,유출,원남동사거리->성균관대입구,11761.0,37.5831,127.0009,14시,998.0
0,20171107.0,화,창경궁로(서울여자대학교),A-06,유출,원남동사거리->성균관대입구,11761.0,37.5831,127.0009,15시,935.0
0,20171107.0,화,창경궁로(서울여자대학교),A-06,유출,원남동사거리->성균관대입구,11761.0,37.5831,127.0009,16시,989.0
0,20171107.0,화,창경궁로(서울여자대학교),A-06,유출,원남동사거리->성균관대입구,11761.0,37.5831,127.0009,17시,998.0
0,20171107.0,화,창경궁로(서울여자대학교),A-06,유출,원남동사거리->성균관대입구,11761.0,37.5831,127.0009,18시,1103.0
0,20171107.0,화,창경궁로(서울여자대학교),A-06,유출,원남동사거리->성균관대입구,11761.0,37.5831,127.0009,19시,1100.0
0,20171107.0,화,창경궁로(서울여자대학교),A-06,유출,원남동사거리->성균관대입구,11761.0,37.5831,127.0009,20시,1028.0
0,20171108.0,수,창경궁로(서울여자대학교),A-06,유출,원남동사거리->성균관대입구,11914.0,37.5831,127.0009,8시,625.0
0,20171108.0,수,창경궁로(서울여자대학교),A-06,유출,원남동사거리->성균관대입구,11914.0,37.5831,127.0009,9시,709.0
0,20171108.0,수,창경궁로(서울여자대학교),A-06,유출,원남동사거리->성균관대입구,11914.0,37.5831,127.0009,10시,786.0
0,20171108.0,수,창경궁로(서울여자대학교),A-06,유출,원남동사거리->성균관대입구,11914.0,37.5831,127.0009,11시,892.0
0,20171108.0,수,창경궁로(서울여자대학교),A-06,유출,원남동사거리->성균관대입구,11914.0,37.5831,127.0009,12시,838.0
0,20171108.0,수,창경궁로(서울여자대학교),A-06,유출,원남동사거리->성균관대입구,11914.0,37.5831,127.0009,13시,836.0
0,20171108.0,수,창경궁로(서울여자대학교),A-06,유출,원남동사거리->성균관대입구,11914.0,37.5831,127.0009,14시,938.0
0,20171108.0,수,창경궁로(서울여자대학교),A-06,유출,원남동사거리->성균관대입구,11914.0,37.5831,127.0009,15시,1040.0
0,20171108.0,수,창경궁로(서울여자대학교),A-06,유출,원남동사거리->성균관대입구,11914.0,37.5831,127.0009,16시,994.0
0,20171108.0,수,창경궁로(서울여자대학교),A-06,유출,원남동사거리->성균관대입구,11914.0,37.5831,127.0009,17시,1031.0
0,20171108.0,수,창경궁로(서울여자대학교),A-06,유출,원남동사거리->성균관대입구,11914.0,37.5831,127.0009,18시,1051.0
0,20171108.0,수,창경궁로(서울여자대학교),A-06,유출,원남동사거리->성균관대입구,11914.0,37.5831,127.0009,19시,1118.0
0,20171108.0,수,창경궁로(서울여자대학교),A-06,유출,원남동사거리->성균관대입구,11914.0,37.5831,127.0009,20시,1056.0
0,20171109.0,목,창경궁로(서울여자대학교),A-06,유출,원남동사거리->성균관대입구,11913.0,37.5831,127.0009,8시,616.0
0,20171109.0,목,창경궁로(서울여자대학교),A-06,유출,원남동사거리->성균관대입구,11913.0,37.5831,127.0009,9시,716.0
0,20171109.0,목,창경궁로(서울여자대학교),A-06,유출,원남동사거리->성균관대입구,11913.0,37.5831,127.0009,10시,807.0
0,20171109.0,목,창경궁로(서울여자대학교),A-06,유출,원남동사거리->성균관대입구,11913.0,37.5831,127.0009,11시,872.0
0,20171109.0,목,창경궁로(서울여자대학교),A-06,유출,원남동사거리->성균관대입구,11913.0,37.5831,127.0009,12시,889.0
0,20171109.0,목,창경궁로(서울여자대학교),A-06,유출,원남동사거리->성균관대입구,11913.0,37.5831,127.0009,13시,863.0
0,20171109.0,목,창경궁로(서울여자대학교),A-06,유출,원남동사거리->성균관대입구,11913.0,37.5831,127.0009,14시,940.0
0,20171109.0,목,창경궁로(서울여자대학교),A-06,유출,원남동사거리->성균관대입구,11913.0,37.5831,127.0009,15시,1002.0
0,20171109.0,목,창경궁로(서울여자대학교),A-06,유출,원남동사거리->성균관대입구,11913.0,37.5831,127.0009,16시,1031.0
0,20171109.0,목,창경궁로(서울여자대학교),A-06,유출,원남동사거리->성균관대입구,11913.0,37.5831,127.0009,17시,1007.0
0,20171109.0,목,창경궁로(서울여자대학교),A-06,유출,원남동사거리->성균관대입구,11913.0,37.5831,127.0009,18시,994.0
0,20171109.0,목,창경궁로(서울여자대학교),A-06,유출,원남동사거리->성균관대입구,11913.0,37.5831,127.0009,19시,1087.0
0,20171109.0,목,창경궁로(서울여자대학교),A-06,유출,원남동사거리->성균관대입구,11913.0,37.5831,127.0009,20시,1089.0
0,20171110.0,금,창경궁로(서울여자대학교),A-06,유출,원남동사거리->성균관대입구,11544.0,37.5831,127.0009,8시,627.0
0,20171110.0,금,창경궁로(서울여자대학교),A-06,유출,원남동사거리->성균관대입구,11544.0,37.5831,127.0009,9시,665.0
0,20171110.0,금,창경궁로(서울여자대학교),A-06,유출,원남동사거리->성균관대입구,11544.0,37.5831,127.0009,10시,771.0
0,20171110.0,금,창경궁로(서울여자대학교),A-06,유출,원남동사거리->성균관대입구,11544.0,37.5831,127.0009,11시,866.0
0,20171110.0,금,창경궁로(서울여자대학교),A-06,유출,원남동사거리->성균관대입구,11544.0,37.5831,127.0009,12시,868.0
0,20171110.0,금,창경궁로(서울여자대학교),A-06,유출,원남동사거리->성균관대입구,11544.0,37.5831,127.0009,13시,868.0
0,20171110.0,금,창경궁로(서울여자대학교),A-06,유출,원남동사거리->성균관대입구,11544.0,37.5831,127.0009,14시,924.0
0,20171110.0,금,창경궁로(서울여자대학교),A-06,유출,원남동사거리->성균관대입구,11544.0,37.5831,127.0009,15시,1003.0
0,20171110.0,금,창경궁로(서울여자대학교),A-06,유출,원남동사거리->성균관대입구,11544.0,37.5831,127.0009,16시,870.0
0,20171110.0,금,창경궁로(서울여자대학교),A-06,유출,원남동사거리->성균관대입구,11544.0,37.5831,127.0009,17시,922.0
0,20171110.0,금,창경궁로(서울여자대학교),A-06,유출,원남동사거리->성균관대입구,11544.0,37.5831,127.0009,18시,959.0
0,20171110.0,금,창경궁로(서울여자대학교),A-06,유출,원남동사거리->성균관대입구,11544.0,37.5831,127.0009,19시,1148.0
0,20171110.0,금,창경궁로(서울여자대학교),A-06,유출,원남동사거리->성균관대입구,11544.0,37.5831,127.0009,20시,1053.0
0,20171111.0,토,창경궁로(서울여자대학교),A-06,유출,원남동사거리->성균관대입구,11779.0,37.5831,127.0009,8시,726.0
0,20171111.0,토,창경궁로(서울여자대학교),A-06,유출,원남동사거리->성균관대입구,11779.0,37.5831,127.0009,9시,819.0
0,20171111.0,토,창경궁로(서울여자대학교),A-06,유출,원남동사거리->성균관대입구,11779.0,37.5831,127.0009,10시,787.0
0,20171111.0,토,창경궁로(서울여자대학교),A-06,유출,원남동사거리->성균관대입구,11779.0,37.5831,127.0009,11시,800.0
0,20171111.0,토,창경궁로(서울여자대학교),A-06,유출,원남동사거리->성균관대입구,11779.0,37.5831,127.0009,12시,801.0
0,20171111.0,토,창경궁로(서울여자대학교),A-06,유출,원남동사거리->성균관대입구,11779.0,37.5831,127.0009,13시,975.0
0,20171111.0,토,창경궁로(서울여자대학교),A-06,유출,원남동사거리->성균관대입구,11779.0,37.5831,127.0009,14시,1001.0
0,20171111.0,토,창경궁로(서울여자대학교),A-06,유출,원남동사거리->성균관대입구,11779.0,37.5831,127.0009,15시,961.0
0,20171111.0,토,창경궁로(서울여자대학교),A-06,유출,원남동사거리->성균관대입구,11779.0,37.5831,127.0009,16시,993.0
0,20171111.0,토,창경궁로(서울여자대학교),A-06,유출,원남동사거리->성균관대입구,11779.0,37.5831,127.0009,17시,1066.0
0,20171111.0,토,창경궁로(서울여자대학교),A-06,유출,원남동사거리->성균관대입구,11779.0,37.5831,127.0009,18시,942.0
0,20171111.0,토,창경궁로(서울여자대학교),A-06,유출,원남동사거리->성균관대입구,11779.0,37.5831,127.0009,19시,864.0
0,20171111.0,토,창경궁로(서울여자대학교),A-06,유출,원남동사거리->성균관대입구,11779.0,37.5831,127.0009,20시,1044.0
0,20171112.0,일,창경궁로(서울여자대학교),A-06,유출,원남동사거리->성균관대입구,7590.0,37.5831,127.0009,8시,435.0
0,20171112.0,일,창경궁로(서울여자대학교),A-06,유출,원남동사거리->성균관대입구,7590.0,37.5831,127.0009,9시,575.0
0,20171112.0,일,창경궁로(서울여자대학교),A-06,유출,원남동사거리->성균관대입구,7590.0,37.5831,127.0009,10시,683.0
0,20171112.0,일,창경궁로(서울여자대학교),A-06,유출,원남동사거리->성균관대입구,7590.0,37.5831,127.0009,11시,650.0
0,20171112.0,일,창경궁로(서울여자대학교),A-06,유출,원남동사거리->성균관대입구,7590.0,37.5831,127.0009,12시,784.0
0,20171112.0,일,창경궁로(서울여자대학교),A-06,유출,원남동사거리->성균관대입구,7590.0,37.5831,127.0009,13시,920.0
0,20171112.0,일,창경궁로(서울여자대학교),A-06,유출,원남동사거리->성균관대입구,7590.0,37.5831,127.0009,14시,896.0
0,20171112.0,일,창경궁로(서울여자대학교),A-06,유출,원남동사거리->성균관대입구,7590.0,37.5831,127.0009,15시,830.0
0,20171112.0,일,창경궁로(서울여자대학교),A-06,유출,원남동사거리->성균관대입구,7590.0,37.5831,127.0009,16시,116.0
0,20171112.0,일,창경궁로(서울여자대학교),A-06,유출,원남동사거리->성균관대입구,7590.0,37.5831,127.0009,17시,67.0
0,20171112.0,일,창경궁로(서울여자대학교),A-06,유출,원남동사거리->성균관대입구,7590.0,37.5831,127.0009,18시,94.0
0,20171112.0,일,창경궁로(서울여자대학교),A-06,유출,원남동사거리->성균관대입구,7590.0,37.5831,127.0009,19시,620.0
0,20171112.0,일,창경궁로(서울여자대학교),A-06,유출,원남동사거리->성균관대입구,7590.0,37.5831,127.0009,20시,920.0
0,20171113.0,월,창경궁로(서울여자대학교),A-06,유출,원남동사거리->성균관대입구,11756.0,37.5831,127.0009,8시,638.0
0,20171113.0,월,창경궁로(서울여자대학교),A-06,유출,원남동사거리->성균관대입구,11756.0,37.5831,127.0009,9시,673.0
0,20171113.0,월,창경궁로(서울여자대학교),A-06,유출,원남동사거리->성균관대입구,11756.0,37.5831,127.0009,10시,817.0
0,20171113.0,월,창경궁로(서울여자대학교),A-06,유출,원남동사거리->성균관대입구,11756.0,37.5831,127.0009,11시,866.0
0,20171113.0,월,창경궁로(서울여자대학교),A-06,유출,원남동사거리->성균관대입구,11756.0,37.5831,127.0009,12시,895.0
0,20171113.0,월,창경궁로(서울여자대학교),A-06,유출,원남동사거리->성균관대입구,11756.0,37.5831,127.0009,13시,864.0
0,20171113.0,월,창경궁로(서울여자대학교),A-06,유출,원남동사거리->성균관대입구,11756.0,37.5831,127.0009,14시,942.0
0,20171113.0,월,창경궁로(서울여자대학교),A-06,유출,원남동사거리->성균관대입구,11756.0,37.5831,127.0009,15시,1037.0
0,20171113.0,월,창경궁로(서울여자대학교),A-06,유출,원남동사거리->성균관대입구,11756.0,37.5831,127.0009,16시,973.0
0,20171113.0,월,창경궁로(서울여자대학교),A-06,유출,원남동사거리->성균관대입구,11756.0,37.5831,127.0009,17시,961.0
0,20171113.0,월,창경궁로(서울여자대학교),A-06,유출,원남동사거리->성균관대입구,11756.0,37.5831,127.0009,18시,965.0
0,20171113.0,월,창경궁로(서울여자대학교),A-06,유출,원남동사거리->성균관대입구,11756.0,37.5831,127.0009,19시,1092.0
0,20171113.0,월,창경궁로(서울여자대학교),A-06,유출,원남동사거리->성균관대입구,11756.0,37.5831,127.0009,20시,1033.0
0,20171114.0,화,창경궁로(서울여자대학교),A-06,유출,원남동사거리->성균관대입구,12679.0,37.5831,127.0009,8시,635.0
0,20171114.0,화,창경궁로(서울여자대학교),A-06,유출,원남동사거리->성균관대입구,12679.0,37.5831,127.0009,9시,715.0
0,20171114.0,화,창경궁로(서울여자대학교),A-06,유출,원남동사거리->성균관대입구,12679.0,37.5831,127.0009,10시,819.0
0,20171114.0,화,창경궁로(서울여자대학교),A-06,유출,원남동사거리->성균관대입구,12679.0,37.5831,127.0009,11시,876.0
0,20171114.0,화,창경궁로(서울여자대학교),A-06,유출,원남동사거리->성균관대입구,12679.0,37.5831,127.0009,12시,855.0
0,20171114.0,화,창경궁로(서울여자대학교),A-06,유출,원남동사거리->성균관대입구,12679.0,37.5831,127.0009,13시,1034.0
0,20171114.0,화,창경궁로(서울여자대학교),A-06,유출,원남동사거리->성균관대입구,12679.0,37.5831,127.0009,14시,1114.0
0,20171114.0,화,창경궁로(서울여자대학교),A-06,유출,원남동사거리->성균관대입구,12679.0,37.5831,127.0009,15시,1145.0
0,20171114.0,화,창경궁로(서울여자대학교),A-06,유출,원남동사거리->성균관대입구,12679.0,37.5831,127.0009,16시,1192.0
0,20171114.0,화,창경궁로(서울여자대학교),A-06,유출,원남동사거리->성균관대입구,12679.0,37.5831,127.0009,17시,966.0
0,20171114.0,화,창경궁로(서울여자대학교),A-06,유출,원남동사거리->성균관대입구,12679.0,37.5831,127.0009,18시,1167.0
0,20171114.0,화,창경궁로(서울여자대학교),A-06,유출,원남동사거리->성균관대입구,12679.0,37.5831,127.0009,19시,1095.0
0,20171114.0,화,창경궁로(서울여자대학교),A-06,유출,원남동사거리->성균관대입구,12679.0,37.5831,127.0009,20시,1066.0
0,20171115.0,수,창경궁로(서울여자대학교),A-06,유출,원남동사거리->성균관대입구,11880.0,37.5831,127.0009,8시,637.0
0,20171115.0,수,창경궁로(서울여자대학교),A-06,유출,원남동사거리->성균관대입구,11880.0,37.5831,127.0009,9시,704.0
0,20171115.0,수,창경궁로(서울여자대학교),A-06,유출,원남동사거리->성균관대입구,11880.0,37.5831,127.0009,10시,777.0
0,20171115.0,수,창경궁로(서울여자대학교),A-06,유출,원남동사거리->성균관대입구,11880.0,37.5831,127.0009,11시,877.0
0,20171115.0,수,창경궁로(서울여자대학교),A-06,유출,원남동사거리->성균관대입구,11880.0,37.5831,127.0009,12시,860.0
0,20171115.0,수,창경궁로(서울여자대학교),A-06,유출,원남동사거리->성균관대입구,11880.0,37.5831,127.0009,13시,895.0
0,20171115.0,수,창경궁로(서울여자대학교),A-06,유출,원남동사거리->성균관대입구,11880.0,37.5831,127.0009,14시,906.0
0,20171115.0,수,창경궁로(서울여자대학교),A-06,유출,원남동사거리->성균관대입구,11880.0,37.5831,127.0009,15시,969.0
0,20171115.0,수,창경궁로(서울여자대학교),A-06,유출,원남동사거리->성균관대입구,11880.0,37.5831,127.0009,16시,1014.0
0,20171115.0,수,창경궁로(서울여자대학교),A-06,유출,원남동사거리->성균관대입구,11880.0,37.5831,127.0009,17시,992.0
0,20171115.0,수,창경궁로(서울여자대학교),A-06,유출,원남동사거리->성균관대입구,11880.0,37.5831,127.0009,18시,1054.0
0,20171115.0,수,창경궁로(서울여자대학교),A-06,유출,원남동사거리->성균관대입구,11880.0,37.5831,127.0009,19시,1124.0
0,20171115.0,수,창경궁로(서울여자대학교),A-06,유출,원남동사거리->성균관대입구,11880.0,37.5831,127.0009,20시,1071.0
0,20171116.0,목,창경궁로(서울여자대학교),A-06,유출,원남동사거리->성균관대입구,11927.0,37.5831,127.0009,8시,617.0
0,20171116.0,목,창경궁로(서울여자대학교),A-06,유출,원남동사거리->성균관대입구,11927.0,37.5831,127.0009,9시,730.0
0,20171116.0,목,창경궁로(서울여자대학교),A-06,유출,원남동사거리->성균관대입구,11927.0,37.5831,127.0009,10시,804.0
0,20171116.0,목,창경궁로(서울여자대학교),A-06,유출,원남동사거리->성균관대입구,11927.0,37.5831,127.0009,11시,822.0
0,20171116.0,목,창경궁로(서울여자대학교),A-06,유출,원남동사거리->성균관대입구,11927.0,37.5831,127.0009,12시,857.0
0,20171116.0,목,창경궁로(서울여자대학교),A-06,유출,원남동사거리->성균관대입구,11927.0,37.5831,127.0009,13시,842.0
0,20171116.0,목,창경궁로(서울여자대학교),A-06,유출,원남동사거리->성균관대입구,11927.0,37.5831,127.0009,14시,908.0
0,20171116.0,목,창경궁로(서울여자대학교),A-06,유출,원남동사거리->성균관대입구,11927.0,37.5831,127.0009,15시,1023.0
0,20171116.0,목,창경궁로(서울여자대학교),A-06,유출,원남동사거리->성균관대입구,11927.0,37.5831,127.0009,16시,1028.0
0,20171116.0,목,창경궁로(서울여자대학교),A-06,유출,원남동사거리->성균관대입구,11927.0,37.5831,127.0009,17시,1030.0
0,20171116.0,목,창경궁로(서울여자대학교),A-06,유출,원남동사거리->성균관대입구,11927.0,37.5831,127.0009,18시,1076.0
0,20171116.0,목,창경궁로(서울여자대학교),A-06,유출,원남동사거리->성균관대입구,11927.0,37.5831,127.0009,19시,1106.0
0,20171116.0,목,창경궁로(서울여자대학교),A-06,유출,원남동사거리->성균관대입구,11927.0,37.5831,127.0009,20시,1084.0
0,20171117.0,금,창경궁로(서울여자대학교),A-06,유출,원남동사거리->성균관대입구,11756.0,37.5831,127.0009,8시,647.0
0,20171117.0,금,창경궁로(서울여자대학교),A-06,유출,원남동사거리->성균관대입구,11756.0,37.5831,127.0009,9시,695.0
0,20171117.0,금,창경궁로(서울여자대학교),A-06,유출,원남동사거리->성균관대입구,11756.0,37.5831,127.0009,10시,839.0
0,20171117.0,금,창경궁로(서울여자대학교),A-06,유출,원남동사거리->성균관대입구,11756.0,37.5831,127.0009,11시,883.0
0,20171117.0,금,창경궁로(서울여자대학교),A-06,유출,원남동사거리->성균관대입구,11756.0,37.5831,127.0009,12시,897.0
0,20171117.0,금,창경궁로(서울여자대학교),A-06,유출,원남동사거리->성균관대입구,11756.0,37.5831,127.0009,13시,873.0
0,20171117.0,금,창경궁로(서울여자대학교),A-06,유출,원남동사거리->성균관대입구,11756.0,37.5831,127.0009,14시,929.0
0,20171117.0,금,창경궁로(서울여자대학교),A-06,유출,원남동사거리->성균관대입구,11756.0,37.5831,127.0009,15시,1055.0
0,20171117.0,금,창경궁로(서울여자대학교),A-06,유출,원남동사거리->성균관대입구,11756.0,37.5831,127.0009,16시,966.0
0,20171117.0,금,창경궁로(서울여자대학교),A-06,유출,원남동사거리->성균관대입구,11756.0,37.5831,127.0009,17시,958.0
0,20171117.0,금,창경궁로(서울여자대학교),A-06,유출,원남동사거리->성균관대입구,11756.0,37.5831,127.0009,18시,918.0
0,20171117.0,금,창경궁로(서울여자대학교),A-06,유출,원남동사거리->성균관대입구,11756.0,37.5831,127.0009,19시,1058.0
0,20171117.0,금,창경궁로(서울여자대학교),A-06,유출,원남동사거리->성균관대입구,11756.0,37.5831,127.0009,20시,1038.0
0,20171118.0,토,창경궁로(서울여자대학교),A-06,유출,원남동사거리->성균관대입구,11669.0,37.5831,127.0009,8시,618.0
0,20171118.0,토,창경궁로(서울여자대학교),A-06,유출,원남동사거리->성균관대입구,11669.0,37.5831,127.0009,9시,782.0
0,20171118.0,토,창경궁로(서울여자대학교),A-06,유출,원남동사거리->성균관대입구,11669.0,37.5831,127.0009,10시,779.0
0,20171118.0,토,창경궁로(서울여자대학교),A-06,유출,원남동사거리->성균관대입구,11669.0,37.5831,127.0009,11시,760.0
0,20171118.0,토,창경궁로(서울여자대학교),A-06,유출,원남동사거리->성균관대입구,11669.0,37.5831,127.0009,12시,897.0
0,20171118.0,토,창경궁로(서울여자대학교),A-06,유출,원남동사거리->성균관대입구,11669.0,37.5831,127.0009,13시,966.0
0,20171118.0,토,창경궁로(서울여자대학교),A-06,유출,원남동사거리->성균관대입구,11669.0,37.5831,127.0009,14시,919.0
0,20171118.0,토,창경궁로(서울여자대학교),A-06,유출,원남동사거리->성균관대입구,11669.0,37.5831,127.0009,15시,1012.0
0,20171118.0,토,창경궁로(서울여자대학교),A-06,유출,원남동사거리->성균관대입구,11669.0,37.5831,127.0009,16시,969.0
0,20171118.0,토,창경궁로(서울여자대학교),A-06,유출,원남동사거리->성균관대입구,11669.0,37.5831,127.0009,17시,997.0
0,20171118.0,토,창경궁로(서울여자대학교),A-06,유출,원남동사거리->성균관대입구,11669.0,37.5831,127.0009,18시,984.0
0,20171118.0,토,창경궁로(서울여자대학교),A-06,유출,원남동사거리->성균관대입구,11669.0,37.5831,127.0009,19시,958.0
0,20171118.0,토,창경궁로(서울여자대학교),A-06,유출,원남동사거리->성균관대입구,11669.0,37.5831,127.0009,20시,1028.0
0,20171119.0,일,창경궁로(서울여자대학교),A-06,유출,원남동사거리->성균관대입구,11137.0,37.5831,127.0009,8시,442.0
0,20171119.0,일,창경궁로(서울여자대학교),A-06,유출,원남동사거리->성균관대입구,11137.0,37.5831,127.0009,9시,594.0
0,20171119.0,일,창경궁로(서울여자대학교),A-06,유출,원남동사거리->성균관대입구,11137.0,37.5831,127.0009,10시,708.0
0,20171119.0,일,창경궁로(서울여자대학교),A-06,유출,원남동사거리->성균관대입구,11137.0,37.5831,127.0009,11시,647.0
0,20171119.0,일,창경궁로(서울여자대학교),A-06,유출,원남동사거리->성균관대입구,11137.0,37.5831,127.0009,12시,844.0
0,20171119.0,일,창경궁로(서울여자대학교),A-06,유출,원남동사거리->성균관대입구,11137.0,37.5831,127.0009,13시,942.0
0,20171119.0,일,창경궁로(서울여자대학교),A-06,유출,원남동사거리->성균관대입구,11137.0,37.5831,127.0009,14시,925.0
0,20171119.0,일,창경궁로(서울여자대학교),A-06,유출,원남동사거리->성균관대입구,11137.0,37.5831,127.0009,15시,1078.0
0,20171119.0,일,창경궁로(서울여자대학교),A-06,유출,원남동사거리->성균관대입구,11137.0,37.5831,127.0009,16시,1063.0
0,20171119.0,일,창경궁로(서울여자대학교),A-06,유출,원남동사거리->성균관대입구,11137.0,37.5831,127.0009,17시,1099.0
0,20171119.0,일,창경궁로(서울여자대학교),A-06,유출,원남동사거리->성균관대입구,11137.0,37.5831,127.0009,18시,1003.0
0,20171119.0,일,창경궁로(서울여자대학교),A-06,유출,원남동사거리->성균관대입구,11137.0,37.5831,127.0009,19시,985.0
0,20171119.0,일,창경궁로(서울여자대학교),A-06,유출,원남동사거리->성균관대입구,11137.0,37.5831,127.0009,20시,807.0
0,20171120.0,월,창경궁로(서울여자대학교),A-06,유출,원남동사거리->성균관대입구,11242.0,37.5831,127.0009,8시,608.0
0,20171120.0,월,창경궁로(서울여자대학교),A-06,유출,원남동사거리->성균관대입구,11242.0,37.5831,127.0009,9시,679.0
0,20171120.0,월,창경궁로(서울여자대학교),A-06,유출,원남동사거리->성균관대입구,11242.0,37.5831,127.0009,10시,757.0
0,20171120.0,월,창경궁로(서울여자대학교),A-06,유출,원남동사거리->성균관대입구,11242.0,37.5831,127.0009,11시,807.0
0,20171120.0,월,창경궁로(서울여자대학교),A-06,유출,원남동사거리->성균관대입구,11242.0,37.5831,127.0009,12시,830.0
0,20171120.0,월,창경궁로(서울여자대학교),A-06,유출,원남동사거리->성균관대입구,11242.0,37.5831,127.0009,13시,887.0
0,20171120.0,월,창경궁로(서울여자대학교),A-06,유출,원남동사거리->성균관대입구,11242.0,37.5831,127.0009,14시,908.0
0,20171120.0,월,창경궁로(서울여자대학교),A-06,유출,원남동사거리->성균관대입구,11242.0,37.5831,127.0009,15시,971.0
0,20171120.0,월,창경궁로(서울여자대학교),A-06,유출,원남동사거리->성균관대입구,11242.0,37.5831,127.0009,16시,1036.0
0,20171120.0,월,창경궁로(서울여자대학교),A-06,유출,원남동사거리->성균관대입구,11242.0,37.5831,127.0009,17시,642.0
0,20171120.0,월,창경궁로(서울여자대학교),A-06,유출,원남동사거리->성균관대입구,11242.0,37.5831,127.0009,18시,965.0
0,20171120.0,월,창경궁로(서울여자대학교),A-06,유출,원남동사거리->성균관대입구,11242.0,37.5831,127.0009,19시,1105.0
0,20171120.0,월,창경궁로(서울여자대학교),A-06,유출,원남동사거리->성균관대입구,11242.0,37.5831,127.0009,20시,1047.0
0,20171121.0,화,창경궁로(서울여자대학교),A-06,유출,원남동사거리->성균관대입구,11914.0,37.5831,127.0009,8시,612.0
0,20171121.0,화,창경궁로(서울여자대학교),A-06,유출,원남동사거리->성균관대입구,11914.0,37.5831,127.0009,9시,688.0
0,20171121.0,화,창경궁로(서울여자대학교),A-06,유출,원남동사거리->성균관대입구,11914.0,37.5831,127.0009,10시,812.0
0,20171121.0,화,창경궁로(서울여자대학교),A-06,유출,원남동사거리->성균관대입구,11914.0,37.5831,127.0009,11시,852.0
0,20171121.0,화,창경궁로(서울여자대학교),A-06,유출,원남동사거리->성균관대입구,11914.0,37.5831,127.0009,12시,911.0
0,20171121.0,화,창경궁로(서울여자대학교),A-06,유출,원남동사거리->성균관대입구,11914.0,37.5831,127.0009,13시,895.0
0,20171121.0,화,창경궁로(서울여자대학교),A-06,유출,원남동사거리->성균관대입구,11914.0,37.5831,127.0009,14시,924.0
0,20171121.0,화,창경궁로(서울여자대학교),A-06,유출,원남동사거리->성균관대입구,11914.0,37.5831,127.0009,15시,959.0
0,20171121.0,화,창경궁로(서울여자대학교),A-06,유출,원남동사거리->성균관대입구,11914.0,37.5831,127.0009,16시,991.0
0,20171121.0,화,창경궁로(서울여자대학교),A-06,유출,원남동사거리->성균관대입구,11914.0,37.5831,127.0009,17시,988.0
0,20171121.0,화,창경궁로(서울여자대학교),A-06,유출,원남동사거리->성균관대입구,11914.0,37.5831,127.0009,18시,1063.0
0,20171121.0,화,창경궁로(서울여자대학교),A-06,유출,원남동사거리->성균관대입구,11914.0,37.5831,127.0009,19시,1107.0
0,20171121.0,화,창경궁로(서울여자대학교),A-06,유출,원남동사거리->성균관대입구,11914.0,37.5831,127.0009,20시,1112.0
0,20171122.0,수,창경궁로(서울여자대학교),A-06,유출,원남동사거리->성균관대입구,11685.0,37.5831,127.0009,8시,620.0
0,20171122.0,수,창경궁로(서울여자대학교),A-06,유출,원남동사거리->성균관대입구,11685.0,37.5831,127.0009,9시,669.0
0,20171122.0,수,창경궁로(서울여자대학교),A-06,유출,원남동사거리->성균관대입구,11685.0,37.5831,127.0009,10시,748.0
0,20171122.0,수,창경궁로(서울여자대학교),A-06,유출,원남동사거리->성균관대입구,11685.0,37.5831,127.0009,11시,860.0
0,20171122.0,수,창경궁로(서울여자대학교),A-06,유출,원남동사거리->성균관대입구,11685.0,37.5831,127.0009,12시,845.0
0,20171122.0,수,창경궁로(서울여자대학교),A-06,유출,원남동사거리->성균관대입구,11685.0,37.5831,127.0009,13시,839.0
0,20171122.0,수,창경궁로(서울여자대학교),A-06,유출,원남동사거리->성균관대입구,11685.0,37.5831,127.0009,14시,876.0
0,20171122.0,수,창경궁로(서울여자대학교),A-06,유출,원남동사거리->성균관대입구,11685.0,37.5831,127.0009,15시,1005.0
0,20171122.0,수,창경궁로(서울여자대학교),A-06,유출,원남동사거리->성균관대입구,11685.0,37.5831,127.0009,16시,1004.0
0,20171122.0,수,창경궁로(서울여자대학교),A-06,유출,원남동사거리->성균관대입구,11685.0,37.5831,127.0009,17시,966.0
0,20171122.0,수,창경궁로(서울여자대학교),A-06,유출,원남동사거리->성균관대입구,11685.0,37.5831,127.0009,18시,1067.0
0,20171122.0,수,창경궁로(서울여자대학교),A-06,유출,원남동사거리->성균관대입구,11685.0,37.5831,127.0009,19시,1095.0
0,20171122.0,수,창경궁로(서울여자대학교),A-06,유출,원남동사거리->성균관대입구,11685.0,37.5831,127.0009,20시,1091.0
0,20171123.0,목,창경궁로(서울여자대학교),A-06,유출,원남동사거리->성균관대입구,11681.0,37.5831,127.0009,8시,609.0
0,20171123.0,목,창경궁로(서울여자대학교),A-06,유출,원남동사거리->성균관대입구,11681.0,37.5831,127.0009,9시,708.0
0,20171123.0,목,창경궁로(서울여자대학교),A-06,유출,원남동사거리->성균관대입구,11681.0,37.5831,127.0009,10시,772.0
0,20171123.0,목,창경궁로(서울여자대학교),A-06,유출,원남동사거리->성균관대입구,11681.0,37.5831,127.0009,11시,871.0
0,20171123.0,목,창경궁로(서울여자대학교),A-06,유출,원남동사거리->성균관대입구,11681.0,37.5831,127.0009,12시,821.0
0,20171123.0,목,창경궁로(서울여자대학교),A-06,유출,원남동사거리->성균관대입구,11681.0,37.5831,127.0009,13시,831.0
0,20171123.0,목,창경궁로(서울여자대학교),A-06,유출,원남동사거리->성균관대입구,11681.0,37.5831,127.0009,14시,897.0
0,20171123.0,목,창경궁로(서울여자대학교),A-06,유출,원남동사거리->성균관대입구,11681.0,37.5831,127.0009,15시,1064.0
0,20171123.0,목,창경궁로(서울여자대학교),A-06,유출,원남동사거리->성균관대입구,11681.0,37.5831,127.0009,16시,1024.0
0,20171123.0,목,창경궁로(서울여자대학교),A-06,유출,원남동사거리->성균관대입구,11681.0,37.5831,127.0009,17시,950.0
0,20171123.0,목,창경궁로(서울여자대학교),A-06,유출,원남동사거리->성균관대입구,11681.0,37.5831,127.0009,18시,1022.0
0,20171123.0,목,창경궁로(서울여자대학교),A-06,유출,원남동사거리->성균관대입구,11681.0,37.5831,127.0009,19시,1037.0
0,20171123.0,목,창경궁로(서울여자대학교),A-06,유출,원남동사거리->성균관대입구,11681.0,37.5831,127.0009,20시,1075.0
0,20171124.0,금,창경궁로(서울여자대학교),A-06,유출,원남동사거리->성균관대입구,11546.0,37.5831,127.0009,8시,660.0
0,20171124.0,금,창경궁로(서울여자대학교),A-06,유출,원남동사거리->성균관대입구,11546.0,37.5831,127.0009,9시,685.0
0,20171124.0,금,창경궁로(서울여자대학교),A-06,유출,원남동사거리->성균관대입구,11546.0,37.5831,127.0009,10시,813.0
0,20171124.0,금,창경궁로(서울여자대학교),A-06,유출,원남동사거리->성균관대입구,11546.0,37.5831,127.0009,11시,865.0
0,20171124.0,금,창경궁로(서울여자대학교),A-06,유출,원남동사거리->성균관대입구,11546.0,37.5831,127.0009,12시,846.0
0,20171124.0,금,창경궁로(서울여자대학교),A-06,유출,원남동사거리->성균관대입구,11546.0,37.5831,127.0009,13시,885.0
0,20171124.0,금,창경궁로(서울여자대학교),A-06,유출,원남동사거리->성균관대입구,11546.0,37.5831,127.0009,14시,915.0
0,20171124.0,금,창경궁로(서울여자대학교),A-06,유출,원남동사거리->성균관대입구,11546.0,37.5831,127.0009,15시,1008.0
0,20171124.0,금,창경궁로(서울여자대학교),A-06,유출,원남동사거리->성균관대입구,11546.0,37.5831,127.0009,16시,963.0
0,20171124.0,금,창경궁로(서울여자대학교),A-06,유출,원남동사거리->성균관대입구,11546.0,37.5831,127.0009,17시,906.0
0,20171124.0,금,창경궁로(서울여자대학교),A-06,유출,원남동사거리->성균관대입구,11546.0,37.5831,127.0009,18시,995.0
0,20171124.0,금,창경궁로(서울여자대학교),A-06,유출,원남동사거리->성균관대입구,11546.0,37.5831,127.0009,19시,1017.0
0,20171124.0,금,창경궁로(서울여자대학교),A-06,유출,원남동사거리->성균관대입구,11546.0,37.5831,127.0009,20시,988.0
0,20171125.0,토,창경궁로(서울여자대학교),A-06,유출,원남동사거리->성균관대입구,11171.0,37.5831,127.0009,8시,878.0
0,20171125.0,토,창경궁로(서울여자대학교),A-06,유출,원남동사거리->성균관대입구,11171.0,37.5831,127.0009,9시,842.0
0,20171125.0,토,창경궁로(서울여자대학교),A-06,유출,원남동사거리->성균관대입구,11171.0,37.5831,127.0009,10시,794.0
0,20171125.0,토,창경궁로(서울여자대학교),A-06,유출,원남동사거리->성균관대입구,11171.0,37.5831,127.0009,11시,712.0
0,20171125.0,토,창경궁로(서울여자대학교),A-06,유출,원남동사거리->성균관대입구,11171.0,37.5831,127.0009,12시,828.0
0,20171125.0,토,창경궁로(서울여자대학교),A-06,유출,원남동사거리->성균관대입구,11171.0,37.5831,127.0009,13시,917.0
0,20171125.0,토,창경궁로(서울여자대학교),A-06,유출,원남동사거리->성균관대입구,11171.0,37.5831,127.0009,14시,905.0
0,20171125.0,토,창경궁로(서울여자대학교),A-06,유출,원남동사거리->성균관대입구,11171.0,37.5831,127.0009,15시,915.0
0,20171125.0,토,창경궁로(서울여자대학교),A-06,유출,원남동사거리->성균관대입구,11171.0,37.5831,127.0009,16시,827.0
0,20171125.0,토,창경궁로(서울여자대학교),A-06,유출,원남동사거리->성균관대입구,11171.0,37.5831,127.0009,17시,855.0
0,20171125.0,토,창경궁로(서울여자대학교),A-06,유출,원남동사거리->성균관대입구,11171.0,37.5831,127.0009,18시,841.0
0,20171125.0,토,창경궁로(서울여자대학교),A-06,유출,원남동사거리->성균관대입구,11171.0,37.5831,127.0009,19시,829.0
0,20171125.0,토,창경궁로(서울여자대학교),A-06,유출,원남동사거리->성균관대입구,11171.0,37.5831,127.0009,20시,1028.0
0,20171126.0,일,창경궁로(서울여자대학교),A-06,유출,원남동사거리->성균관대입구,11648.0,37.5831,127.0009,8시,877.0
0,20171126.0,일,창경궁로(서울여자대학교),A-06,유출,원남동사거리->성균관대입구,11648.0,37.5831,127.0009,9시,881.0
0,20171126.0,일,창경궁로(서울여자대학교),A-06,유출,원남동사거리->성균관대입구,11648.0,37.5831,127.0009,10시,725.0
0,20171126.0,일,창경궁로(서울여자대학교),A-06,유출,원남동사거리->성균관대입구,11648.0,37.5831,127.0009,11시,833.0
0,20171126.0,일,창경궁로(서울여자대학교),A-06,유출,원남동사거리->성균관대입구,11648.0,37.5831,127.0009,12시,828.0
0,20171126.0,일,창경궁로(서울여자대학교),A-06,유출,원남동사거리->성균관대입구,11648.0,37.5831,127.0009,13시,967.0
0,20171126.0,일,창경궁로(서울여자대학교),A-06,유출,원남동사거리->성균관대입구,11648.0,37.5831,127.0009,14시,944.0
0,20171126.0,일,창경궁로(서울여자대학교),A-06,유출,원남동사거리->성균관대입구,11648.0,37.5831,127.0009,15시,894.0
0,20171126.0,일,창경궁로(서울여자대학교),A-06,유출,원남동사거리->성균관대입구,11648.0,37.5831,127.0009,16시,853.0
0,20171126.0,일,창경궁로(서울여자대학교),A-06,유출,원남동사거리->성균관대입구,11648.0,37.5831,127.0009,17시,986.0
0,20171126.0,일,창경궁로(서울여자대학교),A-06,유출,원남동사거리->성균관대입구,11648.0,37.5831,127.0009,18시,1024.0
0,20171126.0,일,창경궁로(서울여자대학교),A-06,유출,원남동사거리->성균관대입구,11648.0,37.5831,127.0009,19시,929.0
0,20171126.0,일,창경궁로(서울여자대학교),A-06,유출,원남동사거리->성균관대입구,11648.0,37.5831,127.0009,20시,907.0
0,20171127.0,월,창경궁로(서울여자대학교),A-06,유출,원남동사거리->성균관대입구,11822.0,37.5831,127.0009,8시,596.0
0,20171127.0,월,창경궁로(서울여자대학교),A-06,유출,원남동사거리->성균관대입구,11822.0,37.5831,127.0009,9시,678.0
0,20171127.0,월,창경궁로(서울여자대학교),A-06,유출,원남동사거리->성균관대입구,11822.0,37.5831,127.0009,10시,752.0
0,20171127.0,월,창경궁로(서울여자대학교),A-06,유출,원남동사거리->성균관대입구,11822.0,37.5831,127.0009,11시,859.0
0,20171127.0,월,창경궁로(서울여자대학교),A-06,유출,원남동사거리->성균관대입구,11822.0,37.5831,127.0009,12시,849.0
0,20171127.0,월,창경궁로(서울여자대학교),A-06,유출,원남동사거리->성균관대입구,11822.0,37.5831,127.0009,13시,859.0
0,20171127.0,월,창경궁로(서울여자대학교),A-06,유출,원남동사거리->성균관대입구,11822.0,37.5831,127.0009,14시,988.0
0,20171127.0,월,창경궁로(서울여자대학교),A-06,유출,원남동사거리->성균관대입구,11822.0,37.5831,127.0009,15시,980.0
0,20171127.0,월,창경궁로(서울여자대학교),A-06,유출,원남동사거리->성균관대입구,11822.0,37.5831,127.0009,16시,1043.0
0,20171127.0,월,창경궁로(서울여자대학교),A-06,유출,원남동사거리->성균관대입구,11822.0,37.5831,127.0009,17시,1018.0
0,20171127.0,월,창경궁로(서울여자대학교),A-06,유출,원남동사거리->성균관대입구,11822.0,37.5831,127.0009,18시,1044.0
0,20171127.0,월,창경궁로(서울여자대학교),A-06,유출,원남동사거리->성균관대입구,11822.0,37.5831,127.0009,19시,1131.0
0,20171127.0,월,창경궁로(서울여자대학교),A-06,유출,원남동사거리->성균관대입구,11822.0,37.5831,127.0009,20시,1025.0
0,20171128.0,화,창경궁로(서울여자대학교),A-06,유출,원남동사거리->성균관대입구,11897.0,37.5831,127.0009,8시,618.0
0,20171128.0,화,창경궁로(서울여자대학교),A-06,유출,원남동사거리->성균관대입구,11897.0,37.5831,127.0009,9시,714.0
0,20171128.0,화,창경궁로(서울여자대학교),A-06,유출,원남동사거리->성균관대입구,11897.0,37.5831,127.0009,10시,754.0
0,20171128.0,화,창경궁로(서울여자대학교),A-06,유출,원남동사거리->성균관대입구,11897.0,37.5831,127.0009,11시,903.0
0,20171128.0,화,창경궁로(서울여자대학교),A-06,유출,원남동사거리->성균관대입구,11897.0,37.5831,127.0009,12시,886.0
0,20171128.0,화,창경궁로(서울여자대학교),A-06,유출,원남동사거리->성균관대입구,11897.0,37.5831,127.0009,13시,877.0
0,20171128.0,화,창경궁로(서울여자대학교),A-06,유출,원남동사거리->성균관대입구,11897.0,37.5831,127.0009,14시,923.0
0,20171128.0,화,창경궁로(서울여자대학교),A-06,유출,원남동사거리->성균관대입구,11897.0,37.5831,127.0009,15시,982.0
0,20171128.0,화,창경궁로(서울여자대학교),A-06,유출,원남동사거리->성균관대입구,11897.0,37.5831,127.0009,16시,1040.0
0,20171128.0,화,창경궁로(서울여자대학교),A-06,유출,원남동사거리->성균관대입구,11897.0,37.5831,127.0009,17시,941.0
0,20171128.0,화,창경궁로(서울여자대학교),A-06,유출,원남동사거리->성균관대입구,11897.0,37.5831,127.0009,18시,1075.0
0,20171128.0,화,창경궁로(서울여자대학교),A-06,유출,원남동사거리->성균관대입구,11897.0,37.5831,127.0009,19시,1104.0
0,20171128.0,화,창경궁로(서울여자대학교),A-06,유출,원남동사거리->성균관대입구,11897.0,37.5831,127.0009,20시,1080.0
0,20171129.0,수,창경궁로(서울여자대학교),A-06,유출,원남동사거리->성균관대입구,11708.0,37.5831,127.0009,8시,606.0
0,20171129.0,수,창경궁로(서울여자대학교),A-06,유출,원남동사거리->성균관대입구,11708.0,37.5831,127.0009,9시,750.0
0,20171129.0,수,창경궁로(서울여자대학교),A-06,유출,원남동사거리->성균관대입구,11708.0,37.5831,127.0009,10시,733.0
0,20171129.0,수,창경궁로(서울여자대학교),A-06,유출,원남동사거리->성균관대입구,11708.0,37.5831,127.0009,11시,867.0
0,20171129.0,수,창경궁로(서울여자대학교),A-06,유출,원남동사거리->성균관대입구,11708.0,37.5831,127.0009,12시,850.0
0,20171129.0,수,창경궁로(서울여자대학교),A-06,유출,원남동사거리->성균관대입구,11708.0,37.5831,127.0009,13시,818.0
0,20171129.0,수,창경궁로(서울여자대학교),A-06,유출,원남동사거리->성균관대입구,11708.0,37.5831,127.0009,14시,864.0
0,20171129.0,수,창경궁로(서울여자대학교),A-06,유출,원남동사거리->성균관대입구,11708.0,37.5831,127.0009,15시,973.0
0,20171129.0,수,창경궁로(서울여자대학교),A-06,유출,원남동사거리->성균관대입구,11708.0,37.5831,127.0009,16시,1071.0
0,20171129.0,수,창경궁로(서울여자대학교),A-06,유출,원남동사거리->성균관대입구,11708.0,37.5831,127.0009,17시,901.0
0,20171129.0,수,창경궁로(서울여자대학교),A-06,유출,원남동사거리->성균관대입구,11708.0,37.5831,127.0009,18시,1089.0
0,20171129.0,수,창경궁로(서울여자대학교),A-06,유출,원남동사거리->성균관대입구,11708.0,37.5831,127.0009,19시,1074.0
0,20171129.0,수,창경궁로(서울여자대학교),A-06,유출,원남동사거리->성균관대입구,11708.0,37.5831,127.0009,20시,1112.0
0,20171130.0,목,창경궁로(서울여자대학교),A-06,유출,원남동사거리->성균관대입구,11392.0,37.5831,127.0009,8시,650.0
0,20171130.0,목,창경궁로(서울여자대학교),A-06,유출,원남동사거리->성균관대입구,11392.0,37.5831,127.0009,9시,707.0
0,20171130.0,목,창경궁로(서울여자대학교),A-06,유출,원남동사거리->성균관대입구,11392.0,37.5831,127.0009,10시,765.0
0,20171130.0,목,창경궁로(서울여자대학교),A-06,유출,원남동사거리->성균관대입구,11392.0,37.5831,127.0009,11시,798.0
0,20171130.0,목,창경궁로(서울여자대학교),A-06,유출,원남동사거리->성균관대입구,11392.0,37.5831,127.0009,12시,861.0
0,20171130.0,목,창경궁로(서울여자대학교),A-06,유출,원남동사거리->성균관대입구,11392.0,37.5831,127.0009,13시,870.0
0,20171130.0,목,창경궁로(서울여자대학교),A-06,유출,원남동사거리->성균관대입구,11392.0,37.5831,127.0009,14시,902.0
0,20171130.0,목,창경궁로(서울여자대학교),A-06,유출,원남동사거리->성균관대입구,11392.0,37.5831,127.0009,15시,970.0
0,20171130.0,목,창경궁로(서울여자대학교),A-06,유출,원남동사거리->성균관대입구,11392.0,37.5831,127.0009,16시,1014.0
0,20171130.0,목,창경궁로(서울여자대학교),A-06,유출,원남동사거리->성균관대입구,11392.0,37.5831,127.0009,17시,749.0
0,20171130.0,목,창경궁로(서울여자대학교),A-06,유출,원남동사거리->성균관대입구,11392.0,37.5831,127.0009,18시,975.0
0,20171130.0,목,창경궁로(서울여자대학교),A-06,유출,원남동사거리->성균관대입구,11392.0,37.5831,127.0009,19시,1117.0
0,20171130.0,목,창경궁로(서울여자대학교),A-06,유출,원남동사거리->성균관대입구,11392.0,37.5831,127.0009,20시,1014.0
0,20171201.0,금,창경궁로(서울여자대학교),A-06,유입,성균관대입구->원남동사거리,17437.0,37.5831,127.0009,8시,2235.0
0,20171201.0,금,창경궁로(서울여자대학교),A-06,유입,성균관대입구->원남동사거리,17437.0,37.5831,127.0009,9시,1840.0
0,20171201.0,금,창경궁로(서울여자대학교),A-06,유입,성균관대입구->원남동사거리,17437.0,37.5831,127.0009,10시,1528.0
0,20171201.0,금,창경궁로(서울여자대학교),A-06,유입,성균관대입구->원남동사거리,17437.0,37.5831,127.0009,11시,1390.0
0,20171201.0,금,창경궁로(서울여자대학교),A-06,유입,성균관대입구->원남동사거리,17437.0,37.5831,127.0009,12시,1315.0
0,20171201.0,금,창경궁로(서울여자대학교),A-06,유입,성균관대입구->원남동사거리,17437.0,37.5831,127.0009,13시,1332.0
0,20171201.0,금,창경궁로(서울여자대학교),A-06,유입,성균관대입구->원남동사거리,17437.0,37.5831,127.0009,14시,1354.0
0,20171201.0,금,창경궁로(서울여자대학교),A-06,유입,성균관대입구->원남동사거리,17437.0,37.5831,127.0009,15시,1218.0
0,20171201.0,금,창경궁로(서울여자대학교),A-06,유입,성균관대입구->원남동사거리,17437.0,37.5831,127.0009,16시,1271.0
0,20171201.0,금,창경궁로(서울여자대학교),A-06,유입,성균관대입구->원남동사거리,17437.0,37.5831,127.0009,17시,994.0
0,20171201.0,금,창경궁로(서울여자대학교),A-06,유입,성균관대입구->원남동사거리,17437.0,37.5831,127.0009,18시,1029.0
0,20171201.0,금,창경궁로(서울여자대학교),A-06,유입,성균관대입구->원남동사거리,17437.0,37.5831,127.0009,19시,993.0
0,20171201.0,금,창경궁로(서울여자대학교),A-06,유입,성균관대입구->원남동사거리,17437.0,37.5831,127.0009,20시,938.0
0,20171202.0,토,창경궁로(서울여자대학교),A-06,유입,성균관대입구->원남동사거리,17879.0,37.5831,127.0009,8시,1494.0
0,20171202.0,토,창경궁로(서울여자대학교),A-06,유입,성균관대입구->원남동사거리,17879.0,37.5831,127.0009,9시,1534.0
0,20171202.0,토,창경궁로(서울여자대학교),A-06,유입,성균관대입구->원남동사거리,17879.0,37.5831,127.0009,10시,1530.0
0,20171202.0,토,창경궁로(서울여자대학교),A-06,유입,성균관대입구->원남동사거리,17879.0,37.5831,127.0009,11시,1540.0
0,20171202.0,토,창경궁로(서울여자대학교),A-06,유입,성균관대입구->원남동사거리,17879.0,37.5831,127.0009,12시,1559.0
0,20171202.0,토,창경궁로(서울여자대학교),A-06,유입,성균관대입구->원남동사거리,17879.0,37.5831,127.0009,13시,1473.0
0,20171202.0,토,창경궁로(서울여자대학교),A-06,유입,성균관대입구->원남동사거리,17879.0,37.5831,127.0009,14시,1465.0
0,20171202.0,토,창경궁로(서울여자대학교),A-06,유입,성균관대입구->원남동사거리,17879.0,37.5831,127.0009,15시,1423.0
0,20171202.0,토,창경궁로(서울여자대학교),A-06,유입,성균관대입구->원남동사거리,17879.0,37.5831,127.0009,16시,1380.0
0,20171202.0,토,창경궁로(서울여자대학교),A-06,유입,성균관대입구->원남동사거리,17879.0,37.5831,127.0009,17시,1314.0
0,20171202.0,토,창경궁로(서울여자대학교),A-06,유입,성균관대입구->원남동사거리,17879.0,37.5831,127.0009,18시,1142.0
0,20171202.0,토,창경궁로(서울여자대학교),A-06,유입,성균관대입구->원남동사거리,17879.0,37.5831,127.0009,19시,992.0
0,20171202.0,토,창경궁로(서울여자대학교),A-06,유입,성균관대입구->원남동사거리,17879.0,37.5831,127.0009,20시,1033.0
0,20171203.0,일,창경궁로(서울여자대학교),A-06,유입,성균관대입구->원남동사거리,16293.0,37.5831,127.0009,8시,1097.0
0,20171203.0,일,창경궁로(서울여자대학교),A-06,유입,성균관대입구->원남동사거리,16293.0,37.5831,127.0009,9시,1303.0
0,20171203.0,일,창경궁로(서울여자대학교),A-06,유입,성균관대입구->원남동사거리,16293.0,37.5831,127.0009,10시,1389.0
0,20171203.0,일,창경궁로(서울여자대학교),A-06,유입,성균관대입구->원남동사거리,16293.0,37.5831,127.0009,11시,1329.0
0,20171203.0,일,창경궁로(서울여자대학교),A-06,유입,성균관대입구->원남동사거리,16293.0,37.5831,127.0009,12시,1490.0
0,20171203.0,일,창경궁로(서울여자대학교),A-06,유입,성균관대입구->원남동사거리,16293.0,37.5831,127.0009,13시,1340.0
0,20171203.0,일,창경궁로(서울여자대학교),A-06,유입,성균관대입구->원남동사거리,16293.0,37.5831,127.0009,14시,1449.0
0,20171203.0,일,창경궁로(서울여자대학교),A-06,유입,성균관대입구->원남동사거리,16293.0,37.5831,127.0009,15시,1404.0
0,20171203.0,일,창경궁로(서울여자대학교),A-06,유입,성균관대입구->원남동사거리,16293.0,37.5831,127.0009,16시,1251.0
0,20171203.0,일,창경궁로(서울여자대학교),A-06,유입,성균관대입구->원남동사거리,16293.0,37.5831,127.0009,17시,1257.0
0,20171203.0,일,창경궁로(서울여자대학교),A-06,유입,성균관대입구->원남동사거리,16293.0,37.5831,127.0009,18시,1051.0
0,20171203.0,일,창경궁로(서울여자대학교),A-06,유입,성균관대입구->원남동사거리,16293.0,37.5831,127.0009,19시,977.0
0,20171203.0,일,창경궁로(서울여자대학교),A-06,유입,성균관대입구->원남동사거리,16293.0,37.5831,127.0009,20시,956.0
0,20171204.0,월,창경궁로(서울여자대학교),A-06,유입,성균관대입구->원남동사거리,16885.0,37.5831,127.0009,8시,2278.0
0,20171204.0,월,창경궁로(서울여자대학교),A-06,유입,성균관대입구->원남동사거리,16885.0,37.5831,127.0009,9시,1762.0
0,20171204.0,월,창경궁로(서울여자대학교),A-06,유입,성균관대입구->원남동사거리,16885.0,37.5831,127.0009,10시,1455.0
0,20171204.0,월,창경궁로(서울여자대학교),A-06,유입,성균관대입구->원남동사거리,16885.0,37.5831,127.0009,11시,1350.0
0,20171204.0,월,창경궁로(서울여자대학교),A-06,유입,성균관대입구->원남동사거리,16885.0,37.5831,127.0009,12시,1337.0
0,20171204.0,월,창경궁로(서울여자대학교),A-06,유입,성균관대입구->원남동사거리,16885.0,37.5831,127.0009,13시,1231.0
0,20171204.0,월,창경궁로(서울여자대학교),A-06,유입,성균관대입구->원남동사거리,16885.0,37.5831,127.0009,14시,1282.0
0,20171204.0,월,창경궁로(서울여자대학교),A-06,유입,성균관대입구->원남동사거리,16885.0,37.5831,127.0009,15시,1152.0
0,20171204.0,월,창경궁로(서울여자대학교),A-06,유입,성균관대입구->원남동사거리,16885.0,37.5831,127.0009,16시,1102.0
0,20171204.0,월,창경궁로(서울여자대학교),A-06,유입,성균관대입구->원남동사거리,16885.0,37.5831,127.0009,17시,1122.0
0,20171204.0,월,창경궁로(서울여자대학교),A-06,유입,성균관대입구->원남동사거리,16885.0,37.5831,127.0009,18시,993.0
0,20171204.0,월,창경궁로(서울여자대학교),A-06,유입,성균관대입구->원남동사거리,16885.0,37.5831,127.0009,19시,863.0
0,20171204.0,월,창경궁로(서울여자대학교),A-06,유입,성균관대입구->원남동사거리,16885.0,37.5831,127.0009,20시,958.0
0,20171205.0,화,창경궁로(서울여자대학교),A-06,유입,성균관대입구->원남동사거리,16605.0,37.5831,127.0009,8시,2148.0
0,20171205.0,화,창경궁로(서울여자대학교),A-06,유입,성균관대입구->원남동사거리,16605.0,37.5831,127.0009,9시,1803.0
0,20171205.0,화,창경궁로(서울여자대학교),A-06,유입,성균관대입구->원남동사거리,16605.0,37.5831,127.0009,10시,1399.0
0,20171205.0,화,창경궁로(서울여자대학교),A-06,유입,성균관대입구->원남동사거리,16605.0,37.5831,127.0009,11시,1322.0
0,20171205.0,화,창경궁로(서울여자대학교),A-06,유입,성균관대입구->원남동사거리,16605.0,37.5831,127.0009,12시,1265.0
0,20171205.0,화,창경궁로(서울여자대학교),A-06,유입,성균관대입구->원남동사거리,16605.0,37.5831,127.0009,13시,1207.0
0,20171205.0,화,창경궁로(서울여자대학교),A-06,유입,성균관대입구->원남동사거리,16605.0,37.5831,127.0009,14시,1254.0
0,20171205.0,화,창경궁로(서울여자대학교),A-06,유입,성균관대입구->원남동사거리,16605.0,37.5831,127.0009,15시,1101.0
0,20171205.0,화,창경궁로(서울여자대학교),A-06,유입,성균관대입구->원남동사거리,16605.0,37.5831,127.0009,16시,1146.0
0,20171205.0,화,창경궁로(서울여자대학교),A-06,유입,성균관대입구->원남동사거리,16605.0,37.5831,127.0009,17시,1166.0
0,20171205.0,화,창경궁로(서울여자대학교),A-06,유입,성균관대입구->원남동사거리,16605.0,37.5831,127.0009,18시,1021.0
0,20171205.0,화,창경궁로(서울여자대학교),A-06,유입,성균관대입구->원남동사거리,16605.0,37.5831,127.0009,19시,861.0
0,20171205.0,화,창경궁로(서울여자대학교),A-06,유입,성균관대입구->원남동사거리,16605.0,37.5831,127.0009,20시,912.0
0,20171206.0,수,창경궁로(서울여자대학교),A-06,유입,성균관대입구->원남동사거리,16673.0,37.5831,127.0009,8시,2164.0
0,20171206.0,수,창경궁로(서울여자대학교),A-06,유입,성균관대입구->원남동사거리,16673.0,37.5831,127.0009,9시,1881.0
0,20171206.0,수,창경궁로(서울여자대학교),A-06,유입,성균관대입구->원남동사거리,16673.0,37.5831,127.0009,10시,1580.0
0,20171206.0,수,창경궁로(서울여자대학교),A-06,유입,성균관대입구->원남동사거리,16673.0,37.5831,127.0009,11시,1422.0
0,20171206.0,수,창경궁로(서울여자대학교),A-06,유입,성균관대입구->원남동사거리,16673.0,37.5831,127.0009,12시,1242.0
0,20171206.0,수,창경궁로(서울여자대학교),A-06,유입,성균관대입구->원남동사거리,16673.0,37.5831,127.0009,13시,1293.0
0,20171206.0,수,창경궁로(서울여자대학교),A-06,유입,성균관대입구->원남동사거리,16673.0,37.5831,127.0009,14시,1220.0
0,20171206.0,수,창경궁로(서울여자대학교),A-06,유입,성균관대입구->원남동사거리,16673.0,37.5831,127.0009,15시,1091.0
0,20171206.0,수,창경궁로(서울여자대학교),A-06,유입,성균관대입구->원남동사거리,16673.0,37.5831,127.0009,16시,1143.0
0,20171206.0,수,창경궁로(서울여자대학교),A-06,유입,성균관대입구->원남동사거리,16673.0,37.5831,127.0009,17시,1013.0
0,20171206.0,수,창경궁로(서울여자대학교),A-06,유입,성균관대입구->원남동사거리,16673.0,37.5831,127.0009,18시,937.0
0,20171206.0,수,창경궁로(서울여자대학교),A-06,유입,성균관대입구->원남동사거리,16673.0,37.5831,127.0009,19시,757.0
0,20171206.0,수,창경궁로(서울여자대학교),A-06,유입,성균관대입구->원남동사거리,16673.0,37.5831,127.0009,20시,930.0
0,20171207.0,목,창경궁로(서울여자대학교),A-06,유입,성균관대입구->원남동사거리,17289.0,37.5831,127.0009,8시,2227.0
0,20171207.0,목,창경궁로(서울여자대학교),A-06,유입,성균관대입구->원남동사거리,17289.0,37.5831,127.0009,9시,1867.0
0,20171207.0,목,창경궁로(서울여자대학교),A-06,유입,성균관대입구->원남동사거리,17289.0,37.5831,127.0009,10시,1538.0
0,20171207.0,목,창경궁로(서울여자대학교),A-06,유입,성균관대입구->원남동사거리,17289.0,37.5831,127.0009,11시,1382.0
0,20171207.0,목,창경궁로(서울여자대학교),A-06,유입,성균관대입구->원남동사거리,17289.0,37.5831,127.0009,12시,1300.0
0,20171207.0,목,창경궁로(서울여자대학교),A-06,유입,성균관대입구->원남동사거리,17289.0,37.5831,127.0009,13시,1334.0
0,20171207.0,목,창경궁로(서울여자대학교),A-06,유입,성균관대입구->원남동사거리,17289.0,37.5831,127.0009,14시,1213.0
0,20171207.0,목,창경궁로(서울여자대학교),A-06,유입,성균관대입구->원남동사거리,17289.0,37.5831,127.0009,15시,1182.0
0,20171207.0,목,창경궁로(서울여자대학교),A-06,유입,성균관대입구->원남동사거리,17289.0,37.5831,127.0009,16시,1251.0
0,20171207.0,목,창경궁로(서울여자대학교),A-06,유입,성균관대입구->원남동사거리,17289.0,37.5831,127.0009,17시,1097.0
0,20171207.0,목,창경궁로(서울여자대학교),A-06,유입,성균관대입구->원남동사거리,17289.0,37.5831,127.0009,18시,1020.0
0,20171207.0,목,창경궁로(서울여자대학교),A-06,유입,성균관대입구->원남동사거리,17289.0,37.5831,127.0009,19시,923.0
0,20171207.0,목,창경궁로(서울여자대학교),A-06,유입,성균관대입구->원남동사거리,17289.0,37.5831,127.0009,20시,955.0
0,20171208.0,금,창경궁로(서울여자대학교),A-06,유입,성균관대입구->원남동사거리,17734.0,37.5831,127.0009,8시,2216.0
0,20171208.0,금,창경궁로(서울여자대학교),A-06,유입,성균관대입구->원남동사거리,17734.0,37.5831,127.0009,9시,1820.0
0,20171208.0,금,창경궁로(서울여자대학교),A-06,유입,성균관대입구->원남동사거리,17734.0,37.5831,127.0009,10시,1489.0
0,20171208.0,금,창경궁로(서울여자대학교),A-06,유입,성균관대입구->원남동사거리,17734.0,37.5831,127.0009,11시,1508.0
0,20171208.0,금,창경궁로(서울여자대학교),A-06,유입,성균관대입구->원남동사거리,17734.0,37.5831,127.0009,12시,1389.0
0,20171208.0,금,창경궁로(서울여자대학교),A-06,유입,성균관대입구->원남동사거리,17734.0,37.5831,127.0009,13시,1374.0
0,20171208.0,금,창경궁로(서울여자대학교),A-06,유입,성균관대입구->원남동사거리,17734.0,37.5831,127.0009,14시,1362.0
0,20171208.0,금,창경궁로(서울여자대학교),A-06,유입,성균관대입구->원남동사거리,17734.0,37.5831,127.0009,15시,1209.0
0,20171208.0,금,창경궁로(서울여자대학교),A-06,유입,성균관대입구->원남동사거리,17734.0,37.5831,127.0009,16시,1263.0
0,20171208.0,금,창경궁로(서울여자대학교),A-06,유입,성균관대입구->원남동사거리,17734.0,37.5831,127.0009,17시,1182.0
0,20171208.0,금,창경궁로(서울여자대학교),A-06,유입,성균관대입구->원남동사거리,17734.0,37.5831,127.0009,18시,1067.0
0,20171208.0,금,창경궁로(서울여자대학교),A-06,유입,성균관대입구->원남동사거리,17734.0,37.5831,127.0009,19시,938.0
0,20171208.0,금,창경궁로(서울여자대학교),A-06,유입,성균관대입구->원남동사거리,17734.0,37.5831,127.0009,20시,917.0
0,20171209.0,토,창경궁로(서울여자대학교),A-06,유입,성균관대입구->원남동사거리,18277.0,37.5831,127.0009,8시,1465.0
0,20171209.0,토,창경궁로(서울여자대학교),A-06,유입,성균관대입구->원남동사거리,18277.0,37.5831,127.0009,9시,1555.0
0,20171209.0,토,창경궁로(서울여자대학교),A-06,유입,성균관대입구->원남동사거리,18277.0,37.5831,127.0009,10시,1601.0
0,20171209.0,토,창경궁로(서울여자대학교),A-06,유입,성균관대입구->원남동사거리,18277.0,37.5831,127.0009,11시,1723.0
0,20171209.0,토,창경궁로(서울여자대학교),A-06,유입,성균관대입구->원남동사거리,18277.0,37.5831,127.0009,12시,1688.0
0,20171209.0,토,창경궁로(서울여자대학교),A-06,유입,성균관대입구->원남동사거리,18277.0,37.5831,127.0009,13시,1672.0
0,20171209.0,토,창경궁로(서울여자대학교),A-06,유입,성균관대입구->원남동사거리,18277.0,37.5831,127.0009,14시,1622.0
0,20171209.0,토,창경궁로(서울여자대학교),A-06,유입,성균관대입구->원남동사거리,18277.0,37.5831,127.0009,15시,1538.0
0,20171209.0,토,창경궁로(서울여자대학교),A-06,유입,성균관대입구->원남동사거리,18277.0,37.5831,127.0009,16시,1152.0
0,20171209.0,토,창경궁로(서울여자대학교),A-06,유입,성균관대입구->원남동사거리,18277.0,37.5831,127.0009,17시,1192.0
0,20171209.0,토,창경궁로(서울여자대학교),A-06,유입,성균관대입구->원남동사거리,18277.0,37.5831,127.0009,18시,1018.0
0,20171209.0,토,창경궁로(서울여자대학교),A-06,유입,성균관대입구->원남동사거리,18277.0,37.5831,127.0009,19시,1026.0
0,20171209.0,토,창경궁로(서울여자대학교),A-06,유입,성균관대입구->원남동사거리,18277.0,37.5831,127.0009,20시,1025.0
0,20171210.0,일,창경궁로(서울여자대학교),A-06,유입,성균관대입구->원남동사거리,14350.0,37.5831,127.0009,8시,845.0
0,20171210.0,일,창경궁로(서울여자대학교),A-06,유입,성균관대입구->원남동사거리,14350.0,37.5831,127.0009,9시,1045.0
0,20171210.0,일,창경궁로(서울여자대학교),A-06,유입,성균관대입구->원남동사거리,14350.0,37.5831,127.0009,10시,1192.0
0,20171210.0,일,창경궁로(서울여자대학교),A-06,유입,성균관대입구->원남동사거리,14350.0,37.5831,127.0009,11시,1179.0
0,20171210.0,일,창경궁로(서울여자대학교),A-06,유입,성균관대입구->원남동사거리,14350.0,37.5831,127.0009,12시,1281.0
0,20171210.0,일,창경궁로(서울여자대학교),A-06,유입,성균관대입구->원남동사거리,14350.0,37.5831,127.0009,13시,1309.0
0,20171210.0,일,창경궁로(서울여자대학교),A-06,유입,성균관대입구->원남동사거리,14350.0,37.5831,127.0009,14시,1302.0
0,20171210.0,일,창경궁로(서울여자대학교),A-06,유입,성균관대입구->원남동사거리,14350.0,37.5831,127.0009,15시,1180.0
0,20171210.0,일,창경궁로(서울여자대학교),A-06,유입,성균관대입구->원남동사거리,14350.0,37.5831,127.0009,16시,1028.0
0,20171210.0,일,창경궁로(서울여자대학교),A-06,유입,성균관대입구->원남동사거리,14350.0,37.5831,127.0009,17시,1189.0
0,20171210.0,일,창경궁로(서울여자대학교),A-06,유입,성균관대입구->원남동사거리,14350.0,37.5831,127.0009,18시,992.0
0,20171210.0,일,창경궁로(서울여자대학교),A-06,유입,성균관대입구->원남동사거리,14350.0,37.5831,127.0009,19시,932.0
0,20171210.0,일,창경궁로(서울여자대학교),A-06,유입,성균관대입구->원남동사거리,14350.0,37.5831,127.0009,20시,876.0
0,20171211.0,월,창경궁로(서울여자대학교),A-06,유입,성균관대입구->원남동사거리,16952.0,37.5831,127.0009,8시,2265.0
0,20171211.0,월,창경궁로(서울여자대학교),A-06,유입,성균관대입구->원남동사거리,16952.0,37.5831,127.0009,9시,1816.0
0,20171211.0,월,창경궁로(서울여자대학교),A-06,유입,성균관대입구->원남동사거리,16952.0,37.5831,127.0009,10시,1454.0
0,20171211.0,월,창경궁로(서울여자대학교),A-06,유입,성균관대입구->원남동사거리,16952.0,37.5831,127.0009,11시,1370.0
0,20171211.0,월,창경궁로(서울여자대학교),A-06,유입,성균관대입구->원남동사거리,16952.0,37.5831,127.0009,12시,1295.0
0,20171211.0,월,창경궁로(서울여자대학교),A-06,유입,성균관대입구->원남동사거리,16952.0,37.5831,127.0009,13시,1367.0
0,20171211.0,월,창경궁로(서울여자대학교),A-06,유입,성균관대입구->원남동사거리,16952.0,37.5831,127.0009,14시,1207.0
0,20171211.0,월,창경궁로(서울여자대학교),A-06,유입,성균관대입구->원남동사거리,16952.0,37.5831,127.0009,15시,1180.0
0,20171211.0,월,창경궁로(서울여자대학교),A-06,유입,성균관대입구->원남동사거리,16952.0,37.5831,127.0009,16시,1160.0
0,20171211.0,월,창경궁로(서울여자대학교),A-06,유입,성균관대입구->원남동사거리,16952.0,37.5831,127.0009,17시,1049.0
0,20171211.0,월,창경궁로(서울여자대학교),A-06,유입,성균관대입구->원남동사거리,16952.0,37.5831,127.0009,18시,1014.0
0,20171211.0,월,창경궁로(서울여자대학교),A-06,유입,성균관대입구->원남동사거리,16952.0,37.5831,127.0009,19시,896.0
0,20171211.0,월,창경궁로(서울여자대학교),A-06,유입,성균관대입구->원남동사거리,16952.0,37.5831,127.0009,20시,879.0
0,20171212.0,화,창경궁로(서울여자대학교),A-06,유입,성균관대입구->원남동사거리,16810.0,37.5831,127.0009,8시,2142.0
0,20171212.0,화,창경궁로(서울여자대학교),A-06,유입,성균관대입구->원남동사거리,16810.0,37.5831,127.0009,9시,1840.0
0,20171212.0,화,창경궁로(서울여자대학교),A-06,유입,성균관대입구->원남동사거리,16810.0,37.5831,127.0009,10시,1520.0
0,20171212.0,화,창경궁로(서울여자대학교),A-06,유입,성균관대입구->원남동사거리,16810.0,37.5831,127.0009,11시,1310.0
0,20171212.0,화,창경궁로(서울여자대학교),A-06,유입,성균관대입구->원남동사거리,16810.0,37.5831,127.0009,12시,1313.0
0,20171212.0,화,창경궁로(서울여자대학교),A-06,유입,성균관대입구->원남동사거리,16810.0,37.5831,127.0009,13시,1357.0
0,20171212.0,화,창경궁로(서울여자대학교),A-06,유입,성균관대입구->원남동사거리,16810.0,37.5831,127.0009,14시,1245.0
0,20171212.0,화,창경궁로(서울여자대학교),A-06,유입,성균관대입구->원남동사거리,16810.0,37.5831,127.0009,15시,1177.0
0,20171212.0,화,창경궁로(서울여자대학교),A-06,유입,성균관대입구->원남동사거리,16810.0,37.5831,127.0009,16시,1075.0
0,20171212.0,화,창경궁로(서울여자대학교),A-06,유입,성균관대입구->원남동사거리,16810.0,37.5831,127.0009,17시,1026.0
0,20171212.0,화,창경궁로(서울여자대학교),A-06,유입,성균관대입구->원남동사거리,16810.0,37.5831,127.0009,18시,979.0
0,20171212.0,화,창경궁로(서울여자대학교),A-06,유입,성균관대입구->원남동사거리,16810.0,37.5831,127.0009,19시,884.0
0,20171212.0,화,창경궁로(서울여자대학교),A-06,유입,성균관대입구->원남동사거리,16810.0,37.5831,127.0009,20시,942.0
0,20171213.0,수,창경궁로(서울여자대학교),A-06,유입,성균관대입구->원남동사거리,17433.0,37.5831,127.0009,8시,2205.0
0,20171213.0,수,창경궁로(서울여자대학교),A-06,유입,성균관대입구->원남동사거리,17433.0,37.5831,127.0009,9시,1835.0
0,20171213.0,수,창경궁로(서울여자대학교),A-06,유입,성균관대입구->원남동사거리,17433.0,37.5831,127.0009,10시,1568.0
0,20171213.0,수,창경궁로(서울여자대학교),A-06,유입,성균관대입구->원남동사거리,17433.0,37.5831,127.0009,11시,1452.0
0,20171213.0,수,창경궁로(서울여자대학교),A-06,유입,성균관대입구->원남동사거리,17433.0,37.5831,127.0009,12시,1365.0
0,20171213.0,수,창경궁로(서울여자대학교),A-06,유입,성균관대입구->원남동사거리,17433.0,37.5831,127.0009,13시,1443.0
0,20171213.0,수,창경궁로(서울여자대학교),A-06,유입,성균관대입구->원남동사거리,17433.0,37.5831,127.0009,14시,1281.0
0,20171213.0,수,창경궁로(서울여자대학교),A-06,유입,성균관대입구->원남동사거리,17433.0,37.5831,127.0009,15시,1253.0
0,20171213.0,수,창경궁로(서울여자대학교),A-06,유입,성균관대입구->원남동사거리,17433.0,37.5831,127.0009,16시,1214.0
0,20171213.0,수,창경궁로(서울여자대학교),A-06,유입,성균관대입구->원남동사거리,17433.0,37.5831,127.0009,17시,1083.0
0,20171213.0,수,창경궁로(서울여자대학교),A-06,유입,성균관대입구->원남동사거리,17433.0,37.5831,127.0009,18시,982.0
0,20171213.0,수,창경궁로(서울여자대학교),A-06,유입,성균관대입구->원남동사거리,17433.0,37.5831,127.0009,19시,850.0
0,20171213.0,수,창경궁로(서울여자대학교),A-06,유입,성균관대입구->원남동사거리,17433.0,37.5831,127.0009,20시,902.0
0,20171214.0,목,창경궁로(서울여자대학교),A-06,유입,성균관대입구->원남동사거리,17673.0,37.5831,127.0009,8시,2221.0
0,20171214.0,목,창경궁로(서울여자대학교),A-06,유입,성균관대입구->원남동사거리,17673.0,37.5831,127.0009,9시,1810.0
0,20171214.0,목,창경궁로(서울여자대학교),A-06,유입,성균관대입구->원남동사거리,17673.0,37.5831,127.0009,10시,1537.0
0,20171214.0,목,창경궁로(서울여자대학교),A-06,유입,성균관대입구->원남동사거리,17673.0,37.5831,127.0009,11시,1415.0
0,20171214.0,목,창경궁로(서울여자대학교),A-06,유입,성균관대입구->원남동사거리,17673.0,37.5831,127.0009,12시,1387.0
0,20171214.0,목,창경궁로(서울여자대학교),A-06,유입,성균관대입구->원남동사거리,17673.0,37.5831,127.0009,13시,1502.0
0,20171214.0,목,창경궁로(서울여자대학교),A-06,유입,성균관대입구->원남동사거리,17673.0,37.5831,127.0009,14시,1315.0
0,20171214.0,목,창경궁로(서울여자대학교),A-06,유입,성균관대입구->원남동사거리,17673.0,37.5831,127.0009,15시,1266.0
0,20171214.0,목,창경궁로(서울여자대학교),A-06,유입,성균관대입구->원남동사거리,17673.0,37.5831,127.0009,16시,1172.0
0,20171214.0,목,창경궁로(서울여자대학교),A-06,유입,성균관대입구->원남동사거리,17673.0,37.5831,127.0009,17시,1050.0
0,20171214.0,목,창경궁로(서울여자대학교),A-06,유입,성균관대입구->원남동사거리,17673.0,37.5831,127.0009,18시,1026.0
0,20171214.0,목,창경궁로(서울여자대학교),A-06,유입,성균관대입구->원남동사거리,17673.0,37.5831,127.0009,19시,944.0
0,20171214.0,목,창경궁로(서울여자대학교),A-06,유입,성균관대입구->원남동사거리,17673.0,37.5831,127.0009,20시,1028.0
0,20171215.0,금,창경궁로(서울여자대학교),A-06,유입,성균관대입구->원남동사거리,16923.0,37.5831,127.0009,8시,2174.0
0,20171215.0,금,창경궁로(서울여자대학교),A-06,유입,성균관대입구->원남동사거리,16923.0,37.5831,127.0009,9시,1814.0
0,20171215.0,금,창경궁로(서울여자대학교),A-06,유입,성균관대입구->원남동사거리,16923.0,37.5831,127.0009,10시,1548.0
0,20171215.0,금,창경궁로(서울여자대학교),A-06,유입,성균관대입구->원남동사거리,16923.0,37.5831,127.0009,11시,1436.0
0,20171215.0,금,창경궁로(서울여자대학교),A-06,유입,성균관대입구->원남동사거리,16923.0,37.5831,127.0009,12시,1368.0
0,20171215.0,금,창경궁로(서울여자대학교),A-06,유입,성균관대입구->원남동사거리,16923.0,37.5831,127.0009,13시,1368.0
0,20171215.0,금,창경궁로(서울여자대학교),A-06,유입,성균관대입구->원남동사거리,16923.0,37.5831,127.0009,14시,1290.0
0,20171215.0,금,창경궁로(서울여자대학교),A-06,유입,성균관대입구->원남동사거리,16923.0,37.5831,127.0009,15시,1213.0
0,20171215.0,금,창경궁로(서울여자대학교),A-06,유입,성균관대입구->원남동사거리,16923.0,37.5831,127.0009,16시,1027.0
0,20171215.0,금,창경궁로(서울여자대학교),A-06,유입,성균관대입구->원남동사거리,16923.0,37.5831,127.0009,17시,847.0
0,20171215.0,금,창경궁로(서울여자대학교),A-06,유입,성균관대입구->원남동사거리,16923.0,37.5831,127.0009,18시,931.0
0,20171215.0,금,창경궁로(서울여자대학교),A-06,유입,성균관대입구->원남동사거리,16923.0,37.5831,127.0009,19시,896.0
0,20171215.0,금,창경궁로(서울여자대학교),A-06,유입,성균관대입구->원남동사거리,16923.0,37.5831,127.0009,20시,1011.0
0,20171216.0,토,창경궁로(서울여자대학교),A-06,유입,성균관대입구->원남동사거리,9744.0,37.5831,127.0009,8시,277.0
0,20171216.0,토,창경궁로(서울여자대학교),A-06,유입,성균관대입구->원남동사거리,9744.0,37.5831,127.0009,9시,361.0
0,20171216.0,토,창경궁로(서울여자대학교),A-06,유입,성균관대입구->원남동사거리,9744.0,37.5831,127.0009,10시,366.0
0,20171216.0,토,창경궁로(서울여자대학교),A-06,유입,성균관대입구->원남동사거리,9744.0,37.5831,127.0009,11시,314.0
0,20171216.0,토,창경궁로(서울여자대학교),A-06,유입,성균관대입구->원남동사거리,9744.0,37.5831,127.0009,12시,383.0
0,20171216.0,토,창경궁로(서울여자대학교),A-06,유입,성균관대입구->원남동사거리,9744.0,37.5831,127.0009,13시,353.0
0,20171216.0,토,창경궁로(서울여자대학교),A-06,유입,성균관대입구->원남동사거리,9744.0,37.5831,127.0009,14시,302.0
0,20171216.0,토,창경궁로(서울여자대학교),A-06,유입,성균관대입구->원남동사거리,9744.0,37.5831,127.0009,15시,1398.0
0,20171216.0,토,창경궁로(서울여자대학교),A-06,유입,성균관대입구->원남동사거리,9744.0,37.5831,127.0009,16시,1304.0
0,20171216.0,토,창경궁로(서울여자대학교),A-06,유입,성균관대입구->원남동사거리,9744.0,37.5831,127.0009,17시,1436.0
0,20171216.0,토,창경궁로(서울여자대학교),A-06,유입,성균관대입구->원남동사거리,9744.0,37.5831,127.0009,18시,1168.0
0,20171216.0,토,창경궁로(서울여자대학교),A-06,유입,성균관대입구->원남동사거리,9744.0,37.5831,127.0009,19시,1034.0
0,20171216.0,토,창경궁로(서울여자대학교),A-06,유입,성균관대입구->원남동사거리,9744.0,37.5831,127.0009,20시,1048.0
0,20171217.0,일,창경궁로(서울여자대학교),A-06,유입,성균관대입구->원남동사거리,17243.0,37.5831,127.0009,8시,1047.0
0,20171217.0,일,창경궁로(서울여자대학교),A-06,유입,성균관대입구->원남동사거리,17243.0,37.5831,127.0009,9시,1381.0
0,20171217.0,일,창경궁로(서울여자대학교),A-06,유입,성균관대입구->원남동사거리,17243.0,37.5831,127.0009,10시,1411.0
0,20171217.0,일,창경궁로(서울여자대학교),A-06,유입,성균관대입구->원남동사거리,17243.0,37.5831,127.0009,11시,1450.0
0,20171217.0,일,창경궁로(서울여자대학교),A-06,유입,성균관대입구->원남동사거리,17243.0,37.5831,127.0009,12시,1541.0
0,20171217.0,일,창경궁로(서울여자대학교),A-06,유입,성균관대입구->원남동사거리,17243.0,37.5831,127.0009,13시,1553.0
0,20171217.0,일,창경궁로(서울여자대학교),A-06,유입,성균관대입구->원남동사거리,17243.0,37.5831,127.0009,14시,1548.0
0,20171217.0,일,창경궁로(서울여자대학교),A-06,유입,성균관대입구->원남동사거리,17243.0,37.5831,127.0009,15시,1428.0
0,20171217.0,일,창경궁로(서울여자대학교),A-06,유입,성균관대입구->원남동사거리,17243.0,37.5831,127.0009,16시,1472.0
0,20171217.0,일,창경궁로(서울여자대학교),A-06,유입,성균관대입구->원남동사거리,17243.0,37.5831,127.0009,17시,1365.0
0,20171217.0,일,창경궁로(서울여자대학교),A-06,유입,성균관대입구->원남동사거리,17243.0,37.5831,127.0009,18시,1083.0
0,20171217.0,일,창경궁로(서울여자대학교),A-06,유입,성균관대입구->원남동사거리,17243.0,37.5831,127.0009,19시,958.0
0,20171217.0,일,창경궁로(서울여자대학교),A-06,유입,성균관대입구->원남동사거리,17243.0,37.5831,127.0009,20시,1006.0
0,20171218.0,월,창경궁로(서울여자대학교),A-06,유입,성균관대입구->원남동사거리,14538.0,37.5831,127.0009,8시,1748.0
0,20171218.0,월,창경궁로(서울여자대학교),A-06,유입,성균관대입구->원남동사거리,14538.0,37.5831,127.0009,9시,1408.0
0,20171218.0,월,창경궁로(서울여자대학교),A-06,유입,성균관대입구->원남동사거리,14538.0,37.5831,127.0009,10시,1356.0
0,20171218.0,월,창경궁로(서울여자대학교),A-06,유입,성균관대입구->원남동사거리,14538.0,37.5831,127.0009,11시,1264.0
0,20171218.0,월,창경궁로(서울여자대학교),A-06,유입,성균관대입구->원남동사거리,14538.0,37.5831,127.0009,12시,1063.0
0,20171218.0,월,창경궁로(서울여자대학교),A-06,유입,성균관대입구->원남동사거리,14538.0,37.5831,127.0009,13시,1150.0
0,20171218.0,월,창경궁로(서울여자대학교),A-06,유입,성균관대입구->원남동사거리,14538.0,37.5831,127.0009,14시,1109.0
0,20171218.0,월,창경궁로(서울여자대학교),A-06,유입,성균관대입구->원남동사거리,14538.0,37.5831,127.0009,15시,968.0
0,20171218.0,월,창경궁로(서울여자대학교),A-06,유입,성균관대입구->원남동사거리,14538.0,37.5831,127.0009,16시,1002.0
0,20171218.0,월,창경궁로(서울여자대학교),A-06,유입,성균관대입구->원남동사거리,14538.0,37.5831,127.0009,17시,990.0
0,20171218.0,월,창경궁로(서울여자대학교),A-06,유입,성균관대입구->원남동사거리,14538.0,37.5831,127.0009,18시,846.0
0,20171218.0,월,창경궁로(서울여자대학교),A-06,유입,성균관대입구->원남동사거리,14538.0,37.5831,127.0009,19시,827.0
0,20171218.0,월,창경궁로(서울여자대학교),A-06,유입,성균관대입구->원남동사거리,14538.0,37.5831,127.0009,20시,807.0
0,20171219.0,화,창경궁로(서울여자대학교),A-06,유입,성균관대입구->원남동사거리,16779.0,37.5831,127.0009,8시,2096.0
0,20171219.0,화,창경궁로(서울여자대학교),A-06,유입,성균관대입구->원남동사거리,16779.0,37.5831,127.0009,9시,1755.0
0,20171219.0,화,창경궁로(서울여자대학교),A-06,유입,성균관대입구->원남동사거리,16779.0,37.5831,127.0009,10시,1566.0
0,20171219.0,화,창경궁로(서울여자대학교),A-06,유입,성균관대입구->원남동사거리,16779.0,37.5831,127.0009,11시,1333.0
0,20171219.0,화,창경궁로(서울여자대학교),A-06,유입,성균관대입구->원남동사거리,16779.0,37.5831,127.0009,12시,1302.0
0,20171219.0,화,창경궁로(서울여자대학교),A-06,유입,성균관대입구->원남동사거리,16779.0,37.5831,127.0009,13시,1344.0
0,20171219.0,화,창경궁로(서울여자대학교),A-06,유입,성균관대입구->원남동사거리,16779.0,37.5831,127.0009,14시,1196.0
0,20171219.0,화,창경궁로(서울여자대학교),A-06,유입,성균관대입구->원남동사거리,16779.0,37.5831,127.0009,15시,1160.0
0,20171219.0,화,창경궁로(서울여자대학교),A-06,유입,성균관대입구->원남동사거리,16779.0,37.5831,127.0009,16시,1077.0
0,20171219.0,화,창경궁로(서울여자대학교),A-06,유입,성균관대입구->원남동사거리,16779.0,37.5831,127.0009,17시,1064.0
0,20171219.0,화,창경궁로(서울여자대학교),A-06,유입,성균관대입구->원남동사거리,16779.0,37.5831,127.0009,18시,979.0
0,20171219.0,화,창경궁로(서울여자대학교),A-06,유입,성균관대입구->원남동사거리,16779.0,37.5831,127.0009,19시,938.0
0,20171219.0,화,창경궁로(서울여자대학교),A-06,유입,성균관대입구->원남동사거리,16779.0,37.5831,127.0009,20시,969.0
0,20171220.0,수,창경궁로(서울여자대학교),A-06,유입,성균관대입구->원남동사거리,16276.0,37.5831,127.0009,8시,2120.0
0,20171220.0,수,창경궁로(서울여자대학교),A-06,유입,성균관대입구->원남동사거리,16276.0,37.5831,127.0009,9시,1785.0
0,20171220.0,수,창경궁로(서울여자대학교),A-06,유입,성균관대입구->원남동사거리,16276.0,37.5831,127.0009,10시,1518.0
0,20171220.0,수,창경궁로(서울여자대학교),A-06,유입,성균관대입구->원남동사거리,16276.0,37.5831,127.0009,11시,1374.0
0,20171220.0,수,창경궁로(서울여자대학교),A-06,유입,성균관대입구->원남동사거리,16276.0,37.5831,127.0009,12시,1353.0
0,20171220.0,수,창경궁로(서울여자대학교),A-06,유입,성균관대입구->원남동사거리,16276.0,37.5831,127.0009,13시,1283.0
0,20171220.0,수,창경궁로(서울여자대학교),A-06,유입,성균관대입구->원남동사거리,16276.0,37.5831,127.0009,14시,1291.0
0,20171220.0,수,창경궁로(서울여자대학교),A-06,유입,성균관대입구->원남동사거리,16276.0,37.5831,127.0009,15시,1139.0
0,20171220.0,수,창경궁로(서울여자대학교),A-06,유입,성균관대입구->원남동사거리,16276.0,37.5831,127.0009,16시,1132.0
0,20171220.0,수,창경궁로(서울여자대학교),A-06,유입,성균관대입구->원남동사거리,16276.0,37.5831,127.0009,17시,968.0
0,20171220.0,수,창경궁로(서울여자대학교),A-06,유입,성균관대입구->원남동사거리,16276.0,37.5831,127.0009,18시,802.0
0,20171220.0,수,창경궁로(서울여자대학교),A-06,유입,성균관대입구->원남동사거리,16276.0,37.5831,127.0009,19시,721.0
0,20171220.0,수,창경궁로(서울여자대학교),A-06,유입,성균관대입구->원남동사거리,16276.0,37.5831,127.0009,20시,790.0
0,20171221.0,목,창경궁로(서울여자대학교),A-06,유입,성균관대입구->원남동사거리,16806.0,37.5831,127.0009,8시,1951.0
0,20171221.0,목,창경궁로(서울여자대학교),A-06,유입,성균관대입구->원남동사거리,16806.0,37.5831,127.0009,9시,1667.0
0,20171221.0,목,창경궁로(서울여자대학교),A-06,유입,성균관대입구->원남동사거리,16806.0,37.5831,127.0009,10시,1454.0
0,20171221.0,목,창경궁로(서울여자대학교),A-06,유입,성균관대입구->원남동사거리,16806.0,37.5831,127.0009,11시,1341.0
0,20171221.0,목,창경궁로(서울여자대학교),A-06,유입,성균관대입구->원남동사거리,16806.0,37.5831,127.0009,12시,1313.0
0,20171221.0,목,창경궁로(서울여자대학교),A-06,유입,성균관대입구->원남동사거리,16806.0,37.5831,127.0009,13시,1324.0
0,20171221.0,목,창경궁로(서울여자대학교),A-06,유입,성균관대입구->원남동사거리,16806.0,37.5831,127.0009,14시,1275.0
0,20171221.0,목,창경궁로(서울여자대학교),A-06,유입,성균관대입구->원남동사거리,16806.0,37.5831,127.0009,15시,1191.0
0,20171221.0,목,창경궁로(서울여자대학교),A-06,유입,성균관대입구->원남동사거리,16806.0,37.5831,127.0009,16시,1204.0
0,20171221.0,목,창경궁로(서울여자대학교),A-06,유입,성균관대입구->원남동사거리,16806.0,37.5831,127.0009,17시,1134.0
0,20171221.0,목,창경궁로(서울여자대학교),A-06,유입,성균관대입구->원남동사거리,16806.0,37.5831,127.0009,18시,1038.0
0,20171221.0,목,창경궁로(서울여자대학교),A-06,유입,성균관대입구->원남동사거리,16806.0,37.5831,127.0009,19시,925.0
0,20171221.0,목,창경궁로(서울여자대학교),A-06,유입,성균관대입구->원남동사거리,16806.0,37.5831,127.0009,20시,989.0
0,20171222.0,금,창경궁로(서울여자대학교),A-06,유입,성균관대입구->원남동사거리,17622.0,37.5831,127.0009,8시,2070.0
0,20171222.0,금,창경궁로(서울여자대학교),A-06,유입,성균관대입구->원남동사거리,17622.0,37.5831,127.0009,9시,1837.0
0,20171222.0,금,창경궁로(서울여자대학교),A-06,유입,성균관대입구->원남동사거리,17622.0,37.5831,127.0009,10시,1612.0
0,20171222.0,금,창경궁로(서울여자대학교),A-06,유입,성균관대입구->원남동사거리,17622.0,37.5831,127.0009,11시,1445.0
0,20171222.0,금,창경궁로(서울여자대학교),A-06,유입,성균관대입구->원남동사거리,17622.0,37.5831,127.0009,12시,1367.0
0,20171222.0,금,창경궁로(서울여자대학교),A-06,유입,성균관대입구->원남동사거리,17622.0,37.5831,127.0009,13시,1354.0
0,20171222.0,금,창경궁로(서울여자대학교),A-06,유입,성균관대입구->원남동사거리,17622.0,37.5831,127.0009,14시,1347.0
0,20171222.0,금,창경궁로(서울여자대학교),A-06,유입,성균관대입구->원남동사거리,17622.0,37.5831,127.0009,15시,1220.0
0,20171222.0,금,창경궁로(서울여자대학교),A-06,유입,성균관대입구->원남동사거리,17622.0,37.5831,127.0009,16시,1174.0
0,20171222.0,금,창경궁로(서울여자대학교),A-06,유입,성균관대입구->원남동사거리,17622.0,37.5831,127.0009,17시,1100.0
0,20171222.0,금,창경궁로(서울여자대학교),A-06,유입,성균관대입구->원남동사거리,17622.0,37.5831,127.0009,18시,1157.0
0,20171222.0,금,창경궁로(서울여자대학교),A-06,유입,성균관대입구->원남동사거리,17622.0,37.5831,127.0009,19시,993.0
0,20171222.0,금,창경궁로(서울여자대학교),A-06,유입,성균관대입구->원남동사거리,17622.0,37.5831,127.0009,20시,946.0
0,20171223.0,토,창경궁로(서울여자대학교),A-06,유입,성균관대입구->원남동사거리,17782.0,37.5831,127.0009,8시,1352.0
0,20171223.0,토,창경궁로(서울여자대학교),A-06,유입,성균관대입구->원남동사거리,17782.0,37.5831,127.0009,9시,1486.0
0,20171223.0,토,창경궁로(서울여자대학교),A-06,유입,성균관대입구->원남동사거리,17782.0,37.5831,127.0009,10시,1551.0
0,20171223.0,토,창경궁로(서울여자대학교),A-06,유입,성균관대입구->원남동사거리,17782.0,37.5831,127.0009,11시,1618.0
0,20171223.0,토,창경궁로(서울여자대학교),A-06,유입,성균관대입구->원남동사거리,17782.0,37.5831,127.0009,12시,1652.0
0,20171223.0,토,창경궁로(서울여자대학교),A-06,유입,성균관대입구->원남동사거리,17782.0,37.5831,127.0009,13시,1482.0
0,20171223.0,토,창경궁로(서울여자대학교),A-06,유입,성균관대입구->원남동사거리,17782.0,37.5831,127.0009,14시,1484.0
0,20171223.0,토,창경궁로(서울여자대학교),A-06,유입,성균관대입구->원남동사거리,17782.0,37.5831,127.0009,15시,1432.0
0,20171223.0,토,창경궁로(서울여자대학교),A-06,유입,성균관대입구->원남동사거리,17782.0,37.5831,127.0009,16시,1241.0
0,20171223.0,토,창경궁로(서울여자대학교),A-06,유입,성균관대입구->원남동사거리,17782.0,37.5831,127.0009,17시,1328.0
0,20171223.0,토,창경궁로(서울여자대학교),A-06,유입,성균관대입구->원남동사거리,17782.0,37.5831,127.0009,18시,1159.0
0,20171223.0,토,창경궁로(서울여자대학교),A-06,유입,성균관대입구->원남동사거리,17782.0,37.5831,127.0009,19시,986.0
0,20171223.0,토,창경궁로(서울여자대학교),A-06,유입,성균관대입구->원남동사거리,17782.0,37.5831,127.0009,20시,1011.0
0,20171224.0,일,창경궁로(서울여자대학교),A-06,유입,성균관대입구->원남동사거리,16303.0,37.5831,127.0009,8시,930.0
0,20171224.0,일,창경궁로(서울여자대학교),A-06,유입,성균관대입구->원남동사거리,16303.0,37.5831,127.0009,9시,1183.0
0,20171224.0,일,창경궁로(서울여자대학교),A-06,유입,성균관대입구->원남동사거리,16303.0,37.5831,127.0009,10시,1244.0
0,20171224.0,일,창경궁로(서울여자대학교),A-06,유입,성균관대입구->원남동사거리,16303.0,37.5831,127.0009,11시,1319.0
0,20171224.0,일,창경궁로(서울여자대학교),A-06,유입,성균관대입구->원남동사거리,16303.0,37.5831,127.0009,12시,1347.0
0,20171224.0,일,창경궁로(서울여자대학교),A-06,유입,성균관대입구->원남동사거리,16303.0,37.5831,127.0009,13시,1351.0
0,20171224.0,일,창경궁로(서울여자대학교),A-06,유입,성균관대입구->원남동사거리,16303.0,37.5831,127.0009,14시,1430.0
0,20171224.0,일,창경궁로(서울여자대학교),A-06,유입,성균관대입구->원남동사거리,16303.0,37.5831,127.0009,15시,1432.0
0,20171224.0,일,창경궁로(서울여자대학교),A-06,유입,성균관대입구->원남동사거리,16303.0,37.5831,127.0009,16시,1414.0
0,20171224.0,일,창경궁로(서울여자대학교),A-06,유입,성균관대입구->원남동사거리,16303.0,37.5831,127.0009,17시,1369.0
0,20171224.0,일,창경궁로(서울여자대학교),A-06,유입,성균관대입구->원남동사거리,16303.0,37.5831,127.0009,18시,1134.0
0,20171224.0,일,창경궁로(서울여자대학교),A-06,유입,성균관대입구->원남동사거리,16303.0,37.5831,127.0009,19시,1073.0
0,20171224.0,일,창경궁로(서울여자대학교),A-06,유입,성균관대입구->원남동사거리,16303.0,37.5831,127.0009,20시,1077.0
0,20171225.0,월,창경궁로(서울여자대학교),A-06,유입,성균관대입구->원남동사거리,17098.0,37.5831,127.0009,8시,1105.0
0,20171225.0,월,창경궁로(서울여자대학교),A-06,유입,성균관대입구->원남동사거리,17098.0,37.5831,127.0009,9시,1106.0
0,20171225.0,월,창경궁로(서울여자대학교),A-06,유입,성균관대입구->원남동사거리,17098.0,37.5831,127.0009,10시,1371.0
0,20171225.0,월,창경궁로(서울여자대학교),A-06,유입,성균관대입구->원남동사거리,17098.0,37.5831,127.0009,11시,1318.0
0,20171225.0,월,창경궁로(서울여자대학교),A-06,유입,성균관대입구->원남동사거리,17098.0,37.5831,127.0009,12시,1532.0
0,20171225.0,월,창경궁로(서울여자대학교),A-06,유입,성균관대입구->원남동사거리,17098.0,37.5831,127.0009,13시,1507.0
0,20171225.0,월,창경궁로(서울여자대학교),A-06,유입,성균관대입구->원남동사거리,17098.0,37.5831,127.0009,14시,1570.0
0,20171225.0,월,창경궁로(서울여자대학교),A-06,유입,성균관대입구->원남동사거리,17098.0,37.5831,127.0009,15시,1446.0
0,20171225.0,월,창경궁로(서울여자대학교),A-06,유입,성균관대입구->원남동사거리,17098.0,37.5831,127.0009,16시,1408.0
0,20171225.0,월,창경궁로(서울여자대학교),A-06,유입,성균관대입구->원남동사거리,17098.0,37.5831,127.0009,17시,1375.0
0,20171225.0,월,창경궁로(서울여자대학교),A-06,유입,성균관대입구->원남동사거리,17098.0,37.5831,127.0009,18시,1175.0
0,20171225.0,월,창경궁로(서울여자대학교),A-06,유입,성균관대입구->원남동사거리,17098.0,37.5831,127.0009,19시,1072.0
0,20171225.0,월,창경궁로(서울여자대학교),A-06,유입,성균관대입구->원남동사거리,17098.0,37.5831,127.0009,20시,1113.0
0,20171226.0,화,창경궁로(서울여자대학교),A-06,유입,성균관대입구->원남동사거리,16974.0,37.5831,127.0009,8시,2130.0
0,20171226.0,화,창경궁로(서울여자대학교),A-06,유입,성균관대입구->원남동사거리,16974.0,37.5831,127.0009,9시,1768.0
0,20171226.0,화,창경궁로(서울여자대학교),A-06,유입,성균관대입구->원남동사거리,16974.0,37.5831,127.0009,10시,1459.0
0,20171226.0,화,창경궁로(서울여자대학교),A-06,유입,성균관대입구->원남동사거리,16974.0,37.5831,127.0009,11시,1398.0
0,20171226.0,화,창경궁로(서울여자대학교),A-06,유입,성균관대입구->원남동사거리,16974.0,37.5831,127.0009,12시,1300.0
0,20171226.0,화,창경궁로(서울여자대학교),A-06,유입,성균관대입구->원남동사거리,16974.0,37.5831,127.0009,13시,1344.0
0,20171226.0,화,창경궁로(서울여자대학교),A-06,유입,성균관대입구->원남동사거리,16974.0,37.5831,127.0009,14시,1246.0
0,20171226.0,화,창경궁로(서울여자대학교),A-06,유입,성균관대입구->원남동사거리,16974.0,37.5831,127.0009,15시,1187.0
0,20171226.0,화,창경궁로(서울여자대학교),A-06,유입,성균관대입구->원남동사거리,16974.0,37.5831,127.0009,16시,1174.0
0,20171226.0,화,창경궁로(서울여자대학교),A-06,유입,성균관대입구->원남동사거리,16974.0,37.5831,127.0009,17시,1100.0
0,20171226.0,화,창경궁로(서울여자대학교),A-06,유입,성균관대입구->원남동사거리,16974.0,37.5831,127.0009,18시,989.0
0,20171226.0,화,창경궁로(서울여자대학교),A-06,유입,성균관대입구->원남동사거리,16974.0,37.5831,127.0009,19시,945.0
0,20171226.0,화,창경궁로(서울여자대학교),A-06,유입,성균관대입구->원남동사거리,16974.0,37.5831,127.0009,20시,934.0
0,20171227.0,수,창경궁로(서울여자대학교),A-06,유입,성균관대입구->원남동사거리,17267.0,37.5831,127.0009,8시,2124.0
0,20171227.0,수,창경궁로(서울여자대학교),A-06,유입,성균관대입구->원남동사거리,17267.0,37.5831,127.0009,9시,1820.0
0,20171227.0,수,창경궁로(서울여자대학교),A-06,유입,성균관대입구->원남동사거리,17267.0,37.5831,127.0009,10시,1559.0
0,20171227.0,수,창경궁로(서울여자대학교),A-06,유입,성균관대입구->원남동사거리,17267.0,37.5831,127.0009,11시,1378.0
0,20171227.0,수,창경궁로(서울여자대학교),A-06,유입,성균관대입구->원남동사거리,17267.0,37.5831,127.0009,12시,1251.0
0,20171227.0,수,창경궁로(서울여자대학교),A-06,유입,성균관대입구->원남동사거리,17267.0,37.5831,127.0009,13시,1357.0
0,20171227.0,수,창경궁로(서울여자대학교),A-06,유입,성균관대입구->원남동사거리,17267.0,37.5831,127.0009,14시,1286.0
0,20171227.0,수,창경궁로(서울여자대학교),A-06,유입,성균관대입구->원남동사거리,17267.0,37.5831,127.0009,15시,1256.0
0,20171227.0,수,창경궁로(서울여자대학교),A-06,유입,성균관대입구->원남동사거리,17267.0,37.5831,127.0009,16시,1228.0
0,20171227.0,수,창경궁로(서울여자대학교),A-06,유입,성균관대입구->원남동사거리,17267.0,37.5831,127.0009,17시,1123.0
0,20171227.0,수,창경궁로(서울여자대학교),A-06,유입,성균관대입구->원남동사거리,17267.0,37.5831,127.0009,18시,1062.0
0,20171227.0,수,창경궁로(서울여자대학교),A-06,유입,성균관대입구->원남동사거리,17267.0,37.5831,127.0009,19시,890.0
0,20171227.0,수,창경궁로(서울여자대학교),A-06,유입,성균관대입구->원남동사거리,17267.0,37.5831,127.0009,20시,933.0
0,20171228.0,목,창경궁로(서울여자대학교),A-06,유입,성균관대입구->원남동사거리,17035.0,37.5831,127.0009,8시,2127.0
0,20171228.0,목,창경궁로(서울여자대학교),A-06,유입,성균관대입구->원남동사거리,17035.0,37.5831,127.0009,9시,1781.0
0,20171228.0,목,창경궁로(서울여자대학교),A-06,유입,성균관대입구->원남동사거리,17035.0,37.5831,127.0009,10시,1488.0
0,20171228.0,목,창경궁로(서울여자대학교),A-06,유입,성균관대입구->원남동사거리,17035.0,37.5831,127.0009,11시,1430.0
0,20171228.0,목,창경궁로(서울여자대학교),A-06,유입,성균관대입구->원남동사거리,17035.0,37.5831,127.0009,12시,1328.0
0,20171228.0,목,창경궁로(서울여자대학교),A-06,유입,성균관대입구->원남동사거리,17035.0,37.5831,127.0009,13시,1320.0
0,20171228.0,목,창경궁로(서울여자대학교),A-06,유입,성균관대입구->원남동사거리,17035.0,37.5831,127.0009,14시,1115.0
0,20171228.0,목,창경궁로(서울여자대학교),A-06,유입,성균관대입구->원남동사거리,17035.0,37.5831,127.0009,15시,1271.0
0,20171228.0,목,창경궁로(서울여자대학교),A-06,유입,성균관대입구->원남동사거리,17035.0,37.5831,127.0009,16시,1194.0
0,20171228.0,목,창경궁로(서울여자대학교),A-06,유입,성균관대입구->원남동사거리,17035.0,37.5831,127.0009,17시,1056.0
0,20171228.0,목,창경궁로(서울여자대학교),A-06,유입,성균관대입구->원남동사거리,17035.0,37.5831,127.0009,18시,1070.0
0,20171228.0,목,창경궁로(서울여자대학교),A-06,유입,성균관대입구->원남동사거리,17035.0,37.5831,127.0009,19시,955.0
0,20171228.0,목,창경궁로(서울여자대학교),A-06,유입,성균관대입구->원남동사거리,17035.0,37.5831,127.0009,20시,900.0
0,20171229.0,금,창경궁로(서울여자대학교),A-06,유입,성균관대입구->원남동사거리,17344.0,37.5831,127.0009,8시,2112.0
0,20171229.0,금,창경궁로(서울여자대학교),A-06,유입,성균관대입구->원남동사거리,17344.0,37.5831,127.0009,9시,1761.0
0,20171229.0,금,창경궁로(서울여자대학교),A-06,유입,성균관대입구->원남동사거리,17344.0,37.5831,127.0009,10시,1488.0
0,20171229.0,금,창경궁로(서울여자대학교),A-06,유입,성균관대입구->원남동사거리,17344.0,37.5831,127.0009,11시,1451.0
0,20171229.0,금,창경궁로(서울여자대학교),A-06,유입,성균관대입구->원남동사거리,17344.0,37.5831,127.0009,12시,1366.0
0,20171229.0,금,창경궁로(서울여자대학교),A-06,유입,성균관대입구->원남동사거리,17344.0,37.5831,127.0009,13시,1300.0
0,20171229.0,금,창경궁로(서울여자대학교),A-06,유입,성균관대입구->원남동사거리,17344.0,37.5831,127.0009,14시,1287.0
0,20171229.0,금,창경궁로(서울여자대학교),A-06,유입,성균관대입구->원남동사거리,17344.0,37.5831,127.0009,15시,1286.0
0,20171229.0,금,창경궁로(서울여자대학교),A-06,유입,성균관대입구->원남동사거리,17344.0,37.5831,127.0009,16시,1141.0
0,20171229.0,금,창경궁로(서울여자대학교),A-06,유입,성균관대입구->원남동사거리,17344.0,37.5831,127.0009,17시,1130.0
0,20171229.0,금,창경궁로(서울여자대학교),A-06,유입,성균관대입구->원남동사거리,17344.0,37.5831,127.0009,18시,1074.0
0,20171229.0,금,창경궁로(서울여자대학교),A-06,유입,성균관대입구->원남동사거리,17344.0,37.5831,127.0009,19시,1005.0
0,20171229.0,금,창경궁로(서울여자대학교),A-06,유입,성균관대입구->원남동사거리,17344.0,37.5831,127.0009,20시,943.0
0,20171230.0,토,창경궁로(서울여자대학교),A-06,유입,성균관대입구->원남동사거리,16512.0,37.5831,127.0009,8시,1361.0
0,20171230.0,토,창경궁로(서울여자대학교),A-06,유입,성균관대입구->원남동사거리,16512.0,37.5831,127.0009,9시,1428.0
0,20171230.0,토,창경궁로(서울여자대학교),A-06,유입,성균관대입구->원남동사거리,16512.0,37.5831,127.0009,10시,1430.0
0,20171230.0,토,창경궁로(서울여자대학교),A-06,유입,성균관대입구->원남동사거리,16512.0,37.5831,127.0009,11시,1446.0
0,20171230.0,토,창경궁로(서울여자대학교),A-06,유입,성균관대입구->원남동사거리,16512.0,37.5831,127.0009,12시,1381.0
0,20171230.0,토,창경궁로(서울여자대학교),A-06,유입,성균관대입구->원남동사거리,16512.0,37.5831,127.0009,13시,1361.0
0,20171230.0,토,창경궁로(서울여자대학교),A-06,유입,성균관대입구->원남동사거리,16512.0,37.5831,127.0009,14시,1334.0
0,20171230.0,토,창경궁로(서울여자대학교),A-06,유입,성균관대입구->원남동사거리,16512.0,37.5831,127.0009,15시,1324.0
0,20171230.0,토,창경궁로(서울여자대학교),A-06,유입,성균관대입구->원남동사거리,16512.0,37.5831,127.0009,16시,1230.0
0,20171230.0,토,창경궁로(서울여자대학교),A-06,유입,성균관대입구->원남동사거리,16512.0,37.5831,127.0009,17시,1235.0
0,20171230.0,토,창경궁로(서울여자대학교),A-06,유입,성균관대입구->원남동사거리,16512.0,37.5831,127.0009,18시,1118.0
0,20171230.0,토,창경궁로(서울여자대학교),A-06,유입,성균관대입구->원남동사거리,16512.0,37.5831,127.0009,19시,886.0
0,20171230.0,토,창경궁로(서울여자대학교),A-06,유입,성균관대입구->원남동사거리,16512.0,37.5831,127.0009,20시,978.0
0,20171231.0,일,창경궁로(서울여자대학교),A-06,유입,성균관대입구->원남동사거리,15618.0,37.5831,127.0009,8시,914.0
0,20171231.0,일,창경궁로(서울여자대학교),A-06,유입,성균관대입구->원남동사거리,15618.0,37.5831,127.0009,9시,1148.0
0,20171231.0,일,창경궁로(서울여자대학교),A-06,유입,성균관대입구->원남동사거리,15618.0,37.5831,127.0009,10시,1287.0
0,20171231.0,일,창경궁로(서울여자대학교),A-06,유입,성균관대입구->원남동사거리,15618.0,37.5831,127.0009,11시,1312.0
0,20171231.0,일,창경궁로(서울여자대학교),A-06,유입,성균관대입구->원남동사거리,15618.0,37.5831,127.0009,12시,1318.0
0,20171231.0,일,창경궁로(서울여자대학교),A-06,유입,성균관대입구->원남동사거리,15618.0,37.5831,127.0009,13시,1449.0
0,20171231.0,일,창경궁로(서울여자대학교),A-06,유입,성균관대입구->원남동사거리,15618.0,37.5831,127.0009,14시,1435.0
0,20171231.0,일,창경궁로(서울여자대학교),A-06,유입,성균관대입구->원남동사거리,15618.0,37.5831,127.0009,15시,1398.0
0,20171231.0,일,창경궁로(서울여자대학교),A-06,유입,성균관대입구->원남동사거리,15618.0,37.5831,127.0009,16시,1307.0
0,20171231.0,일,창경궁로(서울여자대학교),A-06,유입,성균관대입구->원남동사거리,15618.0,37.5831,127.0009,17시,1205.0
0,20171231.0,일,창경궁로(서울여자대학교),A-06,유입,성균관대입구->원남동사거리,15618.0,37.5831,127.0009,18시,1010.0
0,20171231.0,일,창경궁로(서울여자대학교),A-06,유입,성균관대입구->원남동사거리,15618.0,37.5831,127.0009,19시,882.0
0,20171231.0,일,창경궁로(서울여자대학교),A-06,유입,성균관대입구->원남동사거리,15618.0,37.5831,127.0009,20시,953.0
0,20171201.0,금,창경궁로(서울여자대학교),A-06,유출,원남동사거리->성균관대입구,11440.0,37.5831,127.0009,8시,576.0
0,20171201.0,금,창경궁로(서울여자대학교),A-06,유출,원남동사거리->성균관대입구,11440.0,37.5831,127.0009,9시,649.0
0,20171201.0,금,창경궁로(서울여자대학교),A-06,유출,원남동사거리->성균관대입구,11440.0,37.5831,127.0009,10시,779.0
0,20171201.0,금,창경궁로(서울여자대학교),A-06,유출,원남동사거리->성균관대입구,11440.0,37.5831,127.0009,11시,896.0
0,20171201.0,금,창경궁로(서울여자대학교),A-06,유출,원남동사거리->성균관대입구,11440.0,37.5831,127.0009,12시,837.0
0,20171201.0,금,창경궁로(서울여자대학교),A-06,유출,원남동사거리->성균관대입구,11440.0,37.5831,127.0009,13시,885.0
0,20171201.0,금,창경궁로(서울여자대학교),A-06,유출,원남동사거리->성균관대입구,11440.0,37.5831,127.0009,14시,857.0
0,20171201.0,금,창경궁로(서울여자대학교),A-06,유출,원남동사거리->성균관대입구,11440.0,37.5831,127.0009,15시,982.0
0,20171201.0,금,창경궁로(서울여자대학교),A-06,유출,원남동사거리->성균관대입구,11440.0,37.5831,127.0009,16시,1064.0
0,20171201.0,금,창경궁로(서울여자대학교),A-06,유출,원남동사거리->성균관대입구,11440.0,37.5831,127.0009,17시,923.0
0,20171201.0,금,창경궁로(서울여자대학교),A-06,유출,원남동사거리->성균관대입구,11440.0,37.5831,127.0009,18시,874.0
0,20171201.0,금,창경궁로(서울여자대학교),A-06,유출,원남동사거리->성균관대입구,11440.0,37.5831,127.0009,19시,1067.0
0,20171201.0,금,창경궁로(서울여자대학교),A-06,유출,원남동사거리->성균관대입구,11440.0,37.5831,127.0009,20시,1051.0
0,20171202.0,토,창경궁로(서울여자대학교),A-06,유출,원남동사거리->성균관대입구,11528.0,37.5831,127.0009,8시,669.0
0,20171202.0,토,창경궁로(서울여자대학교),A-06,유출,원남동사거리->성균관대입구,11528.0,37.5831,127.0009,9시,690.0
0,20171202.0,토,창경궁로(서울여자대학교),A-06,유출,원남동사거리->성균관대입구,11528.0,37.5831,127.0009,10시,766.0
0,20171202.0,토,창경궁로(서울여자대학교),A-06,유출,원남동사거리->성균관대입구,11528.0,37.5831,127.0009,11시,786.0
0,20171202.0,토,창경궁로(서울여자대학교),A-06,유출,원남동사거리->성균관대입구,11528.0,37.5831,127.0009,12시,890.0
0,20171202.0,토,창경궁로(서울여자대학교),A-06,유출,원남동사거리->성균관대입구,11528.0,37.5831,127.0009,13시,894.0
0,20171202.0,토,창경궁로(서울여자대학교),A-06,유출,원남동사거리->성균관대입구,11528.0,37.5831,127.0009,14시,954.0
0,20171202.0,토,창경궁로(서울여자대학교),A-06,유출,원남동사거리->성균관대입구,11528.0,37.5831,127.0009,15시,1035.0
0,20171202.0,토,창경궁로(서울여자대학교),A-06,유출,원남동사거리->성균관대입구,11528.0,37.5831,127.0009,16시,952.0
0,20171202.0,토,창경궁로(서울여자대학교),A-06,유출,원남동사거리->성균관대입구,11528.0,37.5831,127.0009,17시,1075.0
0,20171202.0,토,창경궁로(서울여자대학교),A-06,유출,원남동사거리->성균관대입구,11528.0,37.5831,127.0009,18시,930.0
0,20171202.0,토,창경궁로(서울여자대학교),A-06,유출,원남동사거리->성균관대입구,11528.0,37.5831,127.0009,19시,957.0
0,20171202.0,토,창경궁로(서울여자대학교),A-06,유출,원남동사거리->성균관대입구,11528.0,37.5831,127.0009,20시,930.0
0,20171203.0,일,창경궁로(서울여자대학교),A-06,유출,원남동사거리->성균관대입구,10607.0,37.5831,127.0009,8시,463.0
0,20171203.0,일,창경궁로(서울여자대학교),A-06,유출,원남동사거리->성균관대입구,10607.0,37.5831,127.0009,9시,563.0
0,20171203.0,일,창경궁로(서울여자대학교),A-06,유출,원남동사거리->성균관대입구,10607.0,37.5831,127.0009,10시,651.0
0,20171203.0,일,창경궁로(서울여자대학교),A-06,유출,원남동사거리->성균관대입구,10607.0,37.5831,127.0009,11시,613.0
0,20171203.0,일,창경궁로(서울여자대학교),A-06,유출,원남동사거리->성균관대입구,10607.0,37.5831,127.0009,12시,798.0
0,20171203.0,일,창경궁로(서울여자대학교),A-06,유출,원남동사거리->성균관대입구,10607.0,37.5831,127.0009,13시,927.0
0,20171203.0,일,창경궁로(서울여자대학교),A-06,유출,원남동사거리->성균관대입구,10607.0,37.5831,127.0009,14시,927.0
0,20171203.0,일,창경궁로(서울여자대학교),A-06,유출,원남동사거리->성균관대입구,10607.0,37.5831,127.0009,15시,982.0
0,20171203.0,일,창경궁로(서울여자대학교),A-06,유출,원남동사거리->성균관대입구,10607.0,37.5831,127.0009,16시,1026.0
0,20171203.0,일,창경궁로(서울여자대학교),A-06,유출,원남동사거리->성균관대입구,10607.0,37.5831,127.0009,17시,1083.0
0,20171203.0,일,창경궁로(서울여자대학교),A-06,유출,원남동사거리->성균관대입구,10607.0,37.5831,127.0009,18시,972.0
0,20171203.0,일,창경궁로(서울여자대학교),A-06,유출,원남동사거리->성균관대입구,10607.0,37.5831,127.0009,19시,780.0
0,20171203.0,일,창경궁로(서울여자대학교),A-06,유출,원남동사거리->성균관대입구,10607.0,37.5831,127.0009,20시,822.0
0,20171204.0,월,창경궁로(서울여자대학교),A-06,유출,원남동사거리->성균관대입구,11874.0,37.5831,127.0009,8시,637.0
0,20171204.0,월,창경궁로(서울여자대학교),A-06,유출,원남동사거리->성균관대입구,11874.0,37.5831,127.0009,9시,648.0
0,20171204.0,월,창경궁로(서울여자대학교),A-06,유출,원남동사거리->성균관대입구,11874.0,37.5831,127.0009,10시,793.0
0,20171204.0,월,창경궁로(서울여자대학교),A-06,유출,원남동사거리->성균관대입구,11874.0,37.5831,127.0009,11시,910.0
0,20171204.0,월,창경궁로(서울여자대학교),A-06,유출,원남동사거리->성균관대입구,11874.0,37.5831,127.0009,12시,863.0
0,20171204.0,월,창경궁로(서울여자대학교),A-06,유출,원남동사거리->성균관대입구,11874.0,37.5831,127.0009,13시,911.0
0,20171204.0,월,창경궁로(서울여자대학교),A-06,유출,원남동사거리->성균관대입구,11874.0,37.5831,127.0009,14시,928.0
0,20171204.0,월,창경궁로(서울여자대학교),A-06,유출,원남동사거리->성균관대입구,11874.0,37.5831,127.0009,15시,1015.0
0,20171204.0,월,창경궁로(서울여자대학교),A-06,유출,원남동사거리->성균관대입구,11874.0,37.5831,127.0009,16시,999.0
0,20171204.0,월,창경궁로(서울여자대학교),A-06,유출,원남동사거리->성균관대입구,11874.0,37.5831,127.0009,17시,915.0
0,20171204.0,월,창경궁로(서울여자대학교),A-06,유출,원남동사거리->성균관대입구,11874.0,37.5831,127.0009,18시,1042.0
0,20171204.0,월,창경궁로(서울여자대학교),A-06,유출,원남동사거리->성균관대입구,11874.0,37.5831,127.0009,19시,1127.0
0,20171204.0,월,창경궁로(서울여자대학교),A-06,유출,원남동사거리->성균관대입구,11874.0,37.5831,127.0009,20시,1086.0
0,20171205.0,화,창경궁로(서울여자대학교),A-06,유출,원남동사거리->성균관대입구,11938.0,37.5831,127.0009,8시,662.0
0,20171205.0,화,창경궁로(서울여자대학교),A-06,유출,원남동사거리->성균관대입구,11938.0,37.5831,127.0009,9시,737.0
0,20171205.0,화,창경궁로(서울여자대학교),A-06,유출,원남동사거리->성균관대입구,11938.0,37.5831,127.0009,10시,759.0
0,20171205.0,화,창경궁로(서울여자대학교),A-06,유출,원남동사거리->성균관대입구,11938.0,37.5831,127.0009,11시,822.0
0,20171205.0,화,창경궁로(서울여자대학교),A-06,유출,원남동사거리->성균관대입구,11938.0,37.5831,127.0009,12시,885.0
0,20171205.0,화,창경궁로(서울여자대학교),A-06,유출,원남동사거리->성균관대입구,11938.0,37.5831,127.0009,13시,843.0
0,20171205.0,화,창경궁로(서울여자대학교),A-06,유출,원남동사거리->성균관대입구,11938.0,37.5831,127.0009,14시,955.0
0,20171205.0,화,창경궁로(서울여자대학교),A-06,유출,원남동사거리->성균관대입구,11938.0,37.5831,127.0009,15시,1006.0
0,20171205.0,화,창경궁로(서울여자대학교),A-06,유출,원남동사거리->성균관대입구,11938.0,37.5831,127.0009,16시,1007.0
0,20171205.0,화,창경궁로(서울여자대학교),A-06,유출,원남동사거리->성균관대입구,11938.0,37.5831,127.0009,17시,975.0
0,20171205.0,화,창경궁로(서울여자대학교),A-06,유출,원남동사거리->성균관대입구,11938.0,37.5831,127.0009,18시,1107.0
0,20171205.0,화,창경궁로(서울여자대학교),A-06,유출,원남동사거리->성균관대입구,11938.0,37.5831,127.0009,19시,1110.0
0,20171205.0,화,창경궁로(서울여자대학교),A-06,유출,원남동사거리->성균관대입구,11938.0,37.5831,127.0009,20시,1070.0
0,20171206.0,수,창경궁로(서울여자대학교),A-06,유출,원남동사거리->성균관대입구,11116.0,37.5831,127.0009,8시,645.0
0,20171206.0,수,창경궁로(서울여자대학교),A-06,유출,원남동사거리->성균관대입구,11116.0,37.5831,127.0009,9시,731.0
0,20171206.0,수,창경궁로(서울여자대학교),A-06,유출,원남동사거리->성균관대입구,11116.0,37.5831,127.0009,10시,801.0
0,20171206.0,수,창경궁로(서울여자대학교),A-06,유출,원남동사거리->성균관대입구,11116.0,37.5831,127.0009,11시,832.0
0,20171206.0,수,창경궁로(서울여자대학교),A-06,유출,원남동사거리->성균관대입구,11116.0,37.5831,127.0009,12시,869.0
0,20171206.0,수,창경궁로(서울여자대학교),A-06,유출,원남동사거리->성균관대입구,11116.0,37.5831,127.0009,13시,842.0
0,20171206.0,수,창경궁로(서울여자대학교),A-06,유출,원남동사거리->성균관대입구,11116.0,37.5831,127.0009,14시,885.0
0,20171206.0,수,창경궁로(서울여자대학교),A-06,유출,원남동사거리->성균관대입구,11116.0,37.5831,127.0009,15시,851.0
0,20171206.0,수,창경궁로(서울여자대학교),A-06,유출,원남동사거리->성균관대입구,11116.0,37.5831,127.0009,16시,996.0
0,20171206.0,수,창경궁로(서울여자대학교),A-06,유출,원남동사거리->성균관대입구,11116.0,37.5831,127.0009,17시,895.0
0,20171206.0,수,창경궁로(서울여자대학교),A-06,유출,원남동사거리->성균관대입구,11116.0,37.5831,127.0009,18시,677.0
0,20171206.0,수,창경궁로(서울여자대학교),A-06,유출,원남동사거리->성균관대입구,11116.0,37.5831,127.0009,19시,1089.0
0,20171206.0,수,창경궁로(서울여자대학교),A-06,유출,원남동사거리->성균관대입구,11116.0,37.5831,127.0009,20시,1003.0
0,20171207.0,목,창경궁로(서울여자대학교),A-06,유출,원남동사거리->성균관대입구,11757.0,37.5831,127.0009,8시,627.0
0,20171207.0,목,창경궁로(서울여자대학교),A-06,유출,원남동사거리->성균관대입구,11757.0,37.5831,127.0009,9시,677.0
0,20171207.0,목,창경궁로(서울여자대학교),A-06,유출,원남동사거리->성균관대입구,11757.0,37.5831,127.0009,10시,806.0
0,20171207.0,목,창경궁로(서울여자대학교),A-06,유출,원남동사거리->성균관대입구,11757.0,37.5831,127.0009,11시,837.0
0,20171207.0,목,창경궁로(서울여자대학교),A-06,유출,원남동사거리->성균관대입구,11757.0,37.5831,127.0009,12시,837.0
0,20171207.0,목,창경궁로(서울여자대학교),A-06,유출,원남동사거리->성균관대입구,11757.0,37.5831,127.0009,13시,865.0
0,20171207.0,목,창경궁로(서울여자대학교),A-06,유출,원남동사거리->성균관대입구,11757.0,37.5831,127.0009,14시,905.0
0,20171207.0,목,창경궁로(서울여자대학교),A-06,유출,원남동사거리->성균관대입구,11757.0,37.5831,127.0009,15시,958.0
0,20171207.0,목,창경궁로(서울여자대학교),A-06,유출,원남동사거리->성균관대입구,11757.0,37.5831,127.0009,16시,1054.0
0,20171207.0,목,창경궁로(서울여자대학교),A-06,유출,원남동사거리->성균관대입구,11757.0,37.5831,127.0009,17시,927.0
0,20171207.0,목,창경궁로(서울여자대학교),A-06,유출,원남동사거리->성균관대입구,11757.0,37.5831,127.0009,18시,1066.0
0,20171207.0,목,창경궁로(서울여자대학교),A-06,유출,원남동사거리->성균관대입구,11757.0,37.5831,127.0009,19시,1065.0
0,20171207.0,목,창경궁로(서울여자대학교),A-06,유출,원남동사거리->성균관대입구,11757.0,37.5831,127.0009,20시,1133.0
0,20171208.0,금,창경궁로(서울여자대학교),A-06,유출,원남동사거리->성균관대입구,11696.0,37.5831,127.0009,8시,650.0
0,20171208.0,금,창경궁로(서울여자대학교),A-06,유출,원남동사거리->성균관대입구,11696.0,37.5831,127.0009,9시,707.0
0,20171208.0,금,창경궁로(서울여자대학교),A-06,유출,원남동사거리->성균관대입구,11696.0,37.5831,127.0009,10시,766.0
0,20171208.0,금,창경궁로(서울여자대학교),A-06,유출,원남동사거리->성균관대입구,11696.0,37.5831,127.0009,11시,871.0
0,20171208.0,금,창경궁로(서울여자대학교),A-06,유출,원남동사거리->성균관대입구,11696.0,37.5831,127.0009,12시,864.0
0,20171208.0,금,창경궁로(서울여자대학교),A-06,유출,원남동사거리->성균관대입구,11696.0,37.5831,127.0009,13시,893.0
0,20171208.0,금,창경궁로(서울여자대학교),A-06,유출,원남동사거리->성균관대입구,11696.0,37.5831,127.0009,14시,928.0
0,20171208.0,금,창경궁로(서울여자대학교),A-06,유출,원남동사거리->성균관대입구,11696.0,37.5831,127.0009,15시,1032.0
0,20171208.0,금,창경궁로(서울여자대학교),A-06,유출,원남동사거리->성균관대입구,11696.0,37.5831,127.0009,16시,967.0
0,20171208.0,금,창경궁로(서울여자대학교),A-06,유출,원남동사거리->성균관대입구,11696.0,37.5831,127.0009,17시,1002.0
0,20171208.0,금,창경궁로(서울여자대학교),A-06,유출,원남동사거리->성균관대입구,11696.0,37.5831,127.0009,18시,900.0
0,20171208.0,금,창경궁로(서울여자대학교),A-06,유출,원남동사거리->성균관대입구,11696.0,37.5831,127.0009,19시,1027.0
0,20171208.0,금,창경궁로(서울여자대학교),A-06,유출,원남동사거리->성균관대입구,11696.0,37.5831,127.0009,20시,1089.0
0,20171209.0,토,창경궁로(서울여자대학교),A-06,유출,원남동사거리->성균관대입구,12781.0,37.5831,127.0009,8시,624.0
0,20171209.0,토,창경궁로(서울여자대학교),A-06,유출,원남동사거리->성균관대입구,12781.0,37.5831,127.0009,9시,681.0
0,20171209.0,토,창경궁로(서울여자대학교),A-06,유출,원남동사거리->성균관대입구,12781.0,37.5831,127.0009,10시,789.0
0,20171209.0,토,창경궁로(서울여자대학교),A-06,유출,원남동사거리->성균관대입구,12781.0,37.5831,127.0009,11시,780.0
0,20171209.0,토,창경궁로(서울여자대학교),A-06,유출,원남동사거리->성균관대입구,12781.0,37.5831,127.0009,12시,1106.0
0,20171209.0,토,창경궁로(서울여자대학교),A-06,유출,원남동사거리->성균관대입구,12781.0,37.5831,127.0009,13시,1169.0
0,20171209.0,토,창경궁로(서울여자대학교),A-06,유출,원남동사거리->성균관대입구,12781.0,37.5831,127.0009,14시,1222.0
0,20171209.0,토,창경궁로(서울여자대학교),A-06,유출,원남동사거리->성균관대입구,12781.0,37.5831,127.0009,15시,1285.0
0,20171209.0,토,창경궁로(서울여자대학교),A-06,유출,원남동사거리->성균관대입구,12781.0,37.5831,127.0009,16시,1139.0
0,20171209.0,토,창경궁로(서울여자대학교),A-06,유출,원남동사거리->성균관대입구,12781.0,37.5831,127.0009,17시,1016.0
0,20171209.0,토,창경궁로(서울여자대학교),A-06,유출,원남동사거리->성균관대입구,12781.0,37.5831,127.0009,18시,1143.0
0,20171209.0,토,창경궁로(서울여자대학교),A-06,유출,원남동사거리->성균관대입구,12781.0,37.5831,127.0009,19시,891.0
0,20171209.0,토,창경궁로(서울여자대학교),A-06,유출,원남동사거리->성균관대입구,12781.0,37.5831,127.0009,20시,936.0
0,20171210.0,일,창경궁로(서울여자대학교),A-06,유출,원남동사거리->성균관대입구,8936.0,37.5831,127.0009,8시,339.0
0,20171210.0,일,창경궁로(서울여자대학교),A-06,유출,원남동사거리->성균관대입구,8936.0,37.5831,127.0009,9시,531.0
0,20171210.0,일,창경궁로(서울여자대학교),A-06,유출,원남동사거리->성균관대입구,8936.0,37.5831,127.0009,10시,533.0
0,20171210.0,일,창경궁로(서울여자대학교),A-06,유출,원남동사거리->성균관대입구,8936.0,37.5831,127.0009,11시,585.0
0,20171210.0,일,창경궁로(서울여자대학교),A-06,유출,원남동사거리->성균관대입구,8936.0,37.5831,127.0009,12시,652.0
0,20171210.0,일,창경궁로(서울여자대학교),A-06,유출,원남동사거리->성균관대입구,8936.0,37.5831,127.0009,13시,725.0
0,20171210.0,일,창경궁로(서울여자대학교),A-06,유출,원남동사거리->성균관대입구,8936.0,37.5831,127.0009,14시,770.0
0,20171210.0,일,창경궁로(서울여자대학교),A-06,유출,원남동사거리->성균관대입구,8936.0,37.5831,127.0009,15시,703.0
0,20171210.0,일,창경궁로(서울여자대학교),A-06,유출,원남동사거리->성균관대입구,8936.0,37.5831,127.0009,16시,863.0
0,20171210.0,일,창경궁로(서울여자대학교),A-06,유출,원남동사거리->성균관대입구,8936.0,37.5831,127.0009,17시,930.0
0,20171210.0,일,창경궁로(서울여자대학교),A-06,유출,원남동사거리->성균관대입구,8936.0,37.5831,127.0009,18시,841.0
0,20171210.0,일,창경궁로(서울여자대학교),A-06,유출,원남동사거리->성균관대입구,8936.0,37.5831,127.0009,19시,740.0
0,20171210.0,일,창경궁로(서울여자대학교),A-06,유출,원남동사거리->성균관대입구,8936.0,37.5831,127.0009,20시,724.0
0,20171211.0,월,창경궁로(서울여자대학교),A-06,유출,원남동사거리->성균관대입구,11373.0,37.5831,127.0009,8시,600.0
0,20171211.0,월,창경궁로(서울여자대학교),A-06,유출,원남동사거리->성균관대입구,11373.0,37.5831,127.0009,9시,657.0
0,20171211.0,월,창경궁로(서울여자대학교),A-06,유출,원남동사거리->성균관대입구,11373.0,37.5831,127.0009,10시,798.0
0,20171211.0,월,창경궁로(서울여자대학교),A-06,유출,원남동사거리->성균관대입구,11373.0,37.5831,127.0009,11시,842.0
0,20171211.0,월,창경궁로(서울여자대학교),A-06,유출,원남동사거리->성균관대입구,11373.0,37.5831,127.0009,12시,804.0
0,20171211.0,월,창경궁로(서울여자대학교),A-06,유출,원남동사거리->성균관대입구,11373.0,37.5831,127.0009,13시,880.0
0,20171211.0,월,창경궁로(서울여자대학교),A-06,유출,원남동사거리->성균관대입구,11373.0,37.5831,127.0009,14시,866.0
0,20171211.0,월,창경궁로(서울여자대학교),A-06,유출,원남동사거리->성균관대입구,11373.0,37.5831,127.0009,15시,969.0
0,20171211.0,월,창경궁로(서울여자대학교),A-06,유출,원남동사거리->성균관대입구,11373.0,37.5831,127.0009,16시,993.0
0,20171211.0,월,창경궁로(서울여자대학교),A-06,유출,원남동사거리->성균관대입구,11373.0,37.5831,127.0009,17시,891.0
0,20171211.0,월,창경궁로(서울여자대학교),A-06,유출,원남동사거리->성균관대입구,11373.0,37.5831,127.0009,18시,1005.0
0,20171211.0,월,창경궁로(서울여자대학교),A-06,유출,원남동사거리->성균관대입구,11373.0,37.5831,127.0009,19시,1067.0
0,20171211.0,월,창경궁로(서울여자대학교),A-06,유출,원남동사거리->성균관대입구,11373.0,37.5831,127.0009,20시,1001.0
0,20171212.0,화,창경궁로(서울여자대학교),A-06,유출,원남동사거리->성균관대입구,11590.0,37.5831,127.0009,8시,625.0
0,20171212.0,화,창경궁로(서울여자대학교),A-06,유출,원남동사거리->성균관대입구,11590.0,37.5831,127.0009,9시,689.0
0,20171212.0,화,창경궁로(서울여자대학교),A-06,유출,원남동사거리->성균관대입구,11590.0,37.5831,127.0009,10시,769.0
0,20171212.0,화,창경궁로(서울여자대학교),A-06,유출,원남동사거리->성균관대입구,11590.0,37.5831,127.0009,11시,847.0
0,20171212.0,화,창경궁로(서울여자대학교),A-06,유출,원남동사거리->성균관대입구,11590.0,37.5831,127.0009,12시,861.0
0,20171212.0,화,창경궁로(서울여자대학교),A-06,유출,원남동사거리->성균관대입구,11590.0,37.5831,127.0009,13시,841.0
0,20171212.0,화,창경궁로(서울여자대학교),A-06,유출,원남동사거리->성균관대입구,11590.0,37.5831,127.0009,14시,834.0
0,20171212.0,화,창경궁로(서울여자대학교),A-06,유출,원남동사거리->성균관대입구,11590.0,37.5831,127.0009,15시,976.0
0,20171212.0,화,창경궁로(서울여자대학교),A-06,유출,원남동사거리->성균관대입구,11590.0,37.5831,127.0009,16시,1001.0
0,20171212.0,화,창경궁로(서울여자대학교),A-06,유출,원남동사거리->성균관대입구,11590.0,37.5831,127.0009,17시,945.0
0,20171212.0,화,창경궁로(서울여자대학교),A-06,유출,원남동사거리->성균관대입구,11590.0,37.5831,127.0009,18시,1028.0
0,20171212.0,화,창경궁로(서울여자대학교),A-06,유출,원남동사거리->성균관대입구,11590.0,37.5831,127.0009,19시,1093.0
0,20171212.0,화,창경궁로(서울여자대학교),A-06,유출,원남동사거리->성균관대입구,11590.0,37.5831,127.0009,20시,1081.0
0,20171213.0,수,창경궁로(서울여자대학교),A-06,유출,원남동사거리->성균관대입구,11674.0,37.5831,127.0009,8시,604.0
0,20171213.0,수,창경궁로(서울여자대학교),A-06,유출,원남동사거리->성균관대입구,11674.0,37.5831,127.0009,9시,667.0
0,20171213.0,수,창경궁로(서울여자대학교),A-06,유출,원남동사거리->성균관대입구,11674.0,37.5831,127.0009,10시,780.0
0,20171213.0,수,창경궁로(서울여자대학교),A-06,유출,원남동사거리->성균관대입구,11674.0,37.5831,127.0009,11시,846.0
0,20171213.0,수,창경궁로(서울여자대학교),A-06,유출,원남동사거리->성균관대입구,11674.0,37.5831,127.0009,12시,869.0
0,20171213.0,수,창경궁로(서울여자대학교),A-06,유출,원남동사거리->성균관대입구,11674.0,37.5831,127.0009,13시,876.0
0,20171213.0,수,창경궁로(서울여자대학교),A-06,유출,원남동사거리->성균관대입구,11674.0,37.5831,127.0009,14시,862.0
0,20171213.0,수,창경궁로(서울여자대학교),A-06,유출,원남동사거리->성균관대입구,11674.0,37.5831,127.0009,15시,933.0
0,20171213.0,수,창경궁로(서울여자대학교),A-06,유출,원남동사거리->성균관대입구,11674.0,37.5831,127.0009,16시,1073.0
0,20171213.0,수,창경궁로(서울여자대학교),A-06,유출,원남동사거리->성균관대입구,11674.0,37.5831,127.0009,17시,922.0
0,20171213.0,수,창경궁로(서울여자대학교),A-06,유출,원남동사거리->성균관대입구,11674.0,37.5831,127.0009,18시,995.0
0,20171213.0,수,창경궁로(서울여자대학교),A-06,유출,원남동사거리->성균관대입구,11674.0,37.5831,127.0009,19시,1100.0
0,20171213.0,수,창경궁로(서울여자대학교),A-06,유출,원남동사거리->성균관대입구,11674.0,37.5831,127.0009,20시,1147.0
0,20171214.0,목,창경궁로(서울여자대학교),A-06,유출,원남동사거리->성균관대입구,11809.0,37.5831,127.0009,8시,665.0
0,20171214.0,목,창경궁로(서울여자대학교),A-06,유출,원남동사거리->성균관대입구,11809.0,37.5831,127.0009,9시,714.0
0,20171214.0,목,창경궁로(서울여자대학교),A-06,유출,원남동사거리->성균관대입구,11809.0,37.5831,127.0009,10시,757.0
0,20171214.0,목,창경궁로(서울여자대학교),A-06,유출,원남동사거리->성균관대입구,11809.0,37.5831,127.0009,11시,897.0
0,20171214.0,목,창경궁로(서울여자대학교),A-06,유출,원남동사거리->성균관대입구,11809.0,37.5831,127.0009,12시,827.0
0,20171214.0,목,창경궁로(서울여자대학교),A-06,유출,원남동사거리->성균관대입구,11809.0,37.5831,127.0009,13시,884.0
0,20171214.0,목,창경궁로(서울여자대학교),A-06,유출,원남동사거리->성균관대입구,11809.0,37.5831,127.0009,14시,924.0
0,20171214.0,목,창경궁로(서울여자대학교),A-06,유출,원남동사거리->성균관대입구,11809.0,37.5831,127.0009,15시,967.0
0,20171214.0,목,창경궁로(서울여자대학교),A-06,유출,원남동사거리->성균관대입구,11809.0,37.5831,127.0009,16시,995.0
0,20171214.0,목,창경궁로(서울여자대학교),A-06,유출,원남동사거리->성균관대입구,11809.0,37.5831,127.0009,17시,977.0
0,20171214.0,목,창경궁로(서울여자대학교),A-06,유출,원남동사거리->성균관대입구,11809.0,37.5831,127.0009,18시,1047.0
0,20171214.0,목,창경궁로(서울여자대학교),A-06,유출,원남동사거리->성균관대입구,11809.0,37.5831,127.0009,19시,1064.0
0,20171214.0,목,창경궁로(서울여자대학교),A-06,유출,원남동사거리->성균관대입구,11809.0,37.5831,127.0009,20시,1091.0
0,20171215.0,금,창경궁로(서울여자대학교),A-06,유출,원남동사거리->성균관대입구,11953.0,37.5831,127.0009,8시,596.0
0,20171215.0,금,창경궁로(서울여자대학교),A-06,유출,원남동사거리->성균관대입구,11953.0,37.5831,127.0009,9시,780.0
0,20171215.0,금,창경궁로(서울여자대학교),A-06,유출,원남동사거리->성균관대입구,11953.0,37.5831,127.0009,10시,806.0
0,20171215.0,금,창경궁로(서울여자대학교),A-06,유출,원남동사거리->성균관대입구,11953.0,37.5831,127.0009,11시,867.0
0,20171215.0,금,창경궁로(서울여자대학교),A-06,유출,원남동사거리->성균관대입구,11953.0,37.5831,127.0009,12시,872.0
0,20171215.0,금,창경궁로(서울여자대학교),A-06,유출,원남동사거리->성균관대입구,11953.0,37.5831,127.0009,13시,923.0
0,20171215.0,금,창경궁로(서울여자대학교),A-06,유출,원남동사거리->성균관대입구,11953.0,37.5831,127.0009,14시,920.0
0,20171215.0,금,창경궁로(서울여자대학교),A-06,유출,원남동사거리->성균관대입구,11953.0,37.5831,127.0009,15시,992.0
0,20171215.0,금,창경궁로(서울여자대학교),A-06,유출,원남동사거리->성균관대입구,11953.0,37.5831,127.0009,16시,994.0
0,20171215.0,금,창경궁로(서울여자대학교),A-06,유출,원남동사거리->성균관대입구,11953.0,37.5831,127.0009,17시,987.0
0,20171215.0,금,창경궁로(서울여자대학교),A-06,유출,원남동사거리->성균관대입구,11953.0,37.5831,127.0009,18시,1038.0
0,20171215.0,금,창경궁로(서울여자대학교),A-06,유출,원남동사거리->성균관대입구,11953.0,37.5831,127.0009,19시,1047.0
0,20171215.0,금,창경궁로(서울여자대학교),A-06,유출,원남동사거리->성균관대입구,11953.0,37.5831,127.0009,20시,1131.0
0,20171216.0,토,창경궁로(서울여자대학교),A-06,유출,원남동사거리->성균관대입구,6923.0,37.5831,127.0009,8시,141.0
0,20171216.0,토,창경궁로(서울여자대학교),A-06,유출,원남동사거리->성균관대입구,6923.0,37.5831,127.0009,9시,138.0
0,20171216.0,토,창경궁로(서울여자대학교),A-06,유출,원남동사거리->성균관대입구,6923.0,37.5831,127.0009,10시,143.0
0,20171216.0,토,창경궁로(서울여자대학교),A-06,유출,원남동사거리->성균관대입구,6923.0,37.5831,127.0009,11시,134.0
0,20171216.0,토,창경궁로(서울여자대학교),A-06,유출,원남동사거리->성균관대입구,6923.0,37.5831,127.0009,12시,184.0
0,20171216.0,토,창경궁로(서울여자대학교),A-06,유출,원남동사거리->성균관대입구,6923.0,37.5831,127.0009,13시,215.0
0,20171216.0,토,창경궁로(서울여자대학교),A-06,유출,원남동사거리->성균관대입구,6923.0,37.5831,127.0009,14시,168.0
0,20171216.0,토,창경궁로(서울여자대학교),A-06,유출,원남동사거리->성균관대입구,6923.0,37.5831,127.0009,15시,964.0
0,20171216.0,토,창경궁로(서울여자대학교),A-06,유출,원남동사거리->성균관대입구,6923.0,37.5831,127.0009,16시,865.0
0,20171216.0,토,창경궁로(서울여자대학교),A-06,유출,원남동사거리->성균관대입구,6923.0,37.5831,127.0009,17시,1006.0
0,20171216.0,토,창경궁로(서울여자대학교),A-06,유출,원남동사거리->성균관대입구,6923.0,37.5831,127.0009,18시,979.0
0,20171216.0,토,창경궁로(서울여자대학교),A-06,유출,원남동사거리->성균관대입구,6923.0,37.5831,127.0009,19시,1016.0
0,20171216.0,토,창경궁로(서울여자대학교),A-06,유출,원남동사거리->성균관대입구,6923.0,37.5831,127.0009,20시,970.0
0,20171217.0,일,창경궁로(서울여자대학교),A-06,유출,원남동사거리->성균관대입구,10983.0,37.5831,127.0009,8시,418.0
0,20171217.0,일,창경궁로(서울여자대학교),A-06,유출,원남동사거리->성균관대입구,10983.0,37.5831,127.0009,9시,590.0
0,20171217.0,일,창경궁로(서울여자대학교),A-06,유출,원남동사거리->성균관대입구,10983.0,37.5831,127.0009,10시,641.0
0,20171217.0,일,창경궁로(서울여자대학교),A-06,유출,원남동사거리->성균관대입구,10983.0,37.5831,127.0009,11시,692.0
0,20171217.0,일,창경궁로(서울여자대학교),A-06,유출,원남동사거리->성균관대입구,10983.0,37.5831,127.0009,12시,833.0
0,20171217.0,일,창경궁로(서울여자대학교),A-06,유출,원남동사거리->성균관대입구,10983.0,37.5831,127.0009,13시,906.0
0,20171217.0,일,창경궁로(서울여자대학교),A-06,유출,원남동사거리->성균관대입구,10983.0,37.5831,127.0009,14시,981.0
0,20171217.0,일,창경궁로(서울여자대학교),A-06,유출,원남동사거리->성균관대입구,10983.0,37.5831,127.0009,15시,983.0
0,20171217.0,일,창경궁로(서울여자대학교),A-06,유출,원남동사거리->성균관대입구,10983.0,37.5831,127.0009,16시,1005.0
0,20171217.0,일,창경궁로(서울여자대학교),A-06,유출,원남동사거리->성균관대입구,10983.0,37.5831,127.0009,17시,1063.0
0,20171217.0,일,창경궁로(서울여자대학교),A-06,유출,원남동사거리->성균관대입구,10983.0,37.5831,127.0009,18시,974.0
0,20171217.0,일,창경궁로(서울여자대학교),A-06,유출,원남동사거리->성균관대입구,10983.0,37.5831,127.0009,19시,974.0
0,20171217.0,일,창경궁로(서울여자대학교),A-06,유출,원남동사거리->성균관대입구,10983.0,37.5831,127.0009,20시,923.0
0,20171218.0,월,창경궁로(서울여자대학교),A-06,유출,원남동사거리->성균관대입구,9982.0,37.5831,127.0009,8시,486.0
0,20171218.0,월,창경궁로(서울여자대학교),A-06,유출,원남동사거리->성균관대입구,9982.0,37.5831,127.0009,9시,548.0
0,20171218.0,월,창경궁로(서울여자대학교),A-06,유출,원남동사거리->성균관대입구,9982.0,37.5831,127.0009,10시,591.0
0,20171218.0,월,창경궁로(서울여자대학교),A-06,유출,원남동사거리->성균관대입구,9982.0,37.5831,127.0009,11시,669.0
0,20171218.0,월,창경궁로(서울여자대학교),A-06,유출,원남동사거리->성균관대입구,9982.0,37.5831,127.0009,12시,733.0
0,20171218.0,월,창경궁로(서울여자대학교),A-06,유출,원남동사거리->성균관대입구,9982.0,37.5831,127.0009,13시,743.0
0,20171218.0,월,창경궁로(서울여자대학교),A-06,유출,원남동사거리->성균관대입구,9982.0,37.5831,127.0009,14시,810.0
0,20171218.0,월,창경궁로(서울여자대학교),A-06,유출,원남동사거리->성균관대입구,9982.0,37.5831,127.0009,15시,869.0
0,20171218.0,월,창경궁로(서울여자대학교),A-06,유출,원남동사거리->성균관대입구,9982.0,37.5831,127.0009,16시,899.0
0,20171218.0,월,창경궁로(서울여자대학교),A-06,유출,원남동사거리->성균관대입구,9982.0,37.5831,127.0009,17시,853.0
0,20171218.0,월,창경궁로(서울여자대학교),A-06,유출,원남동사거리->성균관대입구,9982.0,37.5831,127.0009,18시,986.0
0,20171218.0,월,창경궁로(서울여자대학교),A-06,유출,원남동사거리->성균관대입구,9982.0,37.5831,127.0009,19시,934.0
0,20171218.0,월,창경궁로(서울여자대학교),A-06,유출,원남동사거리->성균관대입구,9982.0,37.5831,127.0009,20시,861.0
0,20171219.0,화,창경궁로(서울여자대학교),A-06,유출,원남동사거리->성균관대입구,11633.0,37.5831,127.0009,8시,628.0
0,20171219.0,화,창경궁로(서울여자대학교),A-06,유출,원남동사거리->성균관대입구,11633.0,37.5831,127.0009,9시,740.0
0,20171219.0,화,창경궁로(서울여자대학교),A-06,유출,원남동사거리->성균관대입구,11633.0,37.5831,127.0009,10시,723.0
0,20171219.0,화,창경궁로(서울여자대학교),A-06,유출,원남동사거리->성균관대입구,11633.0,37.5831,127.0009,11시,837.0
0,20171219.0,화,창경궁로(서울여자대학교),A-06,유출,원남동사거리->성균관대입구,11633.0,37.5831,127.0009,12시,870.0
0,20171219.0,화,창경궁로(서울여자대학교),A-06,유출,원남동사거리->성균관대입구,11633.0,37.5831,127.0009,13시,884.0
0,20171219.0,화,창경궁로(서울여자대학교),A-06,유출,원남동사거리->성균관대입구,11633.0,37.5831,127.0009,14시,912.0
0,20171219.0,화,창경궁로(서울여자대학교),A-06,유출,원남동사거리->성균관대입구,11633.0,37.5831,127.0009,15시,971.0
0,20171219.0,화,창경궁로(서울여자대학교),A-06,유출,원남동사거리->성균관대입구,11633.0,37.5831,127.0009,16시,1004.0
0,20171219.0,화,창경궁로(서울여자대학교),A-06,유출,원남동사거리->성균관대입구,11633.0,37.5831,127.0009,17시,982.0
0,20171219.0,화,창경궁로(서울여자대학교),A-06,유출,원남동사거리->성균관대입구,11633.0,37.5831,127.0009,18시,1071.0
0,20171219.0,화,창경궁로(서울여자대학교),A-06,유출,원남동사거리->성균관대입구,11633.0,37.5831,127.0009,19시,984.0
0,20171219.0,화,창경궁로(서울여자대학교),A-06,유출,원남동사거리->성균관대입구,11633.0,37.5831,127.0009,20시,1027.0
0,20171220.0,수,창경궁로(서울여자대학교),A-06,유출,원남동사거리->성균관대입구,10891.0,37.5831,127.0009,8시,638.0
0,20171220.0,수,창경궁로(서울여자대학교),A-06,유출,원남동사거리->성균관대입구,10891.0,37.5831,127.0009,9시,713.0
0,20171220.0,수,창경궁로(서울여자대학교),A-06,유출,원남동사거리->성균관대입구,10891.0,37.5831,127.0009,10시,792.0
0,20171220.0,수,창경궁로(서울여자대학교),A-06,유출,원남동사거리->성균관대입구,10891.0,37.5831,127.0009,11시,793.0
0,20171220.0,수,창경궁로(서울여자대학교),A-06,유출,원남동사거리->성균관대입구,10891.0,37.5831,127.0009,12시,929.0
0,20171220.0,수,창경궁로(서울여자대학교),A-06,유출,원남동사거리->성균관대입구,10891.0,37.5831,127.0009,13시,854.0
0,20171220.0,수,창경궁로(서울여자대학교),A-06,유출,원남동사거리->성균관대입구,10891.0,37.5831,127.0009,14시,916.0
0,20171220.0,수,창경궁로(서울여자대학교),A-06,유출,원남동사거리->성균관대입구,10891.0,37.5831,127.0009,15시,948.0
0,20171220.0,수,창경궁로(서울여자대학교),A-06,유출,원남동사거리->성균관대입구,10891.0,37.5831,127.0009,16시,1043.0
0,20171220.0,수,창경궁로(서울여자대학교),A-06,유출,원남동사거리->성균관대입구,10891.0,37.5831,127.0009,17시,879.0
0,20171220.0,수,창경궁로(서울여자대학교),A-06,유출,원남동사거리->성균관대입구,10891.0,37.5831,127.0009,18시,713.0
0,20171220.0,수,창경궁로(서울여자대학교),A-06,유출,원남동사거리->성균관대입구,10891.0,37.5831,127.0009,19시,822.0
0,20171220.0,수,창경궁로(서울여자대학교),A-06,유출,원남동사거리->성균관대입구,10891.0,37.5831,127.0009,20시,851.0
0,20171221.0,목,창경궁로(서울여자대학교),A-06,유출,원남동사거리->성균관대입구,11334.0,37.5831,127.0009,8시,608.0
0,20171221.0,목,창경궁로(서울여자대학교),A-06,유출,원남동사거리->성균관대입구,11334.0,37.5831,127.0009,9시,705.0
0,20171221.0,목,창경궁로(서울여자대학교),A-06,유출,원남동사거리->성균관대입구,11334.0,37.5831,127.0009,10시,753.0
0,20171221.0,목,창경궁로(서울여자대학교),A-06,유출,원남동사거리->성균관대입구,11334.0,37.5831,127.0009,11시,810.0
0,20171221.0,목,창경궁로(서울여자대학교),A-06,유출,원남동사거리->성균관대입구,11334.0,37.5831,127.0009,12시,821.0
0,20171221.0,목,창경궁로(서울여자대학교),A-06,유출,원남동사거리->성균관대입구,11334.0,37.5831,127.0009,13시,793.0
0,20171221.0,목,창경궁로(서울여자대학교),A-06,유출,원남동사거리->성균관대입구,11334.0,37.5831,127.0009,14시,870.0
0,20171221.0,목,창경궁로(서울여자대학교),A-06,유출,원남동사거리->성균관대입구,11334.0,37.5831,127.0009,15시,1001.0
0,20171221.0,목,창경궁로(서울여자대학교),A-06,유출,원남동사거리->성균관대입구,11334.0,37.5831,127.0009,16시,897.0
0,20171221.0,목,창경궁로(서울여자대학교),A-06,유출,원남동사거리->성균관대입구,11334.0,37.5831,127.0009,17시,928.0
0,20171221.0,목,창경궁로(서울여자대학교),A-06,유출,원남동사거리->성균관대입구,11334.0,37.5831,127.0009,18시,1087.0
0,20171221.0,목,창경궁로(서울여자대학교),A-06,유출,원남동사거리->성균관대입구,11334.0,37.5831,127.0009,19시,1054.0
0,20171221.0,목,창경궁로(서울여자대학교),A-06,유출,원남동사거리->성균관대입구,11334.0,37.5831,127.0009,20시,1007.0
0,20171222.0,금,창경궁로(서울여자대학교),A-06,유출,원남동사거리->성균관대입구,11539.0,37.5831,127.0009,8시,656.0
0,20171222.0,금,창경궁로(서울여자대학교),A-06,유출,원남동사거리->성균관대입구,11539.0,37.5831,127.0009,9시,659.0
0,20171222.0,금,창경궁로(서울여자대학교),A-06,유출,원남동사거리->성균관대입구,11539.0,37.5831,127.0009,10시,775.0
0,20171222.0,금,창경궁로(서울여자대학교),A-06,유출,원남동사거리->성균관대입구,11539.0,37.5831,127.0009,11시,845.0
0,20171222.0,금,창경궁로(서울여자대학교),A-06,유출,원남동사거리->성균관대입구,11539.0,37.5831,127.0009,12시,905.0
0,20171222.0,금,창경궁로(서울여자대학교),A-06,유출,원남동사거리->성균관대입구,11539.0,37.5831,127.0009,13시,893.0
0,20171222.0,금,창경궁로(서울여자대학교),A-06,유출,원남동사거리->성균관대입구,11539.0,37.5831,127.0009,14시,972.0
0,20171222.0,금,창경궁로(서울여자대학교),A-06,유출,원남동사거리->성균관대입구,11539.0,37.5831,127.0009,15시,1044.0
0,20171222.0,금,창경궁로(서울여자대학교),A-06,유출,원남동사거리->성균관대입구,11539.0,37.5831,127.0009,16시,985.0
0,20171222.0,금,창경궁로(서울여자대학교),A-06,유출,원남동사거리->성균관대입구,11539.0,37.5831,127.0009,17시,942.0
0,20171222.0,금,창경궁로(서울여자대학교),A-06,유출,원남동사거리->성균관대입구,11539.0,37.5831,127.0009,18시,953.0
0,20171222.0,금,창경궁로(서울여자대학교),A-06,유출,원남동사거리->성균관대입구,11539.0,37.5831,127.0009,19시,992.0
0,20171222.0,금,창경궁로(서울여자대학교),A-06,유출,원남동사거리->성균관대입구,11539.0,37.5831,127.0009,20시,918.0
0,20171223.0,토,창경궁로(서울여자대학교),A-06,유출,원남동사거리->성균관대입구,10857.0,37.5831,127.0009,8시,580.0
0,20171223.0,토,창경궁로(서울여자대학교),A-06,유출,원남동사거리->성균관대입구,10857.0,37.5831,127.0009,9시,688.0
0,20171223.0,토,창경궁로(서울여자대학교),A-06,유출,원남동사거리->성균관대입구,10857.0,37.5831,127.0009,10시,805.0
0,20171223.0,토,창경궁로(서울여자대학교),A-06,유출,원남동사거리->성균관대입구,10857.0,37.5831,127.0009,11시,758.0
0,20171223.0,토,창경궁로(서울여자대학교),A-06,유출,원남동사거리->성균관대입구,10857.0,37.5831,127.0009,12시,856.0
0,20171223.0,토,창경궁로(서울여자대학교),A-06,유출,원남동사거리->성균관대입구,10857.0,37.5831,127.0009,13시,948.0
0,20171223.0,토,창경궁로(서울여자대학교),A-06,유출,원남동사거리->성균관대입구,10857.0,37.5831,127.0009,14시,985.0
0,20171223.0,토,창경궁로(서울여자대학교),A-06,유출,원남동사거리->성균관대입구,10857.0,37.5831,127.0009,15시,943.0
0,20171223.0,토,창경궁로(서울여자대학교),A-06,유출,원남동사거리->성균관대입구,10857.0,37.5831,127.0009,16시,740.0
0,20171223.0,토,창경궁로(서울여자대학교),A-06,유출,원남동사거리->성균관대입구,10857.0,37.5831,127.0009,17시,782.0
0,20171223.0,토,창경궁로(서울여자대학교),A-06,유출,원남동사거리->성균관대입구,10857.0,37.5831,127.0009,18시,896.0
0,20171223.0,토,창경궁로(서울여자대학교),A-06,유출,원남동사거리->성균관대입구,10857.0,37.5831,127.0009,19시,928.0
0,20171223.0,토,창경궁로(서울여자대학교),A-06,유출,원남동사거리->성균관대입구,10857.0,37.5831,127.0009,20시,948.0
0,20171224.0,일,창경궁로(서울여자대학교),A-06,유출,원남동사거리->성균관대입구,10437.0,37.5831,127.0009,8시,362.0
0,20171224.0,일,창경궁로(서울여자대학교),A-06,유출,원남동사거리->성균관대입구,10437.0,37.5831,127.0009,9시,488.0
0,20171224.0,일,창경궁로(서울여자대학교),A-06,유출,원남동사거리->성균관대입구,10437.0,37.5831,127.0009,10시,594.0
0,20171224.0,일,창경궁로(서울여자대학교),A-06,유출,원남동사거리->성균관대입구,10437.0,37.5831,127.0009,11시,651.0
0,20171224.0,일,창경궁로(서울여자대학교),A-06,유출,원남동사거리->성균관대입구,10437.0,37.5831,127.0009,12시,797.0
0,20171224.0,일,창경궁로(서울여자대학교),A-06,유출,원남동사거리->성균관대입구,10437.0,37.5831,127.0009,13시,883.0
0,20171224.0,일,창경궁로(서울여자대학교),A-06,유출,원남동사거리->성균관대입구,10437.0,37.5831,127.0009,14시,945.0
0,20171224.0,일,창경궁로(서울여자대학교),A-06,유출,원남동사거리->성균관대입구,10437.0,37.5831,127.0009,15시,907.0
0,20171224.0,일,창경궁로(서울여자대학교),A-06,유출,원남동사거리->성균관대입구,10437.0,37.5831,127.0009,16시,1022.0
0,20171224.0,일,창경궁로(서울여자대학교),A-06,유출,원남동사거리->성균관대입구,10437.0,37.5831,127.0009,17시,1040.0
0,20171224.0,일,창경궁로(서울여자대학교),A-06,유출,원남동사거리->성균관대입구,10437.0,37.5831,127.0009,18시,989.0
0,20171224.0,일,창경궁로(서울여자대학교),A-06,유출,원남동사거리->성균관대입구,10437.0,37.5831,127.0009,19시,856.0
0,20171224.0,일,창경궁로(서울여자대학교),A-06,유출,원남동사거리->성균관대입구,10437.0,37.5831,127.0009,20시,903.0
0,20171225.0,월,창경궁로(서울여자대학교),A-06,유출,원남동사거리->성균관대입구,10234.0,37.5831,127.0009,8시,377.0
0,20171225.0,월,창경궁로(서울여자대학교),A-06,유출,원남동사거리->성균관대입구,10234.0,37.5831,127.0009,9시,494.0
0,20171225.0,월,창경궁로(서울여자대학교),A-06,유출,원남동사거리->성균관대입구,10234.0,37.5831,127.0009,10시,618.0
0,20171225.0,월,창경궁로(서울여자대학교),A-06,유출,원남동사거리->성균관대입구,10234.0,37.5831,127.0009,11시,647.0
0,20171225.0,월,창경궁로(서울여자대학교),A-06,유출,원남동사거리->성균관대입구,10234.0,37.5831,127.0009,12시,762.0
0,20171225.0,월,창경궁로(서울여자대학교),A-06,유출,원남동사거리->성균관대입구,10234.0,37.5831,127.0009,13시,809.0
0,20171225.0,월,창경궁로(서울여자대학교),A-06,유출,원남동사거리->성균관대입구,10234.0,37.5831,127.0009,14시,916.0
0,20171225.0,월,창경궁로(서울여자대학교),A-06,유출,원남동사거리->성균관대입구,10234.0,37.5831,127.0009,15시,970.0
0,20171225.0,월,창경궁로(서울여자대학교),A-06,유출,원남동사거리->성균관대입구,10234.0,37.5831,127.0009,16시,953.0
0,20171225.0,월,창경궁로(서울여자대학교),A-06,유출,원남동사거리->성균관대입구,10234.0,37.5831,127.0009,17시,984.0
0,20171225.0,월,창경궁로(서울여자대학교),A-06,유출,원남동사거리->성균관대입구,10234.0,37.5831,127.0009,18시,982.0
0,20171225.0,월,창경궁로(서울여자대학교),A-06,유출,원남동사거리->성균관대입구,10234.0,37.5831,127.0009,19시,885.0
0,20171225.0,월,창경궁로(서울여자대학교),A-06,유출,원남동사거리->성균관대입구,10234.0,37.5831,127.0009,20시,837.0
0,20171226.0,화,창경궁로(서울여자대학교),A-06,유출,원남동사거리->성균관대입구,11869.0,37.5831,127.0009,8시,571.0
0,20171226.0,화,창경궁로(서울여자대학교),A-06,유출,원남동사거리->성균관대입구,11869.0,37.5831,127.0009,9시,714.0
0,20171226.0,화,창경궁로(서울여자대학교),A-06,유출,원남동사거리->성균관대입구,11869.0,37.5831,127.0009,10시,760.0
0,20171226.0,화,창경궁로(서울여자대학교),A-06,유출,원남동사거리->성균관대입구,11869.0,37.5831,127.0009,11시,845.0
0,20171226.0,화,창경궁로(서울여자대학교),A-06,유출,원남동사거리->성균관대입구,11869.0,37.5831,127.0009,12시,898.0
0,20171226.0,화,창경궁로(서울여자대학교),A-06,유출,원남동사거리->성균관대입구,11869.0,37.5831,127.0009,13시,866.0
0,20171226.0,화,창경궁로(서울여자대학교),A-06,유출,원남동사거리->성균관대입구,11869.0,37.5831,127.0009,14시,934.0
0,20171226.0,화,창경궁로(서울여자대학교),A-06,유출,원남동사거리->성균관대입구,11869.0,37.5831,127.0009,15시,967.0
0,20171226.0,화,창경궁로(서울여자대학교),A-06,유출,원남동사거리->성균관대입구,11869.0,37.5831,127.0009,16시,1066.0
0,20171226.0,화,창경궁로(서울여자대학교),A-06,유출,원남동사거리->성균관대입구,11869.0,37.5831,127.0009,17시,1000.0
0,20171226.0,화,창경궁로(서울여자대학교),A-06,유출,원남동사거리->성균관대입구,11869.0,37.5831,127.0009,18시,1109.0
0,20171226.0,화,창경궁로(서울여자대학교),A-06,유출,원남동사거리->성균관대입구,11869.0,37.5831,127.0009,19시,1094.0
0,20171226.0,화,창경궁로(서울여자대학교),A-06,유출,원남동사거리->성균관대입구,11869.0,37.5831,127.0009,20시,1045.0
0,20171227.0,수,창경궁로(서울여자대학교),A-06,유출,원남동사거리->성균관대입구,11703.0,37.5831,127.0009,8시,645.0
0,20171227.0,수,창경궁로(서울여자대학교),A-06,유출,원남동사거리->성균관대입구,11703.0,37.5831,127.0009,9시,683.0
0,20171227.0,수,창경궁로(서울여자대학교),A-06,유출,원남동사거리->성균관대입구,11703.0,37.5831,127.0009,10시,768.0
0,20171227.0,수,창경궁로(서울여자대학교),A-06,유출,원남동사거리->성균관대입구,11703.0,37.5831,127.0009,11시,892.0
0,20171227.0,수,창경궁로(서울여자대학교),A-06,유출,원남동사거리->성균관대입구,11703.0,37.5831,127.0009,12시,785.0
0,20171227.0,수,창경궁로(서울여자대학교),A-06,유출,원남동사거리->성균관대입구,11703.0,37.5831,127.0009,13시,828.0
0,20171227.0,수,창경궁로(서울여자대학교),A-06,유출,원남동사거리->성균관대입구,11703.0,37.5831,127.0009,14시,938.0
0,20171227.0,수,창경궁로(서울여자대학교),A-06,유출,원남동사거리->성균관대입구,11703.0,37.5831,127.0009,15시,989.0
0,20171227.0,수,창경궁로(서울여자대학교),A-06,유출,원남동사거리->성균관대입구,11703.0,37.5831,127.0009,16시,1081.0
0,20171227.0,수,창경궁로(서울여자대학교),A-06,유출,원남동사거리->성균관대입구,11703.0,37.5831,127.0009,17시,981.0
0,20171227.0,수,창경궁로(서울여자대학교),A-06,유출,원남동사거리->성균관대입구,11703.0,37.5831,127.0009,18시,1006.0
0,20171227.0,수,창경궁로(서울여자대학교),A-06,유출,원남동사거리->성균관대입구,11703.0,37.5831,127.0009,19시,1102.0
0,20171227.0,수,창경궁로(서울여자대학교),A-06,유출,원남동사거리->성균관대입구,11703.0,37.5831,127.0009,20시,1005.0
0,20171228.0,목,창경궁로(서울여자대학교),A-06,유출,원남동사거리->성균관대입구,11466.0,37.5831,127.0009,8시,650.0
0,20171228.0,목,창경궁로(서울여자대학교),A-06,유출,원남동사거리->성균관대입구,11466.0,37.5831,127.0009,9시,725.0
0,20171228.0,목,창경궁로(서울여자대학교),A-06,유출,원남동사거리->성균관대입구,11466.0,37.5831,127.0009,10시,747.0
0,20171228.0,목,창경궁로(서울여자대학교),A-06,유출,원남동사거리->성균관대입구,11466.0,37.5831,127.0009,11시,849.0
0,20171228.0,목,창경궁로(서울여자대학교),A-06,유출,원남동사거리->성균관대입구,11466.0,37.5831,127.0009,12시,830.0
0,20171228.0,목,창경궁로(서울여자대학교),A-06,유출,원남동사거리->성균관대입구,11466.0,37.5831,127.0009,13시,743.0
0,20171228.0,목,창경궁로(서울여자대학교),A-06,유출,원남동사거리->성균관대입구,11466.0,37.5831,127.0009,14시,824.0
0,20171228.0,목,창경궁로(서울여자대학교),A-06,유출,원남동사거리->성균관대입구,11466.0,37.5831,127.0009,15시,1008.0
0,20171228.0,목,창경궁로(서울여자대학교),A-06,유출,원남동사거리->성균관대입구,11466.0,37.5831,127.0009,16시,1033.0
0,20171228.0,목,창경궁로(서울여자대학교),A-06,유출,원남동사거리->성균관대입구,11466.0,37.5831,127.0009,17시,914.0
0,20171228.0,목,창경궁로(서울여자대학교),A-06,유출,원남동사거리->성균관대입구,11466.0,37.5831,127.0009,18시,1028.0
0,20171228.0,목,창경궁로(서울여자대학교),A-06,유출,원남동사거리->성균관대입구,11466.0,37.5831,127.0009,19시,1081.0
0,20171228.0,목,창경궁로(서울여자대학교),A-06,유출,원남동사거리->성균관대입구,11466.0,37.5831,127.0009,20시,1034.0
0,20171229.0,금,창경궁로(서울여자대학교),A-06,유출,원남동사거리->성균관대입구,11914.0,37.5831,127.0009,8시,620.0
0,20171229.0,금,창경궁로(서울여자대학교),A-06,유출,원남동사거리->성균관대입구,11914.0,37.5831,127.0009,9시,737.0
0,20171229.0,금,창경궁로(서울여자대학교),A-06,유출,원남동사거리->성균관대입구,11914.0,37.5831,127.0009,10시,783.0
0,20171229.0,금,창경궁로(서울여자대학교),A-06,유출,원남동사거리->성균관대입구,11914.0,37.5831,127.0009,11시,869.0
0,20171229.0,금,창경궁로(서울여자대학교),A-06,유출,원남동사거리->성균관대입구,11914.0,37.5831,127.0009,12시,883.0
0,20171229.0,금,창경궁로(서울여자대학교),A-06,유출,원남동사거리->성균관대입구,11914.0,37.5831,127.0009,13시,915.0
0,20171229.0,금,창경궁로(서울여자대학교),A-06,유출,원남동사거리->성균관대입구,11914.0,37.5831,127.0009,14시,971.0
0,20171229.0,금,창경궁로(서울여자대학교),A-06,유출,원남동사거리->성균관대입구,11914.0,37.5831,127.0009,15시,975.0
0,20171229.0,금,창경궁로(서울여자대학교),A-06,유출,원남동사거리->성균관대입구,11914.0,37.5831,127.0009,16시,1024.0
0,20171229.0,금,창경궁로(서울여자대학교),A-06,유출,원남동사거리->성균관대입구,11914.0,37.5831,127.0009,17시,943.0
0,20171229.0,금,창경궁로(서울여자대학교),A-06,유출,원남동사거리->성균관대입구,11914.0,37.5831,127.0009,18시,1088.0
0,20171229.0,금,창경궁로(서울여자대학교),A-06,유출,원남동사거리->성균관대입구,11914.0,37.5831,127.0009,19시,1083.0
0,20171229.0,금,창경궁로(서울여자대학교),A-06,유출,원남동사거리->성균관대입구,11914.0,37.5831,127.0009,20시,1023.0
0,20171230.0,토,창경궁로(서울여자대학교),A-06,유출,원남동사거리->성균관대입구,10921.0,37.5831,127.0009,8시,533.0
0,20171230.0,토,창경궁로(서울여자대학교),A-06,유출,원남동사거리->성균관대입구,10921.0,37.5831,127.0009,9시,669.0
0,20171230.0,토,창경궁로(서울여자대학교),A-06,유출,원남동사거리->성균관대입구,10921.0,37.5831,127.0009,10시,720.0
0,20171230.0,토,창경궁로(서울여자대학교),A-06,유출,원남동사거리->성균관대입구,10921.0,37.5831,127.0009,11시,777.0
0,20171230.0,토,창경궁로(서울여자대학교),A-06,유출,원남동사거리->성균관대입구,10921.0,37.5831,127.0009,12시,817.0
0,20171230.0,토,창경궁로(서울여자대학교),A-06,유출,원남동사거리->성균관대입구,10921.0,37.5831,127.0009,13시,953.0
0,20171230.0,토,창경궁로(서울여자대학교),A-06,유출,원남동사거리->성균관대입구,10921.0,37.5831,127.0009,14시,992.0
0,20171230.0,토,창경궁로(서울여자대학교),A-06,유출,원남동사거리->성균관대입구,10921.0,37.5831,127.0009,15시,812.0
0,20171230.0,토,창경궁로(서울여자대학교),A-06,유출,원남동사거리->성균관대입구,10921.0,37.5831,127.0009,16시,976.0
0,20171230.0,토,창경궁로(서울여자대학교),A-06,유출,원남동사거리->성균관대입구,10921.0,37.5831,127.0009,17시,989.0
0,20171230.0,토,창경궁로(서울여자대학교),A-06,유출,원남동사거리->성균관대입구,10921.0,37.5831,127.0009,18시,915.0
0,20171230.0,토,창경궁로(서울여자대학교),A-06,유출,원남동사거리->성균관대입구,10921.0,37.5831,127.0009,19시,906.0
0,20171230.0,토,창경궁로(서울여자대학교),A-06,유출,원남동사거리->성균관대입구,10921.0,37.5831,127.0009,20시,862.0
0,20171231.0,일,창경궁로(서울여자대학교),A-06,유출,원남동사거리->성균관대입구,9859.0,37.5831,127.0009,8시,360.0
0,20171231.0,일,창경궁로(서울여자대학교),A-06,유출,원남동사거리->성균관대입구,9859.0,37.5831,127.0009,9시,474.0
0,20171231.0,일,창경궁로(서울여자대학교),A-06,유출,원남동사거리->성균관대입구,9859.0,37.5831,127.0009,10시,582.0
0,20171231.0,일,창경궁로(서울여자대학교),A-06,유출,원남동사거리->성균관대입구,9859.0,37.5831,127.0009,11시,620.0
0,20171231.0,일,창경궁로(서울여자대학교),A-06,유출,원남동사거리->성균관대입구,9859.0,37.5831,127.0009,12시,712.0
0,20171231.0,일,창경궁로(서울여자대학교),A-06,유출,원남동사거리->성균관대입구,9859.0,37.5831,127.0009,13시,869.0
0,20171231.0,일,창경궁로(서울여자대학교),A-06,유출,원남동사거리->성균관대입구,9859.0,37.5831,127.0009,14시,968.0
0,20171231.0,일,창경궁로(서울여자대학교),A-06,유출,원남동사거리->성균관대입구,9859.0,37.5831,127.0009,15시,921.0
0,20171231.0,일,창경궁로(서울여자대학교),A-06,유출,원남동사거리->성균관대입구,9859.0,37.5831,127.0009,16시,961.0
0,20171231.0,일,창경궁로(서울여자대학교),A-06,유출,원남동사거리->성균관대입구,9859.0,37.5831,127.0009,17시,903.0
0,20171231.0,일,창경궁로(서울여자대학교),A-06,유출,원남동사거리->성균관대입구,9859.0,37.5831,127.0009,18시,919.0
0,20171231.0,일,창경궁로(서울여자대학교),A-06,유출,원남동사거리->성균관대입구,9859.0,37.5831,127.0009,19시,817.0
0,20171231.0,일,창경궁로(서울여자대학교),A-06,유출,원남동사거리->성균관대입구,9859.0,37.5831,127.0009,20시,753.0
0,20180101.0,월,창경궁로(서울여자대학교),A-06,유입,성균관대입구->원남동사거리,14929.0,37.5831,127.0009,8시,820.0
0,20180101.0,월,창경궁로(서울여자대학교),A-06,유입,성균관대입구->원남동사거리,14929.0,37.5831,127.0009,9시,806.0
0,20180101.0,월,창경궁로(서울여자대학교),A-06,유입,성균관대입구->원남동사거리,14929.0,37.5831,127.0009,10시,1067.0
0,20180101.0,월,창경궁로(서울여자대학교),A-06,유입,성균관대입구->원남동사거리,14929.0,37.5831,127.0009,11시,1296.0
0,20180101.0,월,창경궁로(서울여자대학교),A-06,유입,성균관대입구->원남동사거리,14929.0,37.5831,127.0009,12시,1267.0
0,20180101.0,월,창경궁로(서울여자대학교),A-06,유입,성균관대입구->원남동사거리,14929.0,37.5831,127.0009,13시,1345.0
0,20180101.0,월,창경궁로(서울여자대학교),A-06,유입,성균관대입구->원남동사거리,14929.0,37.5831,127.0009,14시,1365.0
0,20180101.0,월,창경궁로(서울여자대학교),A-06,유입,성균관대입구->원남동사거리,14929.0,37.5831,127.0009,15시,1426.0
0,20180101.0,월,창경궁로(서울여자대학교),A-06,유입,성균관대입구->원남동사거리,14929.0,37.5831,127.0009,16시,1343.0
0,20180101.0,월,창경궁로(서울여자대학교),A-06,유입,성균관대입구->원남동사거리,14929.0,37.5831,127.0009,17시,1249.0
0,20180101.0,월,창경궁로(서울여자대학교),A-06,유입,성균관대입구->원남동사거리,14929.0,37.5831,127.0009,18시,1055.0
0,20180101.0,월,창경궁로(서울여자대학교),A-06,유입,성균관대입구->원남동사거리,14929.0,37.5831,127.0009,19시,915.0
0,20180101.0,월,창경궁로(서울여자대학교),A-06,유입,성균관대입구->원남동사거리,14929.0,37.5831,127.0009,20시,975.0
0,20180102.0,화,창경궁로(서울여자대학교),A-06,유입,성균관대입구->원남동사거리,15998.0,37.5831,127.0009,8시,2176.0
0,20180102.0,화,창경궁로(서울여자대학교),A-06,유입,성균관대입구->원남동사거리,15998.0,37.5831,127.0009,9시,1713.0
0,20180102.0,화,창경궁로(서울여자대학교),A-06,유입,성균관대입구->원남동사거리,15998.0,37.5831,127.0009,10시,1395.0
0,20180102.0,화,창경궁로(서울여자대학교),A-06,유입,성균관대입구->원남동사거리,15998.0,37.5831,127.0009,11시,1288.0
0,20180102.0,화,창경궁로(서울여자대학교),A-06,유입,성균관대입구->원남동사거리,15998.0,37.5831,127.0009,12시,1175.0
0,20180102.0,화,창경궁로(서울여자대학교),A-06,유입,성균관대입구->원남동사거리,15998.0,37.5831,127.0009,13시,1251.0
0,20180102.0,화,창경궁로(서울여자대학교),A-06,유입,성균관대입구->원남동사거리,15998.0,37.5831,127.0009,14시,1215.0
0,20180102.0,화,창경궁로(서울여자대학교),A-06,유입,성균관대입구->원남동사거리,15998.0,37.5831,127.0009,15시,1117.0
0,20180102.0,화,창경궁로(서울여자대학교),A-06,유입,성균관대입구->원남동사거리,15998.0,37.5831,127.0009,16시,1067.0
0,20180102.0,화,창경궁로(서울여자대학교),A-06,유입,성균관대입구->원남동사거리,15998.0,37.5831,127.0009,17시,1026.0
0,20180102.0,화,창경궁로(서울여자대학교),A-06,유입,성균관대입구->원남동사거리,15998.0,37.5831,127.0009,18시,931.0
0,20180102.0,화,창경궁로(서울여자대학교),A-06,유입,성균관대입구->원남동사거리,15998.0,37.5831,127.0009,19시,798.0
0,20180102.0,화,창경궁로(서울여자대학교),A-06,유입,성균관대입구->원남동사거리,15998.0,37.5831,127.0009,20시,846.0
0,20180103.0,수,창경궁로(서울여자대학교),A-06,유입,성균관대입구->원남동사거리,16548.0,37.5831,127.0009,8시,2172.0
0,20180103.0,수,창경궁로(서울여자대학교),A-06,유입,성균관대입구->원남동사거리,16548.0,37.5831,127.0009,9시,1798.0
0,20180103.0,수,창경궁로(서울여자대학교),A-06,유입,성균관대입구->원남동사거리,16548.0,37.5831,127.0009,10시,1466.0
0,20180103.0,수,창경궁로(서울여자대학교),A-06,유입,성균관대입구->원남동사거리,16548.0,37.5831,127.0009,11시,1361.0
0,20180103.0,수,창경궁로(서울여자대학교),A-06,유입,성균관대입구->원남동사거리,16548.0,37.5831,127.0009,12시,1324.0
0,20180103.0,수,창경궁로(서울여자대학교),A-06,유입,성균관대입구->원남동사거리,16548.0,37.5831,127.0009,13시,1337.0
0,20180103.0,수,창경궁로(서울여자대학교),A-06,유입,성균관대입구->원남동사거리,16548.0,37.5831,127.0009,14시,1270.0
0,20180103.0,수,창경궁로(서울여자대학교),A-06,유입,성균관대입구->원남동사거리,16548.0,37.5831,127.0009,15시,1211.0
0,20180103.0,수,창경궁로(서울여자대학교),A-06,유입,성균관대입구->원남동사거리,16548.0,37.5831,127.0009,16시,1061.0
0,20180103.0,수,창경궁로(서울여자대학교),A-06,유입,성균관대입구->원남동사거리,16548.0,37.5831,127.0009,17시,953.0
0,20180103.0,수,창경궁로(서울여자대학교),A-06,유입,성균관대입구->원남동사거리,16548.0,37.5831,127.0009,18시,903.0
0,20180103.0,수,창경궁로(서울여자대학교),A-06,유입,성균관대입구->원남동사거리,16548.0,37.5831,127.0009,19시,814.0
0,20180103.0,수,창경궁로(서울여자대학교),A-06,유입,성균관대입구->원남동사거리,16548.0,37.5831,127.0009,20시,878.0
0,20180104.0,목,창경궁로(서울여자대학교),A-06,유입,성균관대입구->원남동사거리,16831.0,37.5831,127.0009,8시,2267.0
0,20180104.0,목,창경궁로(서울여자대학교),A-06,유입,성균관대입구->원남동사거리,16831.0,37.5831,127.0009,9시,1763.0
0,20180104.0,목,창경궁로(서울여자대학교),A-06,유입,성균관대입구->원남동사거리,16831.0,37.5831,127.0009,10시,1511.0
0,20180104.0,목,창경궁로(서울여자대학교),A-06,유입,성균관대입구->원남동사거리,16831.0,37.5831,127.0009,11시,1372.0
0,20180104.0,목,창경궁로(서울여자대학교),A-06,유입,성균관대입구->원남동사거리,16831.0,37.5831,127.0009,12시,1301.0
0,20180104.0,목,창경궁로(서울여자대학교),A-06,유입,성균관대입구->원남동사거리,16831.0,37.5831,127.0009,13시,1317.0
0,20180104.0,목,창경궁로(서울여자대학교),A-06,유입,성균관대입구->원남동사거리,16831.0,37.5831,127.0009,14시,1308.0
0,20180104.0,목,창경궁로(서울여자대학교),A-06,유입,성균관대입구->원남동사거리,16831.0,37.5831,127.0009,15시,1191.0
0,20180104.0,목,창경궁로(서울여자대학교),A-06,유입,성균관대입구->원남동사거리,16831.0,37.5831,127.0009,16시,1103.0
0,20180104.0,목,창경궁로(서울여자대학교),A-06,유입,성균관대입구->원남동사거리,16831.0,37.5831,127.0009,17시,1058.0
0,20180104.0,목,창경궁로(서울여자대학교),A-06,유입,성균관대입구->원남동사거리,16831.0,37.5831,127.0009,18시,959.0
0,20180104.0,목,창경궁로(서울여자대학교),A-06,유입,성균관대입구->원남동사거리,16831.0,37.5831,127.0009,19시,815.0
0,20180104.0,목,창경궁로(서울여자대학교),A-06,유입,성균관대입구->원남동사거리,16831.0,37.5831,127.0009,20시,866.0
0,20180105.0,금,창경궁로(서울여자대학교),A-06,유입,성균관대입구->원남동사거리,17279.0,37.5831,127.0009,8시,2252.0
0,20180105.0,금,창경궁로(서울여자대학교),A-06,유입,성균관대입구->원남동사거리,17279.0,37.5831,127.0009,9시,1825.0
0,20180105.0,금,창경궁로(서울여자대학교),A-06,유입,성균관대입구->원남동사거리,17279.0,37.5831,127.0009,10시,1505.0
0,20180105.0,금,창경궁로(서울여자대학교),A-06,유입,성균관대입구->원남동사거리,17279.0,37.5831,127.0009,11시,1456.0
0,20180105.0,금,창경궁로(서울여자대학교),A-06,유입,성균관대입구->원남동사거리,17279.0,37.5831,127.0009,12시,1358.0
0,20180105.0,금,창경궁로(서울여자대학교),A-06,유입,성균관대입구->원남동사거리,17279.0,37.5831,127.0009,13시,1339.0
0,20180105.0,금,창경궁로(서울여자대학교),A-06,유입,성균관대입구->원남동사거리,17279.0,37.5831,127.0009,14시,1295.0
0,20180105.0,금,창경궁로(서울여자대학교),A-06,유입,성균관대입구->원남동사거리,17279.0,37.5831,127.0009,15시,1285.0
0,20180105.0,금,창경궁로(서울여자대학교),A-06,유입,성균관대입구->원남동사거리,17279.0,37.5831,127.0009,16시,1059.0
0,20180105.0,금,창경궁로(서울여자대학교),A-06,유입,성균관대입구->원남동사거리,17279.0,37.5831,127.0009,17시,1051.0
0,20180105.0,금,창경궁로(서울여자대학교),A-06,유입,성균관대입구->원남동사거리,17279.0,37.5831,127.0009,18시,1105.0
0,20180105.0,금,창경궁로(서울여자대학교),A-06,유입,성균관대입구->원남동사거리,17279.0,37.5831,127.0009,19시,864.0
0,20180105.0,금,창경궁로(서울여자대학교),A-06,유입,성균관대입구->원남동사거리,17279.0,37.5831,127.0009,20시,885.0
0,20180106.0,토,창경궁로(서울여자대학교),A-06,유입,성균관대입구->원남동사거리,17335.0,37.5831,127.0009,8시,1520.0
0,20180106.0,토,창경궁로(서울여자대학교),A-06,유입,성균관대입구->원남동사거리,17335.0,37.5831,127.0009,9시,1499.0
0,20180106.0,토,창경궁로(서울여자대학교),A-06,유입,성균관대입구->원남동사거리,17335.0,37.5831,127.0009,10시,1540.0
0,20180106.0,토,창경궁로(서울여자대학교),A-06,유입,성균관대입구->원남동사거리,17335.0,37.5831,127.0009,11시,1496.0
0,20180106.0,토,창경궁로(서울여자대학교),A-06,유입,성균관대입구->원남동사거리,17335.0,37.5831,127.0009,12시,1430.0
0,20180106.0,토,창경궁로(서울여자대학교),A-06,유입,성균관대입구->원남동사거리,17335.0,37.5831,127.0009,13시,1382.0
0,20180106.0,토,창경궁로(서울여자대학교),A-06,유입,성균관대입구->원남동사거리,17335.0,37.5831,127.0009,14시,1427.0
0,20180106.0,토,창경궁로(서울여자대학교),A-06,유입,성균관대입구->원남동사거리,17335.0,37.5831,127.0009,15시,1386.0
0,20180106.0,토,창경궁로(서울여자대학교),A-06,유입,성균관대입구->원남동사거리,17335.0,37.5831,127.0009,16시,1235.0
0,20180106.0,토,창경궁로(서울여자대학교),A-06,유입,성균관대입구->원남동사거리,17335.0,37.5831,127.0009,17시,1365.0
0,20180106.0,토,창경궁로(서울여자대학교),A-06,유입,성균관대입구->원남동사거리,17335.0,37.5831,127.0009,18시,1075.0
0,20180106.0,토,창경궁로(서울여자대학교),A-06,유입,성균관대입구->원남동사거리,17335.0,37.5831,127.0009,19시,979.0
0,20180106.0,토,창경궁로(서울여자대학교),A-06,유입,성균관대입구->원남동사거리,17335.0,37.5831,127.0009,20시,1001.0
0,20180107.0,일,창경궁로(서울여자대학교),A-06,유입,성균관대입구->원남동사거리,15603.0,37.5831,127.0009,8시,929.0
0,20180107.0,일,창경궁로(서울여자대학교),A-06,유입,성균관대입구->원남동사거리,15603.0,37.5831,127.0009,9시,1233.0
0,20180107.0,일,창경궁로(서울여자대학교),A-06,유입,성균관대입구->원남동사거리,15603.0,37.5831,127.0009,10시,1298.0
0,20180107.0,일,창경궁로(서울여자대학교),A-06,유입,성균관대입구->원남동사거리,15603.0,37.5831,127.0009,11시,1364.0
0,20180107.0,일,창경궁로(서울여자대학교),A-06,유입,성균관대입구->원남동사거리,15603.0,37.5831,127.0009,12시,1433.0
0,20180107.0,일,창경궁로(서울여자대학교),A-06,유입,성균관대입구->원남동사거리,15603.0,37.5831,127.0009,13시,1404.0
0,20180107.0,일,창경궁로(서울여자대학교),A-06,유입,성균관대입구->원남동사거리,15603.0,37.5831,127.0009,14시,1424.0
0,20180107.0,일,창경궁로(서울여자대학교),A-06,유입,성균관대입구->원남동사거리,15603.0,37.5831,127.0009,15시,1280.0
0,20180107.0,일,창경궁로(서울여자대학교),A-06,유입,성균관대입구->원남동사거리,15603.0,37.5831,127.0009,16시,1233.0
0,20180107.0,일,창경궁로(서울여자대학교),A-06,유입,성균관대입구->원남동사거리,15603.0,37.5831,127.0009,17시,1210.0
0,20180107.0,일,창경궁로(서울여자대학교),A-06,유입,성균관대입구->원남동사거리,15603.0,37.5831,127.0009,18시,931.0
0,20180107.0,일,창경궁로(서울여자대학교),A-06,유입,성균관대입구->원남동사거리,15603.0,37.5831,127.0009,19시,884.0
0,20180107.0,일,창경궁로(서울여자대학교),A-06,유입,성균관대입구->원남동사거리,15603.0,37.5831,127.0009,20시,980.0
0,20180108.0,월,창경궁로(서울여자대학교),A-06,유입,성균관대입구->원남동사거리,16279.0,37.5831,127.0009,8시,2190.0
0,20180108.0,월,창경궁로(서울여자대학교),A-06,유입,성균관대입구->원남동사거리,16279.0,37.5831,127.0009,9시,1773.0
0,20180108.0,월,창경궁로(서울여자대학교),A-06,유입,성균관대입구->원남동사거리,16279.0,37.5831,127.0009,10시,1377.0
0,20180108.0,월,창경궁로(서울여자대학교),A-06,유입,성균관대입구->원남동사거리,16279.0,37.5831,127.0009,11시,1335.0
0,20180108.0,월,창경궁로(서울여자대학교),A-06,유입,성균관대입구->원남동사거리,16279.0,37.5831,127.0009,12시,1274.0
0,20180108.0,월,창경궁로(서울여자대학교),A-06,유입,성균관대입구->원남동사거리,16279.0,37.5831,127.0009,13시,1304.0
0,20180108.0,월,창경궁로(서울여자대학교),A-06,유입,성균관대입구->원남동사거리,16279.0,37.5831,127.0009,14시,1251.0
0,20180108.0,월,창경궁로(서울여자대학교),A-06,유입,성균관대입구->원남동사거리,16279.0,37.5831,127.0009,15시,1164.0
0,20180108.0,월,창경궁로(서울여자대학교),A-06,유입,성균관대입구->원남동사거리,16279.0,37.5831,127.0009,16시,1083.0
0,20180108.0,월,창경궁로(서울여자대학교),A-06,유입,성균관대입구->원남동사거리,16279.0,37.5831,127.0009,17시,1046.0
0,20180108.0,월,창경궁로(서울여자대학교),A-06,유입,성균관대입구->원남동사거리,16279.0,37.5831,127.0009,18시,912.0
0,20180108.0,월,창경궁로(서울여자대학교),A-06,유입,성균관대입구->원남동사거리,16279.0,37.5831,127.0009,19시,761.0
0,20180108.0,월,창경궁로(서울여자대학교),A-06,유입,성균관대입구->원남동사거리,16279.0,37.5831,127.0009,20시,809.0
0,20180109.0,화,창경궁로(서울여자대학교),A-06,유입,성균관대입구->원남동사거리,16461.0,37.5831,127.0009,8시,2209.0
0,20180109.0,화,창경궁로(서울여자대학교),A-06,유입,성균관대입구->원남동사거리,16461.0,37.5831,127.0009,9시,1737.0
0,20180109.0,화,창경궁로(서울여자대학교),A-06,유입,성균관대입구->원남동사거리,16461.0,37.5831,127.0009,10시,1462.0
0,20180109.0,화,창경궁로(서울여자대학교),A-06,유입,성균관대입구->원남동사거리,16461.0,37.5831,127.0009,11시,1355.0
0,20180109.0,화,창경궁로(서울여자대학교),A-06,유입,성균관대입구->원남동사거리,16461.0,37.5831,127.0009,12시,1258.0
0,20180109.0,화,창경궁로(서울여자대학교),A-06,유입,성균관대입구->원남동사거리,16461.0,37.5831,127.0009,13시,1334.0
0,20180109.0,화,창경궁로(서울여자대학교),A-06,유입,성균관대입구->원남동사거리,16461.0,37.5831,127.0009,14시,1131.0
0,20180109.0,화,창경궁로(서울여자대학교),A-06,유입,성균관대입구->원남동사거리,16461.0,37.5831,127.0009,15시,1197.0
0,20180109.0,화,창경궁로(서울여자대학교),A-06,유입,성균관대입구->원남동사거리,16461.0,37.5831,127.0009,16시,1086.0
0,20180109.0,화,창경궁로(서울여자대학교),A-06,유입,성균관대입구->원남동사거리,16461.0,37.5831,127.0009,17시,1063.0
0,20180109.0,화,창경궁로(서울여자대학교),A-06,유입,성균관대입구->원남동사거리,16461.0,37.5831,127.0009,18시,971.0
0,20180109.0,화,창경궁로(서울여자대학교),A-06,유입,성균관대입구->원남동사거리,16461.0,37.5831,127.0009,19시,832.0
0,20180109.0,화,창경궁로(서울여자대학교),A-06,유입,성균관대입구->원남동사거리,16461.0,37.5831,127.0009,20시,826.0
0,20180110.0,수,창경궁로(서울여자대학교),A-06,유입,성균관대입구->원남동사거리,16630.0,37.5831,127.0009,8시,2215.0
0,20180110.0,수,창경궁로(서울여자대학교),A-06,유입,성균관대입구->원남동사거리,16630.0,37.5831,127.0009,9시,1817.0
0,20180110.0,수,창경궁로(서울여자대학교),A-06,유입,성균관대입구->원남동사거리,16630.0,37.5831,127.0009,10시,1462.0
0,20180110.0,수,창경궁로(서울여자대학교),A-06,유입,성균관대입구->원남동사거리,16630.0,37.5831,127.0009,11시,1365.0
0,20180110.0,수,창경궁로(서울여자대학교),A-06,유입,성균관대입구->원남동사거리,16630.0,37.5831,127.0009,12시,1308.0
0,20180110.0,수,창경궁로(서울여자대학교),A-06,유입,성균관대입구->원남동사거리,16630.0,37.5831,127.0009,13시,1359.0
0,20180110.0,수,창경궁로(서울여자대학교),A-06,유입,성균관대입구->원남동사거리,16630.0,37.5831,127.0009,14시,1229.0
0,20180110.0,수,창경궁로(서울여자대학교),A-06,유입,성균관대입구->원남동사거리,16630.0,37.5831,127.0009,15시,1104.0
0,20180110.0,수,창경궁로(서울여자대학교),A-06,유입,성균관대입구->원남동사거리,16630.0,37.5831,127.0009,16시,1094.0
0,20180110.0,수,창경궁로(서울여자대학교),A-06,유입,성균관대입구->원남동사거리,16630.0,37.5831,127.0009,17시,1085.0
0,20180110.0,수,창경궁로(서울여자대학교),A-06,유입,성균관대입구->원남동사거리,16630.0,37.5831,127.0009,18시,928.0
0,20180110.0,수,창경궁로(서울여자대학교),A-06,유입,성균관대입구->원남동사거리,16630.0,37.5831,127.0009,19시,872.0
0,20180110.0,수,창경궁로(서울여자대학교),A-06,유입,성균관대입구->원남동사거리,16630.0,37.5831,127.0009,20시,792.0
0,20180111.0,목,창경궁로(서울여자대학교),A-06,유입,성균관대입구->원남동사거리,16789.0,37.5831,127.0009,8시,2240.0
0,20180111.0,목,창경궁로(서울여자대학교),A-06,유입,성균관대입구->원남동사거리,16789.0,37.5831,127.0009,9시,1809.0
0,20180111.0,목,창경궁로(서울여자대학교),A-06,유입,성균관대입구->원남동사거리,16789.0,37.5831,127.0009,10시,1520.0
0,20180111.0,목,창경궁로(서울여자대학교),A-06,유입,성균관대입구->원남동사거리,16789.0,37.5831,127.0009,11시,1373.0
0,20180111.0,목,창경궁로(서울여자대학교),A-06,유입,성균관대입구->원남동사거리,16789.0,37.5831,127.0009,12시,1275.0
0,20180111.0,목,창경궁로(서울여자대학교),A-06,유입,성균관대입구->원남동사거리,16789.0,37.5831,127.0009,13시,1255.0
0,20180111.0,목,창경궁로(서울여자대학교),A-06,유입,성균관대입구->원남동사거리,16789.0,37.5831,127.0009,14시,1274.0
0,20180111.0,목,창경궁로(서울여자대학교),A-06,유입,성균관대입구->원남동사거리,16789.0,37.5831,127.0009,15시,1168.0
0,20180111.0,목,창경궁로(서울여자대학교),A-06,유입,성균관대입구->원남동사거리,16789.0,37.5831,127.0009,16시,1107.0
0,20180111.0,목,창경궁로(서울여자대학교),A-06,유입,성균관대입구->원남동사거리,16789.0,37.5831,127.0009,17시,1077.0
0,20180111.0,목,창경궁로(서울여자대학교),A-06,유입,성균관대입구->원남동사거리,16789.0,37.5831,127.0009,18시,1027.0
0,20180111.0,목,창경궁로(서울여자대학교),A-06,유입,성균관대입구->원남동사거리,16789.0,37.5831,127.0009,19시,808.0
0,20180111.0,목,창경궁로(서울여자대학교),A-06,유입,성균관대입구->원남동사거리,16789.0,37.5831,127.0009,20시,856.0
0,20180112.0,금,창경궁로(서울여자대학교),A-06,유입,성균관대입구->원남동사거리,17242.0,37.5831,127.0009,8시,2237.0
0,20180112.0,금,창경궁로(서울여자대학교),A-06,유입,성균관대입구->원남동사거리,17242.0,37.5831,127.0009,9시,1887.0
0,20180112.0,금,창경궁로(서울여자대학교),A-06,유입,성균관대입구->원남동사거리,17242.0,37.5831,127.0009,10시,1559.0
0,20180112.0,금,창경궁로(서울여자대학교),A-06,유입,성균관대입구->원남동사거리,17242.0,37.5831,127.0009,11시,1400.0
0,20180112.0,금,창경궁로(서울여자대학교),A-06,유입,성균관대입구->원남동사거리,17242.0,37.5831,127.0009,12시,1322.0
0,20180112.0,금,창경궁로(서울여자대학교),A-06,유입,성균관대입구->원남동사거리,17242.0,37.5831,127.0009,13시,1330.0
0,20180112.0,금,창경궁로(서울여자대학교),A-06,유입,성균관대입구->원남동사거리,17242.0,37.5831,127.0009,14시,1227.0
0,20180112.0,금,창경궁로(서울여자대학교),A-06,유입,성균관대입구->원남동사거리,17242.0,37.5831,127.0009,15시,1193.0
0,20180112.0,금,창경궁로(서울여자대학교),A-06,유입,성균관대입구->원남동사거리,17242.0,37.5831,127.0009,16시,1072.0
0,20180112.0,금,창경궁로(서울여자대학교),A-06,유입,성균관대입구->원남동사거리,17242.0,37.5831,127.0009,17시,1072.0
0,20180112.0,금,창경궁로(서울여자대학교),A-06,유입,성균관대입구->원남동사거리,17242.0,37.5831,127.0009,18시,1083.0
0,20180112.0,금,창경궁로(서울여자대학교),A-06,유입,성균관대입구->원남동사거리,17242.0,37.5831,127.0009,19시,926.0
0,20180112.0,금,창경궁로(서울여자대학교),A-06,유입,성균관대입구->원남동사거리,17242.0,37.5831,127.0009,20시,934.0
0,20180113.0,토,창경궁로(서울여자대학교),A-06,유입,성균관대입구->원남동사거리,17088.0,37.5831,127.0009,8시,1548.0
0,20180113.0,토,창경궁로(서울여자대학교),A-06,유입,성균관대입구->원남동사거리,17088.0,37.5831,127.0009,9시,1551.0
0,20180113.0,토,창경궁로(서울여자대학교),A-06,유입,성균관대입구->원남동사거리,17088.0,37.5831,127.0009,10시,1586.0
0,20180113.0,토,창경궁로(서울여자대학교),A-06,유입,성균관대입구->원남동사거리,17088.0,37.5831,127.0009,11시,1661.0
0,20180113.0,토,창경궁로(서울여자대학교),A-06,유입,성균관대입구->원남동사거리,17088.0,37.5831,127.0009,12시,1528.0
0,20180113.0,토,창경궁로(서울여자대학교),A-06,유입,성균관대입구->원남동사거리,17088.0,37.5831,127.0009,13시,1343.0
0,20180113.0,토,창경궁로(서울여자대학교),A-06,유입,성균관대입구->원남동사거리,17088.0,37.5831,127.0009,14시,1422.0
0,20180113.0,토,창경궁로(서울여자대학교),A-06,유입,성균관대입구->원남동사거리,17088.0,37.5831,127.0009,15시,1334.0
0,20180113.0,토,창경궁로(서울여자대학교),A-06,유입,성균관대입구->원남동사거리,17088.0,37.5831,127.0009,16시,1260.0
0,20180113.0,토,창경궁로(서울여자대학교),A-06,유입,성균관대입구->원남동사거리,17088.0,37.5831,127.0009,17시,1147.0
0,20180113.0,토,창경궁로(서울여자대학교),A-06,유입,성균관대입구->원남동사거리,17088.0,37.5831,127.0009,18시,923.0
0,20180113.0,토,창경궁로(서울여자대학교),A-06,유입,성균관대입구->원남동사거리,17088.0,37.5831,127.0009,19시,852.0
0,20180113.0,토,창경궁로(서울여자대학교),A-06,유입,성균관대입구->원남동사거리,17088.0,37.5831,127.0009,20시,933.0
0,20180114.0,일,창경궁로(서울여자대학교),A-06,유입,성균관대입구->원남동사거리,15973.0,37.5831,127.0009,8시,999.0
0,20180114.0,일,창경궁로(서울여자대학교),A-06,유입,성균관대입구->원남동사거리,15973.0,37.5831,127.0009,9시,1368.0
0,20180114.0,일,창경궁로(서울여자대학교),A-06,유입,성균관대입구->원남동사거리,15973.0,37.5831,127.0009,10시,1366.0
0,20180114.0,일,창경궁로(서울여자대학교),A-06,유입,성균관대입구->원남동사거리,15973.0,37.5831,127.0009,11시,1349.0
0,20180114.0,일,창경궁로(서울여자대학교),A-06,유입,성균관대입구->원남동사거리,15973.0,37.5831,127.0009,12시,1308.0
0,20180114.0,일,창경궁로(서울여자대학교),A-06,유입,성균관대입구->원남동사거리,15973.0,37.5831,127.0009,13시,1427.0
0,20180114.0,일,창경궁로(서울여자대학교),A-06,유입,성균관대입구->원남동사거리,15973.0,37.5831,127.0009,14시,1461.0
0,20180114.0,일,창경궁로(서울여자대학교),A-06,유입,성균관대입구->원남동사거리,15973.0,37.5831,127.0009,15시,1391.0
0,20180114.0,일,창경궁로(서울여자대학교),A-06,유입,성균관대입구->원남동사거리,15973.0,37.5831,127.0009,16시,1318.0
0,20180114.0,일,창경궁로(서울여자대학교),A-06,유입,성균관대입구->원남동사거리,15973.0,37.5831,127.0009,17시,1210.0
0,20180114.0,일,창경궁로(서울여자대학교),A-06,유입,성균관대입구->원남동사거리,15973.0,37.5831,127.0009,18시,987.0
0,20180114.0,일,창경궁로(서울여자대학교),A-06,유입,성균관대입구->원남동사거리,15973.0,37.5831,127.0009,19시,883.0
0,20180114.0,일,창경궁로(서울여자대학교),A-06,유입,성균관대입구->원남동사거리,15973.0,37.5831,127.0009,20시,906.0
0,20180115.0,월,창경궁로(서울여자대학교),A-06,유입,성균관대입구->원남동사거리,16330.0,37.5831,127.0009,8시,2255.0
0,20180115.0,월,창경궁로(서울여자대학교),A-06,유입,성균관대입구->원남동사거리,16330.0,37.5831,127.0009,9시,1760.0
0,20180115.0,월,창경궁로(서울여자대학교),A-06,유입,성균관대입구->원남동사거리,16330.0,37.5831,127.0009,10시,1420.0
0,20180115.0,월,창경궁로(서울여자대학교),A-06,유입,성균관대입구->원남동사거리,16330.0,37.5831,127.0009,11시,1306.0
0,20180115.0,월,창경궁로(서울여자대학교),A-06,유입,성균관대입구->원남동사거리,16330.0,37.5831,127.0009,12시,1183.0
0,20180115.0,월,창경궁로(서울여자대학교),A-06,유입,성균관대입구->원남동사거리,16330.0,37.5831,127.0009,13시,1269.0
0,20180115.0,월,창경궁로(서울여자대학교),A-06,유입,성균관대입구->원남동사거리,16330.0,37.5831,127.0009,14시,1283.0
0,20180115.0,월,창경궁로(서울여자대학교),A-06,유입,성균관대입구->원남동사거리,16330.0,37.5831,127.0009,15시,1152.0
0,20180115.0,월,창경궁로(서울여자대학교),A-06,유입,성균관대입구->원남동사거리,16330.0,37.5831,127.0009,16시,1084.0
0,20180115.0,월,창경궁로(서울여자대학교),A-06,유입,성균관대입구->원남동사거리,16330.0,37.5831,127.0009,17시,1006.0
0,20180115.0,월,창경궁로(서울여자대학교),A-06,유입,성균관대입구->원남동사거리,16330.0,37.5831,127.0009,18시,965.0
0,20180115.0,월,창경궁로(서울여자대학교),A-06,유입,성균관대입구->원남동사거리,16330.0,37.5831,127.0009,19시,809.0
0,20180115.0,월,창경궁로(서울여자대학교),A-06,유입,성균관대입구->원남동사거리,16330.0,37.5831,127.0009,20시,838.0
0,20180116.0,화,창경궁로(서울여자대학교),A-06,유입,성균관대입구->원남동사거리,16576.0,37.5831,127.0009,8시,2219.0
0,20180116.0,화,창경궁로(서울여자대학교),A-06,유입,성균관대입구->원남동사거리,16576.0,37.5831,127.0009,9시,1831.0
0,20180116.0,화,창경궁로(서울여자대학교),A-06,유입,성균관대입구->원남동사거리,16576.0,37.5831,127.0009,10시,1456.0
0,20180116.0,화,창경궁로(서울여자대학교),A-06,유입,성균관대입구->원남동사거리,16576.0,37.5831,127.0009,11시,1368.0
0,20180116.0,화,창경궁로(서울여자대학교),A-06,유입,성균관대입구->원남동사거리,16576.0,37.5831,127.0009,12시,1295.0
0,20180116.0,화,창경궁로(서울여자대학교),A-06,유입,성균관대입구->원남동사거리,16576.0,37.5831,127.0009,13시,1251.0
0,20180116.0,화,창경궁로(서울여자대학교),A-06,유입,성균관대입구->원남동사거리,16576.0,37.5831,127.0009,14시,1182.0
0,20180116.0,화,창경궁로(서울여자대학교),A-06,유입,성균관대입구->원남동사거리,16576.0,37.5831,127.0009,15시,1167.0
0,20180116.0,화,창경궁로(서울여자대학교),A-06,유입,성균관대입구->원남동사거리,16576.0,37.5831,127.0009,16시,1112.0
0,20180116.0,화,창경궁로(서울여자대학교),A-06,유입,성균관대입구->원남동사거리,16576.0,37.5831,127.0009,17시,971.0
0,20180116.0,화,창경궁로(서울여자대학교),A-06,유입,성균관대입구->원남동사거리,16576.0,37.5831,127.0009,18시,954.0
0,20180116.0,화,창경궁로(서울여자대학교),A-06,유입,성균관대입구->원남동사거리,16576.0,37.5831,127.0009,19시,869.0
0,20180116.0,화,창경궁로(서울여자대학교),A-06,유입,성균관대입구->원남동사거리,16576.0,37.5831,127.0009,20시,901.0
0,20180117.0,수,창경궁로(서울여자대학교),A-06,유입,성균관대입구->원남동사거리,16359.0,37.5831,127.0009,8시,2151.0
0,20180117.0,수,창경궁로(서울여자대학교),A-06,유입,성균관대입구->원남동사거리,16359.0,37.5831,127.0009,9시,1762.0
0,20180117.0,수,창경궁로(서울여자대학교),A-06,유입,성균관대입구->원남동사거리,16359.0,37.5831,127.0009,10시,1476.0
0,20180117.0,수,창경궁로(서울여자대학교),A-06,유입,성균관대입구->원남동사거리,16359.0,37.5831,127.0009,11시,1346.0
0,20180117.0,수,창경궁로(서울여자대학교),A-06,유입,성균관대입구->원남동사거리,16359.0,37.5831,127.0009,12시,1258.0
0,20180117.0,수,창경궁로(서울여자대학교),A-06,유입,성균관대입구->원남동사거리,16359.0,37.5831,127.0009,13시,1260.0
0,20180117.0,수,창경궁로(서울여자대학교),A-06,유입,성균관대입구->원남동사거리,16359.0,37.5831,127.0009,14시,1249.0
0,20180117.0,수,창경궁로(서울여자대학교),A-06,유입,성균관대입구->원남동사거리,16359.0,37.5831,127.0009,15시,1189.0
0,20180117.0,수,창경궁로(서울여자대학교),A-06,유입,성균관대입구->원남동사거리,16359.0,37.5831,127.0009,16시,1063.0
0,20180117.0,수,창경궁로(서울여자대학교),A-06,유입,성균관대입구->원남동사거리,16359.0,37.5831,127.0009,17시,1017.0
0,20180117.0,수,창경궁로(서울여자대학교),A-06,유입,성균관대입구->원남동사거리,16359.0,37.5831,127.0009,18시,926.0
0,20180117.0,수,창경궁로(서울여자대학교),A-06,유입,성균관대입구->원남동사거리,16359.0,37.5831,127.0009,19시,852.0
0,20180117.0,수,창경궁로(서울여자대학교),A-06,유입,성균관대입구->원남동사거리,16359.0,37.5831,127.0009,20시,810.0
0,20180118.0,목,창경궁로(서울여자대학교),A-06,유입,성균관대입구->원남동사거리,16712.0,37.5831,127.0009,8시,2215.0
0,20180118.0,목,창경궁로(서울여자대학교),A-06,유입,성균관대입구->원남동사거리,16712.0,37.5831,127.0009,9시,1707.0
0,20180118.0,목,창경궁로(서울여자대학교),A-06,유입,성균관대입구->원남동사거리,16712.0,37.5831,127.0009,10시,1475.0
0,20180118.0,목,창경궁로(서울여자대학교),A-06,유입,성균관대입구->원남동사거리,16712.0,37.5831,127.0009,11시,1329.0
0,20180118.0,목,창경궁로(서울여자대학교),A-06,유입,성균관대입구->원남동사거리,16712.0,37.5831,127.0009,12시,1307.0
0,20180118.0,목,창경궁로(서울여자대학교),A-06,유입,성균관대입구->원남동사거리,16712.0,37.5831,127.0009,13시,1306.0
0,20180118.0,목,창경궁로(서울여자대학교),A-06,유입,성균관대입구->원남동사거리,16712.0,37.5831,127.0009,14시,1220.0
0,20180118.0,목,창경궁로(서울여자대학교),A-06,유입,성균관대입구->원남동사거리,16712.0,37.5831,127.0009,15시,1152.0
0,20180118.0,목,창경궁로(서울여자대학교),A-06,유입,성균관대입구->원남동사거리,16712.0,37.5831,127.0009,16시,1095.0
0,20180118.0,목,창경궁로(서울여자대학교),A-06,유입,성균관대입구->원남동사거리,16712.0,37.5831,127.0009,17시,1093.0
0,20180118.0,목,창경궁로(서울여자대학교),A-06,유입,성균관대입구->원남동사거리,16712.0,37.5831,127.0009,18시,1006.0
0,20180118.0,목,창경궁로(서울여자대학교),A-06,유입,성균관대입구->원남동사거리,16712.0,37.5831,127.0009,19시,857.0
0,20180118.0,목,창경궁로(서울여자대학교),A-06,유입,성균관대입구->원남동사거리,16712.0,37.5831,127.0009,20시,950.0
0,20180119.0,금,창경궁로(서울여자대학교),A-06,유입,성균관대입구->원남동사거리,16189.0,37.5831,127.0009,8시,2238.0
0,20180119.0,금,창경궁로(서울여자대학교),A-06,유입,성균관대입구->원남동사거리,16189.0,37.5831,127.0009,9시,1761.0
0,20180119.0,금,창경궁로(서울여자대학교),A-06,유입,성균관대입구->원남동사거리,16189.0,37.5831,127.0009,10시,1331.0
0,20180119.0,금,창경궁로(서울여자대학교),A-06,유입,성균관대입구->원남동사거리,16189.0,37.5831,127.0009,11시,1173.0
0,20180119.0,금,창경궁로(서울여자대학교),A-06,유입,성균관대입구->원남동사거리,16189.0,37.5831,127.0009,12시,1092.0
0,20180119.0,금,창경궁로(서울여자대학교),A-06,유입,성균관대입구->원남동사거리,16189.0,37.5831,127.0009,13시,1166.0
0,20180119.0,금,창경궁로(서울여자대학교),A-06,유입,성균관대입구->원남동사거리,16189.0,37.5831,127.0009,14시,1168.0
0,20180119.0,금,창경궁로(서울여자대학교),A-06,유입,성균관대입구->원남동사거리,16189.0,37.5831,127.0009,15시,1180.0
0,20180119.0,금,창경궁로(서울여자대학교),A-06,유입,성균관대입구->원남동사거리,16189.0,37.5831,127.0009,16시,1198.0
0,20180119.0,금,창경궁로(서울여자대학교),A-06,유입,성균관대입구->원남동사거리,16189.0,37.5831,127.0009,17시,1070.0
0,20180119.0,금,창경궁로(서울여자대학교),A-06,유입,성균관대입구->원남동사거리,16189.0,37.5831,127.0009,18시,1033.0
0,20180119.0,금,창경궁로(서울여자대학교),A-06,유입,성균관대입구->원남동사거리,16189.0,37.5831,127.0009,19시,892.0
0,20180119.0,금,창경궁로(서울여자대학교),A-06,유입,성균관대입구->원남동사거리,16189.0,37.5831,127.0009,20시,887.0
0,20180120.0,토,창경궁로(서울여자대학교),A-06,유입,성균관대입구->원남동사거리,17470.0,37.5831,127.0009,8시,1484.0
0,20180120.0,토,창경궁로(서울여자대학교),A-06,유입,성균관대입구->원남동사거리,17470.0,37.5831,127.0009,9시,1425.0
0,20180120.0,토,창경궁로(서울여자대학교),A-06,유입,성균관대입구->원남동사거리,17470.0,37.5831,127.0009,10시,1528.0
0,20180120.0,토,창경궁로(서울여자대학교),A-06,유입,성균관대입구->원남동사거리,17470.0,37.5831,127.0009,11시,1530.0
0,20180120.0,토,창경궁로(서울여자대학교),A-06,유입,성균관대입구->원남동사거리,17470.0,37.5831,127.0009,12시,1568.0
0,20180120.0,토,창경궁로(서울여자대학교),A-06,유입,성균관대입구->원남동사거리,17470.0,37.5831,127.0009,13시,1476.0
0,20180120.0,토,창경궁로(서울여자대학교),A-06,유입,성균관대입구->원남동사거리,17470.0,37.5831,127.0009,14시,1429.0
0,20180120.0,토,창경궁로(서울여자대학교),A-06,유입,성균관대입구->원남동사거리,17470.0,37.5831,127.0009,15시,1463.0
0,20180120.0,토,창경궁로(서울여자대학교),A-06,유입,성균관대입구->원남동사거리,17470.0,37.5831,127.0009,16시,1268.0
0,20180120.0,토,창경궁로(서울여자대학교),A-06,유입,성균관대입구->원남동사거리,17470.0,37.5831,127.0009,17시,1368.0
0,20180120.0,토,창경궁로(서울여자대학교),A-06,유입,성균관대입구->원남동사거리,17470.0,37.5831,127.0009,18시,964.0
0,20180120.0,토,창경궁로(서울여자대학교),A-06,유입,성균관대입구->원남동사거리,17470.0,37.5831,127.0009,19시,938.0
0,20180120.0,토,창경궁로(서울여자대학교),A-06,유입,성균관대입구->원남동사거리,17470.0,37.5831,127.0009,20시,1029.0
0,20180121.0,일,창경궁로(서울여자대학교),A-06,유입,성균관대입구->원남동사거리,15749.0,37.5831,127.0009,8시,1011.0
0,20180121.0,일,창경궁로(서울여자대학교),A-06,유입,성균관대입구->원남동사거리,15749.0,37.5831,127.0009,9시,1256.0
0,20180121.0,일,창경궁로(서울여자대학교),A-06,유입,성균관대입구->원남동사거리,15749.0,37.5831,127.0009,10시,1351.0
0,20180121.0,일,창경궁로(서울여자대학교),A-06,유입,성균관대입구->원남동사거리,15749.0,37.5831,127.0009,11시,1312.0
0,20180121.0,일,창경궁로(서울여자대학교),A-06,유입,성균관대입구->원남동사거리,15749.0,37.5831,127.0009,12시,1381.0
0,20180121.0,일,창경궁로(서울여자대학교),A-06,유입,성균관대입구->원남동사거리,15749.0,37.5831,127.0009,13시,1434.0
0,20180121.0,일,창경궁로(서울여자대학교),A-06,유입,성균관대입구->원남동사거리,15749.0,37.5831,127.0009,14시,1451.0
0,20180121.0,일,창경궁로(서울여자대학교),A-06,유입,성균관대입구->원남동사거리,15749.0,37.5831,127.0009,15시,1358.0
0,20180121.0,일,창경궁로(서울여자대학교),A-06,유입,성균관대입구->원남동사거리,15749.0,37.5831,127.0009,16시,1279.0
0,20180121.0,일,창경궁로(서울여자대학교),A-06,유입,성균관대입구->원남동사거리,15749.0,37.5831,127.0009,17시,1144.0
0,20180121.0,일,창경궁로(서울여자대학교),A-06,유입,성균관대입구->원남동사거리,15749.0,37.5831,127.0009,18시,1003.0
0,20180121.0,일,창경궁로(서울여자대학교),A-06,유입,성균관대입구->원남동사거리,15749.0,37.5831,127.0009,19시,887.0
0,20180121.0,일,창경궁로(서울여자대학교),A-06,유입,성균관대입구->원남동사거리,15749.0,37.5831,127.0009,20시,882.0
0,20180122.0,월,창경궁로(서울여자대학교),A-06,유입,성균관대입구->원남동사거리,16069.0,37.5831,127.0009,8시,2133.0
0,20180122.0,월,창경궁로(서울여자대학교),A-06,유입,성균관대입구->원남동사거리,16069.0,37.5831,127.0009,9시,1799.0
0,20180122.0,월,창경궁로(서울여자대학교),A-06,유입,성균관대입구->원남동사거리,16069.0,37.5831,127.0009,10시,1472.0
0,20180122.0,월,창경궁로(서울여자대학교),A-06,유입,성균관대입구->원남동사거리,16069.0,37.5831,127.0009,11시,1317.0
0,20180122.0,월,창경궁로(서울여자대학교),A-06,유입,성균관대입구->원남동사거리,16069.0,37.5831,127.0009,12시,1196.0
0,20180122.0,월,창경궁로(서울여자대학교),A-06,유입,성균관대입구->원남동사거리,16069.0,37.5831,127.0009,13시,1279.0
0,20180122.0,월,창경궁로(서울여자대학교),A-06,유입,성균관대입구->원남동사거리,16069.0,37.5831,127.0009,14시,1177.0
0,20180122.0,월,창경궁로(서울여자대학교),A-06,유입,성균관대입구->원남동사거리,16069.0,37.5831,127.0009,15시,1125.0
0,20180122.0,월,창경궁로(서울여자대학교),A-06,유입,성균관대입구->원남동사거리,16069.0,37.5831,127.0009,16시,1056.0
0,20180122.0,월,창경궁로(서울여자대학교),A-06,유입,성균관대입구->원남동사거리,16069.0,37.5831,127.0009,17시,1061.0
0,20180122.0,월,창경궁로(서울여자대학교),A-06,유입,성균관대입구->원남동사거리,16069.0,37.5831,127.0009,18시,972.0
0,20180122.0,월,창경궁로(서울여자대학교),A-06,유입,성균관대입구->원남동사거리,16069.0,37.5831,127.0009,19시,684.0
0,20180122.0,월,창경궁로(서울여자대학교),A-06,유입,성균관대입구->원남동사거리,16069.0,37.5831,127.0009,20시,798.0
0,20180123.0,화,창경궁로(서울여자대학교),A-06,유입,성균관대입구->원남동사거리,16709.0,37.5831,127.0009,8시,2246.0
0,20180123.0,화,창경궁로(서울여자대학교),A-06,유입,성균관대입구->원남동사거리,16709.0,37.5831,127.0009,9시,1834.0
0,20180123.0,화,창경궁로(서울여자대학교),A-06,유입,성균관대입구->원남동사거리,16709.0,37.5831,127.0009,10시,1443.0
0,20180123.0,화,창경궁로(서울여자대학교),A-06,유입,성균관대입구->원남동사거리,16709.0,37.5831,127.0009,11시,1337.0
0,20180123.0,화,창경궁로(서울여자대학교),A-06,유입,성균관대입구->원남동사거리,16709.0,37.5831,127.0009,12시,1241.0
0,20180123.0,화,창경궁로(서울여자대학교),A-06,유입,성균관대입구->원남동사거리,16709.0,37.5831,127.0009,13시,1338.0
0,20180123.0,화,창경궁로(서울여자대학교),A-06,유입,성균관대입구->원남동사거리,16709.0,37.5831,127.0009,14시,1269.0
0,20180123.0,화,창경궁로(서울여자대학교),A-06,유입,성균관대입구->원남동사거리,16709.0,37.5831,127.0009,15시,1179.0
0,20180123.0,화,창경궁로(서울여자대학교),A-06,유입,성균관대입구->원남동사거리,16709.0,37.5831,127.0009,16시,1025.0
0,20180123.0,화,창경궁로(서울여자대학교),A-06,유입,성균관대입구->원남동사거리,16709.0,37.5831,127.0009,17시,1073.0
0,20180123.0,화,창경궁로(서울여자대학교),A-06,유입,성균관대입구->원남동사거리,16709.0,37.5831,127.0009,18시,1010.0
0,20180123.0,화,창경궁로(서울여자대학교),A-06,유입,성균관대입구->원남동사거리,16709.0,37.5831,127.0009,19시,810.0
0,20180123.0,화,창경궁로(서울여자대학교),A-06,유입,성균관대입구->원남동사거리,16709.0,37.5831,127.0009,20시,904.0
0,20180124.0,수,창경궁로(서울여자대학교),A-06,유입,성균관대입구->원남동사거리,16668.0,37.5831,127.0009,8시,2296.0
0,20180124.0,수,창경궁로(서울여자대학교),A-06,유입,성균관대입구->원남동사거리,16668.0,37.5831,127.0009,9시,1865.0
0,20180124.0,수,창경궁로(서울여자대학교),A-06,유입,성균관대입구->원남동사거리,16668.0,37.5831,127.0009,10시,1442.0
0,20180124.0,수,창경궁로(서울여자대학교),A-06,유입,성균관대입구->원남동사거리,16668.0,37.5831,127.0009,11시,1417.0
0,20180124.0,수,창경궁로(서울여자대학교),A-06,유입,성균관대입구->원남동사거리,16668.0,37.5831,127.0009,12시,1285.0
0,20180124.0,수,창경궁로(서울여자대학교),A-06,유입,성균관대입구->원남동사거리,16668.0,37.5831,127.0009,13시,1239.0
0,20180124.0,수,창경궁로(서울여자대학교),A-06,유입,성균관대입구->원남동사거리,16668.0,37.5831,127.0009,14시,1319.0
0,20180124.0,수,창경궁로(서울여자대학교),A-06,유입,성균관대입구->원남동사거리,16668.0,37.5831,127.0009,15시,1090.0
0,20180124.0,수,창경궁로(서울여자대학교),A-06,유입,성균관대입구->원남동사거리,16668.0,37.5831,127.0009,16시,995.0
0,20180124.0,수,창경궁로(서울여자대학교),A-06,유입,성균관대입구->원남동사거리,16668.0,37.5831,127.0009,17시,1044.0
0,20180124.0,수,창경궁로(서울여자대학교),A-06,유입,성균관대입구->원남동사거리,16668.0,37.5831,127.0009,18시,1016.0
0,20180124.0,수,창경궁로(서울여자대학교),A-06,유입,성균관대입구->원남동사거리,16668.0,37.5831,127.0009,19시,819.0
0,20180124.0,수,창경궁로(서울여자대학교),A-06,유입,성균관대입구->원남동사거리,16668.0,37.5831,127.0009,20시,841.0
0,20180125.0,목,창경궁로(서울여자대학교),A-06,유입,성균관대입구->원남동사거리,17078.0,37.5831,127.0009,8시,2194.0
0,20180125.0,목,창경궁로(서울여자대학교),A-06,유입,성균관대입구->원남동사거리,17078.0,37.5831,127.0009,9시,1902.0
0,20180125.0,목,창경궁로(서울여자대학교),A-06,유입,성균관대입구->원남동사거리,17078.0,37.5831,127.0009,10시,1502.0
0,20180125.0,목,창경궁로(서울여자대학교),A-06,유입,성균관대입구->원남동사거리,17078.0,37.5831,127.0009,11시,1443.0
0,20180125.0,목,창경궁로(서울여자대학교),A-06,유입,성균관대입구->원남동사거리,17078.0,37.5831,127.0009,12시,1371.0
0,20180125.0,목,창경궁로(서울여자대학교),A-06,유입,성균관대입구->원남동사거리,17078.0,37.5831,127.0009,13시,1324.0
0,20180125.0,목,창경궁로(서울여자대학교),A-06,유입,성균관대입구->원남동사거리,17078.0,37.5831,127.0009,14시,1290.0
0,20180125.0,목,창경궁로(서울여자대학교),A-06,유입,성균관대입구->원남동사거리,17078.0,37.5831,127.0009,15시,1095.0
0,20180125.0,목,창경궁로(서울여자대학교),A-06,유입,성균관대입구->원남동사거리,17078.0,37.5831,127.0009,16시,1111.0
0,20180125.0,목,창경궁로(서울여자대학교),A-06,유입,성균관대입구->원남동사거리,17078.0,37.5831,127.0009,17시,1061.0
0,20180125.0,목,창경궁로(서울여자대학교),A-06,유입,성균관대입구->원남동사거리,17078.0,37.5831,127.0009,18시,1035.0
0,20180125.0,목,창경궁로(서울여자대학교),A-06,유입,성균관대입구->원남동사거리,17078.0,37.5831,127.0009,19시,852.0
0,20180125.0,목,창경궁로(서울여자대학교),A-06,유입,성균관대입구->원남동사거리,17078.0,37.5831,127.0009,20시,898.0
0,20180126.0,금,창경궁로(서울여자대학교),A-06,유입,성균관대입구->원남동사거리,17059.0,37.5831,127.0009,8시,2272.0
0,20180126.0,금,창경궁로(서울여자대학교),A-06,유입,성균관대입구->원남동사거리,17059.0,37.5831,127.0009,9시,1905.0
0,20180126.0,금,창경궁로(서울여자대학교),A-06,유입,성균관대입구->원남동사거리,17059.0,37.5831,127.0009,10시,1548.0
0,20180126.0,금,창경궁로(서울여자대학교),A-06,유입,성균관대입구->원남동사거리,17059.0,37.5831,127.0009,11시,1337.0
0,20180126.0,금,창경궁로(서울여자대학교),A-06,유입,성균관대입구->원남동사거리,17059.0,37.5831,127.0009,12시,1300.0
0,20180126.0,금,창경궁로(서울여자대학교),A-06,유입,성균관대입구->원남동사거리,17059.0,37.5831,127.0009,13시,1318.0
0,20180126.0,금,창경궁로(서울여자대학교),A-06,유입,성균관대입구->원남동사거리,17059.0,37.5831,127.0009,14시,1307.0
0,20180126.0,금,창경궁로(서울여자대학교),A-06,유입,성균관대입구->원남동사거리,17059.0,37.5831,127.0009,15시,1166.0
0,20180126.0,금,창경궁로(서울여자대학교),A-06,유입,성균관대입구->원남동사거리,17059.0,37.5831,127.0009,16시,1090.0
0,20180126.0,금,창경궁로(서울여자대학교),A-06,유입,성균관대입구->원남동사거리,17059.0,37.5831,127.0009,17시,1095.0
0,20180126.0,금,창경궁로(서울여자대학교),A-06,유입,성균관대입구->원남동사거리,17059.0,37.5831,127.0009,18시,1000.0
0,20180126.0,금,창경궁로(서울여자대학교),A-06,유입,성균관대입구->원남동사거리,17059.0,37.5831,127.0009,19시,826.0
0,20180126.0,금,창경궁로(서울여자대학교),A-06,유입,성균관대입구->원남동사거리,17059.0,37.5831,127.0009,20시,895.0
0,20180127.0,토,창경궁로(서울여자대학교),A-06,유입,성균관대입구->원남동사거리,17401.0,37.5831,127.0009,8시,1430.0
0,20180127.0,토,창경궁로(서울여자대학교),A-06,유입,성균관대입구->원남동사거리,17401.0,37.5831,127.0009,9시,1586.0
0,20180127.0,토,창경궁로(서울여자대학교),A-06,유입,성균관대입구->원남동사거리,17401.0,37.5831,127.0009,10시,1490.0
0,20180127.0,토,창경궁로(서울여자대학교),A-06,유입,성균관대입구->원남동사거리,17401.0,37.5831,127.0009,11시,1532.0
0,20180127.0,토,창경궁로(서울여자대학교),A-06,유입,성균관대입구->원남동사거리,17401.0,37.5831,127.0009,12시,1539.0
0,20180127.0,토,창경궁로(서울여자대학교),A-06,유입,성균관대입구->원남동사거리,17401.0,37.5831,127.0009,13시,1408.0
0,20180127.0,토,창경궁로(서울여자대학교),A-06,유입,성균관대입구->원남동사거리,17401.0,37.5831,127.0009,14시,1465.0
0,20180127.0,토,창경궁로(서울여자대학교),A-06,유입,성균관대입구->원남동사거리,17401.0,37.5831,127.0009,15시,1391.0
0,20180127.0,토,창경궁로(서울여자대학교),A-06,유입,성균관대입구->원남동사거리,17401.0,37.5831,127.0009,16시,1182.0
0,20180127.0,토,창경궁로(서울여자대학교),A-06,유입,성균관대입구->원남동사거리,17401.0,37.5831,127.0009,17시,1306.0
0,20180127.0,토,창경궁로(서울여자대학교),A-06,유입,성균관대입구->원남동사거리,17401.0,37.5831,127.0009,18시,1079.0
0,20180127.0,토,창경궁로(서울여자대학교),A-06,유입,성균관대입구->원남동사거리,17401.0,37.5831,127.0009,19시,982.0
0,20180127.0,토,창경궁로(서울여자대학교),A-06,유입,성균관대입구->원남동사거리,17401.0,37.5831,127.0009,20시,1011.0
0,20180128.0,일,창경궁로(서울여자대학교),A-06,유입,성균관대입구->원남동사거리,16050.0,37.5831,127.0009,8시,1033.0
0,20180128.0,일,창경궁로(서울여자대학교),A-06,유입,성균관대입구->원남동사거리,16050.0,37.5831,127.0009,9시,1241.0
0,20180128.0,일,창경궁로(서울여자대학교),A-06,유입,성균관대입구->원남동사거리,16050.0,37.5831,127.0009,10시,1351.0
0,20180128.0,일,창경궁로(서울여자대학교),A-06,유입,성균관대입구->원남동사거리,16050.0,37.5831,127.0009,11시,1413.0
0,20180128.0,일,창경궁로(서울여자대학교),A-06,유입,성균관대입구->원남동사거리,16050.0,37.5831,127.0009,12시,1428.0
0,20180128.0,일,창경궁로(서울여자대학교),A-06,유입,성균관대입구->원남동사거리,16050.0,37.5831,127.0009,13시,1450.0
0,20180128.0,일,창경궁로(서울여자대학교),A-06,유입,성균관대입구->원남동사거리,16050.0,37.5831,127.0009,14시,1381.0
0,20180128.0,일,창경궁로(서울여자대학교),A-06,유입,성균관대입구->원남동사거리,16050.0,37.5831,127.0009,15시,1416.0
0,20180128.0,일,창경궁로(서울여자대학교),A-06,유입,성균관대입구->원남동사거리,16050.0,37.5831,127.0009,16시,1249.0
0,20180128.0,일,창경궁로(서울여자대학교),A-06,유입,성균관대입구->원남동사거리,16050.0,37.5831,127.0009,17시,1237.0
0,20180128.0,일,창경궁로(서울여자대학교),A-06,유입,성균관대입구->원남동사거리,16050.0,37.5831,127.0009,18시,1019.0
0,20180128.0,일,창경궁로(서울여자대학교),A-06,유입,성균관대입구->원남동사거리,16050.0,37.5831,127.0009,19시,907.0
0,20180128.0,일,창경궁로(서울여자대학교),A-06,유입,성균관대입구->원남동사거리,16050.0,37.5831,127.0009,20시,925.0
0,20180129.0,월,창경궁로(서울여자대학교),A-06,유입,성균관대입구->원남동사거리,16613.0,37.5831,127.0009,8시,2202.0
0,20180129.0,월,창경궁로(서울여자대학교),A-06,유입,성균관대입구->원남동사거리,16613.0,37.5831,127.0009,9시,1832.0
0,20180129.0,월,창경궁로(서울여자대학교),A-06,유입,성균관대입구->원남동사거리,16613.0,37.5831,127.0009,10시,1450.0
0,20180129.0,월,창경궁로(서울여자대학교),A-06,유입,성균관대입구->원남동사거리,16613.0,37.5831,127.0009,11시,1352.0
0,20180129.0,월,창경궁로(서울여자대학교),A-06,유입,성균관대입구->원남동사거리,16613.0,37.5831,127.0009,12시,1269.0
0,20180129.0,월,창경궁로(서울여자대학교),A-06,유입,성균관대입구->원남동사거리,16613.0,37.5831,127.0009,13시,1314.0
0,20180129.0,월,창경궁로(서울여자대학교),A-06,유입,성균관대입구->원남동사거리,16613.0,37.5831,127.0009,14시,1259.0
0,20180129.0,월,창경궁로(서울여자대학교),A-06,유입,성균관대입구->원남동사거리,16613.0,37.5831,127.0009,15시,1081.0
0,20180129.0,월,창경궁로(서울여자대학교),A-06,유입,성균관대입구->원남동사거리,16613.0,37.5831,127.0009,16시,1107.0
0,20180129.0,월,창경궁로(서울여자대학교),A-06,유입,성균관대입구->원남동사거리,16613.0,37.5831,127.0009,17시,1126.0
0,20180129.0,월,창경궁로(서울여자대학교),A-06,유입,성균관대입구->원남동사거리,16613.0,37.5831,127.0009,18시,957.0
0,20180129.0,월,창경궁로(서울여자대학교),A-06,유입,성균관대입구->원남동사거리,16613.0,37.5831,127.0009,19시,817.0
0,20180129.0,월,창경궁로(서울여자대학교),A-06,유입,성균관대입구->원남동사거리,16613.0,37.5831,127.0009,20시,847.0
0,20180130.0,화,창경궁로(서울여자대학교),A-06,유입,성균관대입구->원남동사거리,15475.0,37.5831,127.0009,8시,2181.0
0,20180130.0,화,창경궁로(서울여자대학교),A-06,유입,성균관대입구->원남동사거리,15475.0,37.5831,127.0009,9시,1860.0
0,20180130.0,화,창경궁로(서울여자대학교),A-06,유입,성균관대입구->원남동사거리,15475.0,37.5831,127.0009,10시,1426.0
0,20180130.0,화,창경궁로(서울여자대학교),A-06,유입,성균관대입구->원남동사거리,15475.0,37.5831,127.0009,11시,1282.0
0,20180130.0,화,창경궁로(서울여자대학교),A-06,유입,성균관대입구->원남동사거리,15475.0,37.5831,127.0009,12시,1258.0
0,20180130.0,화,창경궁로(서울여자대학교),A-06,유입,성균관대입구->원남동사거리,15475.0,37.5831,127.0009,13시,1305.0
0,20180130.0,화,창경궁로(서울여자대학교),A-06,유입,성균관대입구->원남동사거리,15475.0,37.5831,127.0009,14시,1303.0
0,20180130.0,화,창경궁로(서울여자대학교),A-06,유입,성균관대입구->원남동사거리,15475.0,37.5831,127.0009,15시,1033.0
0,20180130.0,화,창경궁로(서울여자대학교),A-06,유입,성균관대입구->원남동사거리,15475.0,37.5831,127.0009,16시,1097.0
0,20180130.0,화,창경궁로(서울여자대학교),A-06,유입,성균관대입구->원남동사거리,15475.0,37.5831,127.0009,17시,926.0
0,20180130.0,화,창경궁로(서울여자대학교),A-06,유입,성균관대입구->원남동사거리,15475.0,37.5831,127.0009,18시,691.0
0,20180130.0,화,창경궁로(서울여자대학교),A-06,유입,성균관대입구->원남동사거리,15475.0,37.5831,127.0009,19시,579.0
0,20180130.0,화,창경궁로(서울여자대학교),A-06,유입,성균관대입구->원남동사거리,15475.0,37.5831,127.0009,20시,534.0
0,20180131.0,수,창경궁로(서울여자대학교),A-06,유입,성균관대입구->원남동사거리,15877.0,37.5831,127.0009,8시,1880.0
0,20180131.0,수,창경궁로(서울여자대학교),A-06,유입,성균관대입구->원남동사거리,15877.0,37.5831,127.0009,9시,1634.0
0,20180131.0,수,창경궁로(서울여자대학교),A-06,유입,성균관대입구->원남동사거리,15877.0,37.5831,127.0009,10시,1438.0
0,20180131.0,수,창경궁로(서울여자대학교),A-06,유입,성균관대입구->원남동사거리,15877.0,37.5831,127.0009,11시,1300.0
0,20180131.0,수,창경궁로(서울여자대학교),A-06,유입,성균관대입구->원남동사거리,15877.0,37.5831,127.0009,12시,1256.0
0,20180131.0,수,창경궁로(서울여자대학교),A-06,유입,성균관대입구->원남동사거리,15877.0,37.5831,127.0009,13시,1246.0
0,20180131.0,수,창경궁로(서울여자대학교),A-06,유입,성균관대입구->원남동사거리,15877.0,37.5831,127.0009,14시,1188.0
0,20180131.0,수,창경궁로(서울여자대학교),A-06,유입,성균관대입구->원남동사거리,15877.0,37.5831,127.0009,15시,1131.0
0,20180131.0,수,창경궁로(서울여자대학교),A-06,유입,성균관대입구->원남동사거리,15877.0,37.5831,127.0009,16시,1145.0
0,20180131.0,수,창경궁로(서울여자대학교),A-06,유입,성균관대입구->원남동사거리,15877.0,37.5831,127.0009,17시,1060.0
0,20180131.0,수,창경궁로(서울여자대학교),A-06,유입,성균관대입구->원남동사거리,15877.0,37.5831,127.0009,18시,926.0
0,20180131.0,수,창경궁로(서울여자대학교),A-06,유입,성균관대입구->원남동사거리,15877.0,37.5831,127.0009,19시,780.0
0,20180131.0,수,창경궁로(서울여자대학교),A-06,유입,성균관대입구->원남동사거리,15877.0,37.5831,127.0009,20시,893.0
0,20180101.0,월,창경궁로(서울여자대학교),A-06,유출,원남동사거리->성균관대입구,8937.0,37.5831,127.0009,8시,375.0
0,20180101.0,월,창경궁로(서울여자대학교),A-06,유출,원남동사거리->성균관대입구,8937.0,37.5831,127.0009,9시,371.0
0,20180101.0,월,창경궁로(서울여자대학교),A-06,유출,원남동사거리->성균관대입구,8937.0,37.5831,127.0009,10시,519.0
0,20180101.0,월,창경궁로(서울여자대학교),A-06,유출,원남동사거리->성균관대입구,8937.0,37.5831,127.0009,11시,574.0
0,20180101.0,월,창경궁로(서울여자대학교),A-06,유출,원남동사거리->성균관대입구,8937.0,37.5831,127.0009,12시,710.0
0,20180101.0,월,창경궁로(서울여자대학교),A-06,유출,원남동사거리->성균관대입구,8937.0,37.5831,127.0009,13시,758.0
0,20180101.0,월,창경궁로(서울여자대학교),A-06,유출,원남동사거리->성균관대입구,8937.0,37.5831,127.0009,14시,792.0
0,20180101.0,월,창경궁로(서울여자대학교),A-06,유출,원남동사거리->성균관대입구,8937.0,37.5831,127.0009,15시,857.0
0,20180101.0,월,창경궁로(서울여자대학교),A-06,유출,원남동사거리->성균관대입구,8937.0,37.5831,127.0009,16시,859.0
0,20180101.0,월,창경궁로(서울여자대학교),A-06,유출,원남동사거리->성균관대입구,8937.0,37.5831,127.0009,17시,877.0
0,20180101.0,월,창경궁로(서울여자대학교),A-06,유출,원남동사거리->성균관대입구,8937.0,37.5831,127.0009,18시,819.0
0,20180101.0,월,창경궁로(서울여자대학교),A-06,유출,원남동사거리->성균관대입구,8937.0,37.5831,127.0009,19시,737.0
0,20180101.0,월,창경궁로(서울여자대학교),A-06,유출,원남동사거리->성균관대입구,8937.0,37.5831,127.0009,20시,689.0
0,20180102.0,화,창경궁로(서울여자대학교),A-06,유출,원남동사거리->성균관대입구,11714.0,37.5831,127.0009,8시,566.0
0,20180102.0,화,창경궁로(서울여자대학교),A-06,유출,원남동사거리->성균관대입구,11714.0,37.5831,127.0009,9시,716.0
0,20180102.0,화,창경궁로(서울여자대학교),A-06,유출,원남동사거리->성균관대입구,11714.0,37.5831,127.0009,10시,788.0
0,20180102.0,화,창경궁로(서울여자대학교),A-06,유출,원남동사거리->성균관대입구,11714.0,37.5831,127.0009,11시,864.0
0,20180102.0,화,창경궁로(서울여자대학교),A-06,유출,원남동사거리->성균관대입구,11714.0,37.5831,127.0009,12시,846.0
0,20180102.0,화,창경궁로(서울여자대학교),A-06,유출,원남동사거리->성균관대입구,11714.0,37.5831,127.0009,13시,825.0
0,20180102.0,화,창경궁로(서울여자대학교),A-06,유출,원남동사거리->성균관대입구,11714.0,37.5831,127.0009,14시,861.0
0,20180102.0,화,창경궁로(서울여자대학교),A-06,유출,원남동사거리->성균관대입구,11714.0,37.5831,127.0009,15시,1051.0
0,20180102.0,화,창경궁로(서울여자대학교),A-06,유출,원남동사거리->성균관대입구,11714.0,37.5831,127.0009,16시,986.0
0,20180102.0,화,창경궁로(서울여자대학교),A-06,유출,원남동사거리->성균관대입구,11714.0,37.5831,127.0009,17시,1014.0
0,20180102.0,화,창경궁로(서울여자대학교),A-06,유출,원남동사거리->성균관대입구,11714.0,37.5831,127.0009,18시,1146.0
0,20180102.0,화,창경궁로(서울여자대학교),A-06,유출,원남동사거리->성균관대입구,11714.0,37.5831,127.0009,19시,1086.0
0,20180102.0,화,창경궁로(서울여자대학교),A-06,유출,원남동사거리->성균관대입구,11714.0,37.5831,127.0009,20시,965.0
0,20180103.0,수,창경궁로(서울여자대학교),A-06,유출,원남동사거리->성균관대입구,11930.0,37.5831,127.0009,8시,637.0
0,20180103.0,수,창경궁로(서울여자대학교),A-06,유출,원남동사거리->성균관대입구,11930.0,37.5831,127.0009,9시,753.0
0,20180103.0,수,창경궁로(서울여자대학교),A-06,유출,원남동사거리->성균관대입구,11930.0,37.5831,127.0009,10시,807.0
0,20180103.0,수,창경궁로(서울여자대학교),A-06,유출,원남동사거리->성균관대입구,11930.0,37.5831,127.0009,11시,842.0
0,20180103.0,수,창경궁로(서울여자대학교),A-06,유출,원남동사거리->성균관대입구,11930.0,37.5831,127.0009,12시,854.0
0,20180103.0,수,창경궁로(서울여자대학교),A-06,유출,원남동사거리->성균관대입구,11930.0,37.5831,127.0009,13시,867.0
0,20180103.0,수,창경궁로(서울여자대학교),A-06,유출,원남동사거리->성균관대입구,11930.0,37.5831,127.0009,14시,905.0
0,20180103.0,수,창경궁로(서울여자대학교),A-06,유출,원남동사거리->성균관대입구,11930.0,37.5831,127.0009,15시,1052.0
0,20180103.0,수,창경궁로(서울여자대학교),A-06,유출,원남동사거리->성균관대입구,11930.0,37.5831,127.0009,16시,1049.0
0,20180103.0,수,창경궁로(서울여자대학교),A-06,유출,원남동사거리->성균관대입구,11930.0,37.5831,127.0009,17시,1001.0
0,20180103.0,수,창경궁로(서울여자대학교),A-06,유출,원남동사거리->성균관대입구,11930.0,37.5831,127.0009,18시,1113.0
0,20180103.0,수,창경궁로(서울여자대학교),A-06,유출,원남동사거리->성균관대입구,11930.0,37.5831,127.0009,19시,1103.0
0,20180103.0,수,창경궁로(서울여자대학교),A-06,유출,원남동사거리->성균관대입구,11930.0,37.5831,127.0009,20시,947.0
0,20180104.0,목,창경궁로(서울여자대학교),A-06,유출,원남동사거리->성균관대입구,11924.0,37.5831,127.0009,8시,609.0
0,20180104.0,목,창경궁로(서울여자대학교),A-06,유출,원남동사거리->성균관대입구,11924.0,37.5831,127.0009,9시,700.0
0,20180104.0,목,창경궁로(서울여자대학교),A-06,유출,원남동사거리->성균관대입구,11924.0,37.5831,127.0009,10시,747.0
0,20180104.0,목,창경궁로(서울여자대학교),A-06,유출,원남동사거리->성균관대입구,11924.0,37.5831,127.0009,11시,906.0
0,20180104.0,목,창경궁로(서울여자대학교),A-06,유출,원남동사거리->성균관대입구,11924.0,37.5831,127.0009,12시,899.0
0,20180104.0,목,창경궁로(서울여자대학교),A-06,유출,원남동사거리->성균관대입구,11924.0,37.5831,127.0009,13시,928.0
0,20180104.0,목,창경궁로(서울여자대학교),A-06,유출,원남동사거리->성균관대입구,11924.0,37.5831,127.0009,14시,868.0
0,20180104.0,목,창경궁로(서울여자대학교),A-06,유출,원남동사거리->성균관대입구,11924.0,37.5831,127.0009,15시,1011.0
0,20180104.0,목,창경궁로(서울여자대학교),A-06,유출,원남동사거리->성균관대입구,11924.0,37.5831,127.0009,16시,1018.0
0,20180104.0,목,창경궁로(서울여자대학교),A-06,유출,원남동사거리->성균관대입구,11924.0,37.5831,127.0009,17시,983.0
0,20180104.0,목,창경궁로(서울여자대학교),A-06,유출,원남동사거리->성균관대입구,11924.0,37.5831,127.0009,18시,1153.0
0,20180104.0,목,창경궁로(서울여자대학교),A-06,유출,원남동사거리->성균관대입구,11924.0,37.5831,127.0009,19시,1078.0
0,20180104.0,목,창경궁로(서울여자대학교),A-06,유출,원남동사거리->성균관대입구,11924.0,37.5831,127.0009,20시,1024.0
0,20180105.0,금,창경궁로(서울여자대학교),A-06,유출,원남동사거리->성균관대입구,11971.0,37.5831,127.0009,8시,623.0
0,20180105.0,금,창경궁로(서울여자대학교),A-06,유출,원남동사거리->성균관대입구,11971.0,37.5831,127.0009,9시,669.0
0,20180105.0,금,창경궁로(서울여자대학교),A-06,유출,원남동사거리->성균관대입구,11971.0,37.5831,127.0009,10시,786.0
0,20180105.0,금,창경궁로(서울여자대학교),A-06,유출,원남동사거리->성균관대입구,11971.0,37.5831,127.0009,11시,848.0
0,20180105.0,금,창경궁로(서울여자대학교),A-06,유출,원남동사거리->성균관대입구,11971.0,37.5831,127.0009,12시,933.0
0,20180105.0,금,창경궁로(서울여자대학교),A-06,유출,원남동사거리->성균관대입구,11971.0,37.5831,127.0009,13시,858.0
0,20180105.0,금,창경궁로(서울여자대학교),A-06,유출,원남동사거리->성균관대입구,11971.0,37.5831,127.0009,14시,937.0
0,20180105.0,금,창경궁로(서울여자대학교),A-06,유출,원남동사거리->성균관대입구,11971.0,37.5831,127.0009,15시,987.0
0,20180105.0,금,창경궁로(서울여자대학교),A-06,유출,원남동사거리->성균관대입구,11971.0,37.5831,127.0009,16시,1042.0
0,20180105.0,금,창경궁로(서울여자대학교),A-06,유출,원남동사거리->성균관대입구,11971.0,37.5831,127.0009,17시,981.0
0,20180105.0,금,창경궁로(서울여자대학교),A-06,유출,원남동사거리->성균관대입구,11971.0,37.5831,127.0009,18시,1076.0
0,20180105.0,금,창경궁로(서울여자대학교),A-06,유출,원남동사거리->성균관대입구,11971.0,37.5831,127.0009,19시,1114.0
0,20180105.0,금,창경궁로(서울여자대학교),A-06,유출,원남동사거리->성균관대입구,11971.0,37.5831,127.0009,20시,1117.0
0,20180106.0,토,창경궁로(서울여자대학교),A-06,유출,원남동사거리->성균관대입구,11172.0,37.5831,127.0009,8시,582.0
0,20180106.0,토,창경궁로(서울여자대학교),A-06,유출,원남동사거리->성균관대입구,11172.0,37.5831,127.0009,9시,717.0
0,20180106.0,토,창경궁로(서울여자대학교),A-06,유출,원남동사거리->성균관대입구,11172.0,37.5831,127.0009,10시,717.0
0,20180106.0,토,창경궁로(서울여자대학교),A-06,유출,원남동사거리->성균관대입구,11172.0,37.5831,127.0009,11시,763.0
0,20180106.0,토,창경궁로(서울여자대학교),A-06,유출,원남동사거리->성균관대입구,11172.0,37.5831,127.0009,12시,810.0
0,20180106.0,토,창경궁로(서울여자대학교),A-06,유출,원남동사거리->성균관대입구,11172.0,37.5831,127.0009,13시,911.0
0,20180106.0,토,창경궁로(서울여자대학교),A-06,유출,원남동사거리->성균관대입구,11172.0,37.5831,127.0009,14시,946.0
0,20180106.0,토,창경궁로(서울여자대학교),A-06,유출,원남동사거리->성균관대입구,11172.0,37.5831,127.0009,15시,904.0
0,20180106.0,토,창경궁로(서울여자대학교),A-06,유출,원남동사거리->성균관대입구,11172.0,37.5831,127.0009,16시,953.0
0,20180106.0,토,창경궁로(서울여자대학교),A-06,유출,원남동사거리->성균관대입구,11172.0,37.5831,127.0009,17시,1067.0
0,20180106.0,토,창경궁로(서울여자대학교),A-06,유출,원남동사거리->성균관대입구,11172.0,37.5831,127.0009,18시,993.0
0,20180106.0,토,창경궁로(서울여자대학교),A-06,유출,원남동사거리->성균관대입구,11172.0,37.5831,127.0009,19시,923.0
0,20180106.0,토,창경궁로(서울여자대학교),A-06,유출,원남동사거리->성균관대입구,11172.0,37.5831,127.0009,20시,886.0
0,20180107.0,일,창경궁로(서울여자대학교),A-06,유출,원남동사거리->성균관대입구,10006.0,37.5831,127.0009,8시,371.0
0,20180107.0,일,창경궁로(서울여자대학교),A-06,유출,원남동사거리->성균관대입구,10006.0,37.5831,127.0009,9시,469.0
0,20180107.0,일,창경궁로(서울여자대학교),A-06,유출,원남동사거리->성균관대입구,10006.0,37.5831,127.0009,10시,612.0
0,20180107.0,일,창경궁로(서울여자대학교),A-06,유출,원남동사거리->성균관대입구,10006.0,37.5831,127.0009,11시,638.0
0,20180107.0,일,창경궁로(서울여자대학교),A-06,유출,원남동사거리->성균관대입구,10006.0,37.5831,127.0009,12시,716.0
0,20180107.0,일,창경궁로(서울여자대학교),A-06,유출,원남동사거리->성균관대입구,10006.0,37.5831,127.0009,13시,832.0
0,20180107.0,일,창경궁로(서울여자대학교),A-06,유출,원남동사거리->성균관대입구,10006.0,37.5831,127.0009,14시,937.0
0,20180107.0,일,창경궁로(서울여자대학교),A-06,유출,원남동사거리->성균관대입구,10006.0,37.5831,127.0009,15시,967.0
0,20180107.0,일,창경궁로(서울여자대학교),A-06,유출,원남동사거리->성균관대입구,10006.0,37.5831,127.0009,16시,975.0
0,20180107.0,일,창경궁로(서울여자대학교),A-06,유출,원남동사거리->성균관대입구,10006.0,37.5831,127.0009,17시,1016.0
0,20180107.0,일,창경궁로(서울여자대학교),A-06,유출,원남동사거리->성균관대입구,10006.0,37.5831,127.0009,18시,876.0
0,20180107.0,일,창경궁로(서울여자대학교),A-06,유출,원남동사거리->성균관대입구,10006.0,37.5831,127.0009,19시,828.0
0,20180107.0,일,창경궁로(서울여자대학교),A-06,유출,원남동사거리->성균관대입구,10006.0,37.5831,127.0009,20시,769.0
0,20180108.0,월,창경궁로(서울여자대학교),A-06,유출,원남동사거리->성균관대입구,11638.0,37.5831,127.0009,8시,598.0
0,20180108.0,월,창경궁로(서울여자대학교),A-06,유출,원남동사거리->성균관대입구,11638.0,37.5831,127.0009,9시,719.0
0,20180108.0,월,창경궁로(서울여자대학교),A-06,유출,원남동사거리->성균관대입구,11638.0,37.5831,127.0009,10시,776.0
0,20180108.0,월,창경궁로(서울여자대학교),A-06,유출,원남동사거리->성균관대입구,11638.0,37.5831,127.0009,11시,868.0
0,20180108.0,월,창경궁로(서울여자대학교),A-06,유출,원남동사거리->성균관대입구,11638.0,37.5831,127.0009,12시,811.0
0,20180108.0,월,창경궁로(서울여자대학교),A-06,유출,원남동사거리->성균관대입구,11638.0,37.5831,127.0009,13시,844.0
0,20180108.0,월,창경궁로(서울여자대학교),A-06,유출,원남동사거리->성균관대입구,11638.0,37.5831,127.0009,14시,942.0
0,20180108.0,월,창경궁로(서울여자대학교),A-06,유출,원남동사거리->성균관대입구,11638.0,37.5831,127.0009,15시,1081.0
0,20180108.0,월,창경궁로(서울여자대학교),A-06,유출,원남동사거리->성균관대입구,11638.0,37.5831,127.0009,16시,1016.0
0,20180108.0,월,창경궁로(서울여자대학교),A-06,유출,원남동사거리->성균관대입구,11638.0,37.5831,127.0009,17시,971.0
0,20180108.0,월,창경궁로(서울여자대학교),A-06,유출,원남동사거리->성균관대입구,11638.0,37.5831,127.0009,18시,1024.0
0,20180108.0,월,창경궁로(서울여자대학교),A-06,유출,원남동사거리->성균관대입구,11638.0,37.5831,127.0009,19시,1082.0
0,20180108.0,월,창경궁로(서울여자대학교),A-06,유출,원남동사거리->성균관대입구,11638.0,37.5831,127.0009,20시,906.0
0,20180109.0,화,창경궁로(서울여자대학교),A-06,유출,원남동사거리->성균관대입구,11988.0,37.5831,127.0009,8시,643.0
0,20180109.0,화,창경궁로(서울여자대학교),A-06,유출,원남동사거리->성균관대입구,11988.0,37.5831,127.0009,9시,739.0
0,20180109.0,화,창경궁로(서울여자대학교),A-06,유출,원남동사거리->성균관대입구,11988.0,37.5831,127.0009,10시,793.0
0,20180109.0,화,창경궁로(서울여자대학교),A-06,유출,원남동사거리->성균관대입구,11988.0,37.5831,127.0009,11시,907.0
0,20180109.0,화,창경궁로(서울여자대학교),A-06,유출,원남동사거리->성균관대입구,11988.0,37.5831,127.0009,12시,880.0
0,20180109.0,화,창경궁로(서울여자대학교),A-06,유출,원남동사거리->성균관대입구,11988.0,37.5831,127.0009,13시,892.0
0,20180109.0,화,창경궁로(서울여자대학교),A-06,유출,원남동사거리->성균관대입구,11988.0,37.5831,127.0009,14시,908.0
0,20180109.0,화,창경궁로(서울여자대학교),A-06,유출,원남동사거리->성균관대입구,11988.0,37.5831,127.0009,15시,948.0
0,20180109.0,화,창경궁로(서울여자대학교),A-06,유출,원남동사거리->성균관대입구,11988.0,37.5831,127.0009,16시,1077.0
0,20180109.0,화,창경궁로(서울여자대학교),A-06,유출,원남동사거리->성균관대입구,11988.0,37.5831,127.0009,17시,980.0
0,20180109.0,화,창경궁로(서울여자대학교),A-06,유출,원남동사거리->성균관대입구,11988.0,37.5831,127.0009,18시,1125.0
0,20180109.0,화,창경궁로(서울여자대학교),A-06,유출,원남동사거리->성균관대입구,11988.0,37.5831,127.0009,19시,1142.0
0,20180109.0,화,창경궁로(서울여자대학교),A-06,유출,원남동사거리->성균관대입구,11988.0,37.5831,127.0009,20시,954.0
0,20180110.0,수,창경궁로(서울여자대학교),A-06,유출,원남동사거리->성균관대입구,11739.0,37.5831,127.0009,8시,581.0
0,20180110.0,수,창경궁로(서울여자대학교),A-06,유출,원남동사거리->성균관대입구,11739.0,37.5831,127.0009,9시,742.0
0,20180110.0,수,창경궁로(서울여자대학교),A-06,유출,원남동사거리->성균관대입구,11739.0,37.5831,127.0009,10시,774.0
0,20180110.0,수,창경궁로(서울여자대학교),A-06,유출,원남동사거리->성균관대입구,11739.0,37.5831,127.0009,11시,801.0
0,20180110.0,수,창경궁로(서울여자대학교),A-06,유출,원남동사거리->성균관대입구,11739.0,37.5831,127.0009,12시,989.0
0,20180110.0,수,창경궁로(서울여자대학교),A-06,유출,원남동사거리->성균관대입구,11739.0,37.5831,127.0009,13시,870.0
0,20180110.0,수,창경궁로(서울여자대학교),A-06,유출,원남동사거리->성균관대입구,11739.0,37.5831,127.0009,14시,835.0
0,20180110.0,수,창경궁로(서울여자대학교),A-06,유출,원남동사거리->성균관대입구,11739.0,37.5831,127.0009,15시,1020.0
0,20180110.0,수,창경궁로(서울여자대학교),A-06,유출,원남동사거리->성균관대입구,11739.0,37.5831,127.0009,16시,999.0
0,20180110.0,수,창경궁로(서울여자대학교),A-06,유출,원남동사거리->성균관대입구,11739.0,37.5831,127.0009,17시,968.0
0,20180110.0,수,창경궁로(서울여자대학교),A-06,유출,원남동사거리->성균관대입구,11739.0,37.5831,127.0009,18시,1080.0
0,20180110.0,수,창경궁로(서울여자대학교),A-06,유출,원남동사거리->성균관대입구,11739.0,37.5831,127.0009,19시,1068.0
0,20180110.0,수,창경궁로(서울여자대학교),A-06,유출,원남동사거리->성균관대입구,11739.0,37.5831,127.0009,20시,1012.0
0,20180111.0,목,창경궁로(서울여자대학교),A-06,유출,원남동사거리->성균관대입구,11960.0,37.5831,127.0009,8시,622.0
0,20180111.0,목,창경궁로(서울여자대학교),A-06,유출,원남동사거리->성균관대입구,11960.0,37.5831,127.0009,9시,715.0
0,20180111.0,목,창경궁로(서울여자대학교),A-06,유출,원남동사거리->성균관대입구,11960.0,37.5831,127.0009,10시,809.0
0,20180111.0,목,창경궁로(서울여자대학교),A-06,유출,원남동사거리->성균관대입구,11960.0,37.5831,127.0009,11시,843.0
0,20180111.0,목,창경궁로(서울여자대학교),A-06,유출,원남동사거리->성균관대입구,11960.0,37.5831,127.0009,12시,836.0
0,20180111.0,목,창경궁로(서울여자대학교),A-06,유출,원남동사거리->성균관대입구,11960.0,37.5831,127.0009,13시,836.0
0,20180111.0,목,창경궁로(서울여자대학교),A-06,유출,원남동사거리->성균관대입구,11960.0,37.5831,127.0009,14시,927.0
0,20180111.0,목,창경궁로(서울여자대학교),A-06,유출,원남동사거리->성균관대입구,11960.0,37.5831,127.0009,15시,1010.0
0,20180111.0,목,창경궁로(서울여자대학교),A-06,유출,원남동사거리->성균관대입구,11960.0,37.5831,127.0009,16시,1009.0
0,20180111.0,목,창경궁로(서울여자대학교),A-06,유출,원남동사거리->성균관대입구,11960.0,37.5831,127.0009,17시,1065.0
0,20180111.0,목,창경궁로(서울여자대학교),A-06,유출,원남동사거리->성균관대입구,11960.0,37.5831,127.0009,18시,1120.0
0,20180111.0,목,창경궁로(서울여자대학교),A-06,유출,원남동사거리->성균관대입구,11960.0,37.5831,127.0009,19시,1122.0
0,20180111.0,목,창경궁로(서울여자대학교),A-06,유출,원남동사거리->성균관대입구,11960.0,37.5831,127.0009,20시,1046.0
0,20180112.0,금,창경궁로(서울여자대학교),A-06,유출,원남동사거리->성균관대입구,11760.0,37.5831,127.0009,8시,587.0
0,20180112.0,금,창경궁로(서울여자대학교),A-06,유출,원남동사거리->성균관대입구,11760.0,37.5831,127.0009,9시,710.0
0,20180112.0,금,창경궁로(서울여자대학교),A-06,유출,원남동사거리->성균관대입구,11760.0,37.5831,127.0009,10시,722.0
0,20180112.0,금,창경궁로(서울여자대학교),A-06,유출,원남동사거리->성균관대입구,11760.0,37.5831,127.0009,11시,861.0
0,20180112.0,금,창경궁로(서울여자대학교),A-06,유출,원남동사거리->성균관대입구,11760.0,37.5831,127.0009,12시,876.0
0,20180112.0,금,창경궁로(서울여자대학교),A-06,유출,원남동사거리->성균관대입구,11760.0,37.5831,127.0009,13시,866.0
0,20180112.0,금,창경궁로(서울여자대학교),A-06,유출,원남동사거리->성균관대입구,11760.0,37.5831,127.0009,14시,922.0
0,20180112.0,금,창경궁로(서울여자대학교),A-06,유출,원남동사거리->성균관대입구,11760.0,37.5831,127.0009,15시,1062.0
0,20180112.0,금,창경궁로(서울여자대학교),A-06,유출,원남동사거리->성균관대입구,11760.0,37.5831,127.0009,16시,1021.0
0,20180112.0,금,창경궁로(서울여자대학교),A-06,유출,원남동사거리->성균관대입구,11760.0,37.5831,127.0009,17시,1007.0
0,20180112.0,금,창경궁로(서울여자대학교),A-06,유출,원남동사거리->성균관대입구,11760.0,37.5831,127.0009,18시,997.0
0,20180112.0,금,창경궁로(서울여자대학교),A-06,유출,원남동사거리->성균관대입구,11760.0,37.5831,127.0009,19시,1073.0
0,20180112.0,금,창경궁로(서울여자대학교),A-06,유출,원남동사거리->성균관대입구,11760.0,37.5831,127.0009,20시,1056.0
0,20180113.0,토,창경궁로(서울여자대학교),A-06,유출,원남동사거리->성균관대입구,11225.0,37.5831,127.0009,8시,812.0
0,20180113.0,토,창경궁로(서울여자대학교),A-06,유출,원남동사거리->성균관대입구,11225.0,37.5831,127.0009,9시,706.0
0,20180113.0,토,창경궁로(서울여자대학교),A-06,유출,원남동사거리->성균관대입구,11225.0,37.5831,127.0009,10시,843.0
0,20180113.0,토,창경궁로(서울여자대학교),A-06,유출,원남동사거리->성균관대입구,11225.0,37.5831,127.0009,11시,867.0
0,20180113.0,토,창경궁로(서울여자대학교),A-06,유출,원남동사거리->성균관대입구,11225.0,37.5831,127.0009,12시,888.0
0,20180113.0,토,창경궁로(서울여자대학교),A-06,유출,원남동사거리->성균관대입구,11225.0,37.5831,127.0009,13시,934.0
0,20180113.0,토,창경궁로(서울여자대학교),A-06,유출,원남동사거리->성균관대입구,11225.0,37.5831,127.0009,14시,899.0
0,20180113.0,토,창경궁로(서울여자대학교),A-06,유출,원남동사거리->성균관대입구,11225.0,37.5831,127.0009,15시,905.0
0,20180113.0,토,창경궁로(서울여자대학교),A-06,유출,원남동사거리->성균관대입구,11225.0,37.5831,127.0009,16시,896.0
0,20180113.0,토,창경궁로(서울여자대학교),A-06,유출,원남동사거리->성균관대입구,11225.0,37.5831,127.0009,17시,797.0
0,20180113.0,토,창경궁로(서울여자대학교),A-06,유출,원남동사거리->성균관대입구,11225.0,37.5831,127.0009,18시,970.0
0,20180113.0,토,창경궁로(서울여자대학교),A-06,유출,원남동사거리->성균관대입구,11225.0,37.5831,127.0009,19시,884.0
0,20180113.0,토,창경궁로(서울여자대학교),A-06,유출,원남동사거리->성균관대입구,11225.0,37.5831,127.0009,20시,824.0
0,20180114.0,일,창경궁로(서울여자대학교),A-06,유출,원남동사거리->성균관대입구,10327.0,37.5831,127.0009,8시,415.0
0,20180114.0,일,창경궁로(서울여자대학교),A-06,유출,원남동사거리->성균관대입구,10327.0,37.5831,127.0009,9시,500.0
0,20180114.0,일,창경궁로(서울여자대학교),A-06,유출,원남동사거리->성균관대입구,10327.0,37.5831,127.0009,10시,688.0
0,20180114.0,일,창경궁로(서울여자대학교),A-06,유출,원남동사거리->성균관대입구,10327.0,37.5831,127.0009,11시,636.0
0,20180114.0,일,창경궁로(서울여자대학교),A-06,유출,원남동사거리->성균관대입구,10327.0,37.5831,127.0009,12시,738.0
0,20180114.0,일,창경궁로(서울여자대학교),A-06,유출,원남동사거리->성균관대입구,10327.0,37.5831,127.0009,13시,892.0
0,20180114.0,일,창경궁로(서울여자대학교),A-06,유출,원남동사거리->성균관대입구,10327.0,37.5831,127.0009,14시,946.0
0,20180114.0,일,창경궁로(서울여자대학교),A-06,유출,원남동사거리->성균관대입구,10327.0,37.5831,127.0009,15시,968.0
0,20180114.0,일,창경궁로(서울여자대학교),A-06,유출,원남동사거리->성균관대입구,10327.0,37.5831,127.0009,16시,1010.0
0,20180114.0,일,창경궁로(서울여자대학교),A-06,유출,원남동사거리->성균관대입구,10327.0,37.5831,127.0009,17시,1012.0
0,20180114.0,일,창경궁로(서울여자대학교),A-06,유출,원남동사거리->성균관대입구,10327.0,37.5831,127.0009,18시,945.0
0,20180114.0,일,창경궁로(서울여자대학교),A-06,유출,원남동사거리->성균관대입구,10327.0,37.5831,127.0009,19시,796.0
0,20180114.0,일,창경궁로(서울여자대학교),A-06,유출,원남동사거리->성균관대입구,10327.0,37.5831,127.0009,20시,781.0
0,20180115.0,월,창경궁로(서울여자대학교),A-06,유출,원남동사거리->성균관대입구,11457.0,37.5831,127.0009,8시,590.0
0,20180115.0,월,창경궁로(서울여자대학교),A-06,유출,원남동사거리->성균관대입구,11457.0,37.5831,127.0009,9시,722.0
0,20180115.0,월,창경궁로(서울여자대학교),A-06,유출,원남동사거리->성균관대입구,11457.0,37.5831,127.0009,10시,723.0
0,20180115.0,월,창경궁로(서울여자대학교),A-06,유출,원남동사거리->성균관대입구,11457.0,37.5831,127.0009,11시,856.0
0,20180115.0,월,창경궁로(서울여자대학교),A-06,유출,원남동사거리->성균관대입구,11457.0,37.5831,127.0009,12시,829.0
0,20180115.0,월,창경궁로(서울여자대학교),A-06,유출,원남동사거리->성균관대입구,11457.0,37.5831,127.0009,13시,845.0
0,20180115.0,월,창경궁로(서울여자대학교),A-06,유출,원남동사거리->성균관대입구,11457.0,37.5831,127.0009,14시,903.0
0,20180115.0,월,창경궁로(서울여자대학교),A-06,유출,원남동사거리->성균관대입구,11457.0,37.5831,127.0009,15시,909.0
0,20180115.0,월,창경궁로(서울여자대학교),A-06,유출,원남동사거리->성균관대입구,11457.0,37.5831,127.0009,16시,961.0
0,20180115.0,월,창경궁로(서울여자대학교),A-06,유출,원남동사거리->성균관대입구,11457.0,37.5831,127.0009,17시,971.0
0,20180115.0,월,창경궁로(서울여자대학교),A-06,유출,원남동사거리->성균관대입구,11457.0,37.5831,127.0009,18시,1126.0
0,20180115.0,월,창경궁로(서울여자대학교),A-06,유출,원남동사거리->성균관대입구,11457.0,37.5831,127.0009,19시,993.0
0,20180115.0,월,창경궁로(서울여자대학교),A-06,유출,원남동사거리->성균관대입구,11457.0,37.5831,127.0009,20시,1029.0
0,20180116.0,화,창경궁로(서울여자대학교),A-06,유출,원남동사거리->성균관대입구,11688.0,37.5831,127.0009,8시,620.0
0,20180116.0,화,창경궁로(서울여자대학교),A-06,유출,원남동사거리->성균관대입구,11688.0,37.5831,127.0009,9시,726.0
0,20180116.0,화,창경궁로(서울여자대학교),A-06,유출,원남동사거리->성균관대입구,11688.0,37.5831,127.0009,10시,741.0
0,20180116.0,화,창경궁로(서울여자대학교),A-06,유출,원남동사거리->성균관대입구,11688.0,37.5831,127.0009,11시,873.0
0,20180116.0,화,창경궁로(서울여자대학교),A-06,유출,원남동사거리->성균관대입구,11688.0,37.5831,127.0009,12시,866.0
0,20180116.0,화,창경궁로(서울여자대학교),A-06,유출,원남동사거리->성균관대입구,11688.0,37.5831,127.0009,13시,889.0
0,20180116.0,화,창경궁로(서울여자대학교),A-06,유출,원남동사거리->성균관대입구,11688.0,37.5831,127.0009,14시,913.0
0,20180116.0,화,창경궁로(서울여자대학교),A-06,유출,원남동사거리->성균관대입구,11688.0,37.5831,127.0009,15시,969.0
0,20180116.0,화,창경궁로(서울여자대학교),A-06,유출,원남동사거리->성균관대입구,11688.0,37.5831,127.0009,16시,981.0
0,20180116.0,화,창경궁로(서울여자대학교),A-06,유출,원남동사거리->성균관대입구,11688.0,37.5831,127.0009,17시,978.0
0,20180116.0,화,창경궁로(서울여자대학교),A-06,유출,원남동사거리->성균관대입구,11688.0,37.5831,127.0009,18시,1045.0
0,20180116.0,화,창경궁로(서울여자대학교),A-06,유출,원남동사거리->성균관대입구,11688.0,37.5831,127.0009,19시,1077.0
0,20180116.0,화,창경궁로(서울여자대학교),A-06,유출,원남동사거리->성균관대입구,11688.0,37.5831,127.0009,20시,1010.0
0,20180117.0,수,창경궁로(서울여자대학교),A-06,유출,원남동사거리->성균관대입구,11686.0,37.5831,127.0009,8시,607.0
0,20180117.0,수,창경궁로(서울여자대학교),A-06,유출,원남동사거리->성균관대입구,11686.0,37.5831,127.0009,9시,715.0
0,20180117.0,수,창경궁로(서울여자대학교),A-06,유출,원남동사거리->성균관대입구,11686.0,37.5831,127.0009,10시,752.0
0,20180117.0,수,창경궁로(서울여자대학교),A-06,유출,원남동사거리->성균관대입구,11686.0,37.5831,127.0009,11시,845.0
0,20180117.0,수,창경궁로(서울여자대학교),A-06,유출,원남동사거리->성균관대입구,11686.0,37.5831,127.0009,12시,882.0
0,20180117.0,수,창경궁로(서울여자대학교),A-06,유출,원남동사거리->성균관대입구,11686.0,37.5831,127.0009,13시,839.0
0,20180117.0,수,창경궁로(서울여자대학교),A-06,유출,원남동사거리->성균관대입구,11686.0,37.5831,127.0009,14시,910.0
0,20180117.0,수,창경궁로(서울여자대학교),A-06,유출,원남동사거리->성균관대입구,11686.0,37.5831,127.0009,15시,1012.0
0,20180117.0,수,창경궁로(서울여자대학교),A-06,유출,원남동사거리->성균관대입구,11686.0,37.5831,127.0009,16시,1032.0
0,20180117.0,수,창경궁로(서울여자대학교),A-06,유출,원남동사거리->성균관대입구,11686.0,37.5831,127.0009,17시,996.0
0,20180117.0,수,창경궁로(서울여자대학교),A-06,유출,원남동사거리->성균관대입구,11686.0,37.5831,127.0009,18시,1103.0
0,20180117.0,수,창경궁로(서울여자대학교),A-06,유출,원남동사거리->성균관대입구,11686.0,37.5831,127.0009,19시,998.0
0,20180117.0,수,창경궁로(서울여자대학교),A-06,유출,원남동사거리->성균관대입구,11686.0,37.5831,127.0009,20시,995.0
0,20180118.0,목,창경궁로(서울여자대학교),A-06,유출,원남동사거리->성균관대입구,11825.0,37.5831,127.0009,8시,624.0
0,20180118.0,목,창경궁로(서울여자대학교),A-06,유출,원남동사거리->성균관대입구,11825.0,37.5831,127.0009,9시,753.0
0,20180118.0,목,창경궁로(서울여자대학교),A-06,유출,원남동사거리->성균관대입구,11825.0,37.5831,127.0009,10시,819.0
0,20180118.0,목,창경궁로(서울여자대학교),A-06,유출,원남동사거리->성균관대입구,11825.0,37.5831,127.0009,11시,839.0
0,20180118.0,목,창경궁로(서울여자대학교),A-06,유출,원남동사거리->성균관대입구,11825.0,37.5831,127.0009,12시,869.0
0,20180118.0,목,창경궁로(서울여자대학교),A-06,유출,원남동사거리->성균관대입구,11825.0,37.5831,127.0009,13시,851.0
0,20180118.0,목,창경궁로(서울여자대학교),A-06,유출,원남동사거리->성균관대입구,11825.0,37.5831,127.0009,14시,868.0
0,20180118.0,목,창경궁로(서울여자대학교),A-06,유출,원남동사거리->성균관대입구,11825.0,37.5831,127.0009,15시,943.0
0,20180118.0,목,창경궁로(서울여자대학교),A-06,유출,원남동사거리->성균관대입구,11825.0,37.5831,127.0009,16시,1036.0
0,20180118.0,목,창경궁로(서울여자대학교),A-06,유출,원남동사거리->성균관대입구,11825.0,37.5831,127.0009,17시,941.0
0,20180118.0,목,창경궁로(서울여자대학교),A-06,유출,원남동사거리->성균관대입구,11825.0,37.5831,127.0009,18시,1104.0
0,20180118.0,목,창경궁로(서울여자대학교),A-06,유출,원남동사거리->성균관대입구,11825.0,37.5831,127.0009,19시,1114.0
0,20180118.0,목,창경궁로(서울여자대학교),A-06,유출,원남동사거리->성균관대입구,11825.0,37.5831,127.0009,20시,1064.0
0,20180119.0,금,창경궁로(서울여자대학교),A-06,유출,원남동사거리->성균관대입구,11921.0,37.5831,127.0009,8시,602.0
0,20180119.0,금,창경궁로(서울여자대학교),A-06,유출,원남동사거리->성균관대입구,11921.0,37.5831,127.0009,9시,697.0
0,20180119.0,금,창경궁로(서울여자대학교),A-06,유출,원남동사거리->성균관대입구,11921.0,37.5831,127.0009,10시,810.0
0,20180119.0,금,창경궁로(서울여자대학교),A-06,유출,원남동사거리->성균관대입구,11921.0,37.5831,127.0009,11시,901.0
0,20180119.0,금,창경궁로(서울여자대학교),A-06,유출,원남동사거리->성균관대입구,11921.0,37.5831,127.0009,12시,856.0
0,20180119.0,금,창경궁로(서울여자대학교),A-06,유출,원남동사거리->성균관대입구,11921.0,37.5831,127.0009,13시,934.0
0,20180119.0,금,창경궁로(서울여자대학교),A-06,유출,원남동사거리->성균관대입구,11921.0,37.5831,127.0009,14시,947.0
0,20180119.0,금,창경궁로(서울여자대학교),A-06,유출,원남동사거리->성균관대입구,11921.0,37.5831,127.0009,15시,990.0
0,20180119.0,금,창경궁로(서울여자대학교),A-06,유출,원남동사거리->성균관대입구,11921.0,37.5831,127.0009,16시,1022.0
0,20180119.0,금,창경궁로(서울여자대학교),A-06,유출,원남동사거리->성균관대입구,11921.0,37.5831,127.0009,17시,982.0
0,20180119.0,금,창경궁로(서울여자대학교),A-06,유출,원남동사거리->성균관대입구,11921.0,37.5831,127.0009,18시,1103.0
0,20180119.0,금,창경궁로(서울여자대학교),A-06,유출,원남동사거리->성균관대입구,11921.0,37.5831,127.0009,19시,1058.0
0,20180119.0,금,창경궁로(서울여자대학교),A-06,유출,원남동사거리->성균관대입구,11921.0,37.5831,127.0009,20시,1019.0
0,20180120.0,토,창경궁로(서울여자대학교),A-06,유출,원남동사거리->성균관대입구,11265.0,37.5831,127.0009,8시,640.0
0,20180120.0,토,창경궁로(서울여자대학교),A-06,유출,원남동사거리->성균관대입구,11265.0,37.5831,127.0009,9시,707.0
0,20180120.0,토,창경궁로(서울여자대학교),A-06,유출,원남동사거리->성균관대입구,11265.0,37.5831,127.0009,10시,727.0
0,20180120.0,토,창경궁로(서울여자대학교),A-06,유출,원남동사거리->성균관대입구,11265.0,37.5831,127.0009,11시,753.0
0,20180120.0,토,창경궁로(서울여자대학교),A-06,유출,원남동사거리->성균관대입구,11265.0,37.5831,127.0009,12시,835.0
0,20180120.0,토,창경궁로(서울여자대학교),A-06,유출,원남동사거리->성균관대입구,11265.0,37.5831,127.0009,13시,924.0
0,20180120.0,토,창경궁로(서울여자대학교),A-06,유출,원남동사거리->성균관대입구,11265.0,37.5831,127.0009,14시,1002.0
0,20180120.0,토,창경궁로(서울여자대학교),A-06,유출,원남동사거리->성균관대입구,11265.0,37.5831,127.0009,15시,1025.0
0,20180120.0,토,창경궁로(서울여자대학교),A-06,유출,원남동사거리->성균관대입구,11265.0,37.5831,127.0009,16시,902.0
0,20180120.0,토,창경궁로(서울여자대학교),A-06,유출,원남동사거리->성균관대입구,11265.0,37.5831,127.0009,17시,876.0
0,20180120.0,토,창경궁로(서울여자대학교),A-06,유출,원남동사거리->성균관대입구,11265.0,37.5831,127.0009,18시,1032.0
0,20180120.0,토,창경궁로(서울여자대학교),A-06,유출,원남동사거리->성균관대입구,11265.0,37.5831,127.0009,19시,891.0
0,20180120.0,토,창경궁로(서울여자대학교),A-06,유출,원남동사거리->성균관대입구,11265.0,37.5831,127.0009,20시,951.0
0,20180121.0,일,창경궁로(서울여자대학교),A-06,유출,원남동사거리->성균관대입구,10439.0,37.5831,127.0009,8시,399.0
0,20180121.0,일,창경궁로(서울여자대학교),A-06,유출,원남동사거리->성균관대입구,10439.0,37.5831,127.0009,9시,580.0
0,20180121.0,일,창경궁로(서울여자대학교),A-06,유출,원남동사거리->성균관대입구,10439.0,37.5831,127.0009,10시,616.0
0,20180121.0,일,창경궁로(서울여자대학교),A-06,유출,원남동사거리->성균관대입구,10439.0,37.5831,127.0009,11시,651.0
0,20180121.0,일,창경궁로(서울여자대학교),A-06,유출,원남동사거리->성균관대입구,10439.0,37.5831,127.0009,12시,776.0
0,20180121.0,일,창경궁로(서울여자대학교),A-06,유출,원남동사거리->성균관대입구,10439.0,37.5831,127.0009,13시,851.0
0,20180121.0,일,창경궁로(서울여자대학교),A-06,유출,원남동사거리->성균관대입구,10439.0,37.5831,127.0009,14시,978.0
0,20180121.0,일,창경궁로(서울여자대학교),A-06,유출,원남동사거리->성균관대입구,10439.0,37.5831,127.0009,15시,948.0
0,20180121.0,일,창경궁로(서울여자대학교),A-06,유출,원남동사거리->성균관대입구,10439.0,37.5831,127.0009,16시,1015.0
0,20180121.0,일,창경궁로(서울여자대학교),A-06,유출,원남동사거리->성균관대입구,10439.0,37.5831,127.0009,17시,1022.0
0,20180121.0,일,창경궁로(서울여자대학교),A-06,유출,원남동사거리->성균관대입구,10439.0,37.5831,127.0009,18시,952.0
0,20180121.0,일,창경궁로(서울여자대학교),A-06,유출,원남동사거리->성균관대입구,10439.0,37.5831,127.0009,19시,840.0
0,20180121.0,일,창경궁로(서울여자대학교),A-06,유출,원남동사거리->성균관대입구,10439.0,37.5831,127.0009,20시,811.0
0,20180122.0,월,창경궁로(서울여자대학교),A-06,유출,원남동사거리->성균관대입구,11472.0,37.5831,127.0009,8시,556.0
0,20180122.0,월,창경궁로(서울여자대학교),A-06,유출,원남동사거리->성균관대입구,11472.0,37.5831,127.0009,9시,703.0
0,20180122.0,월,창경궁로(서울여자대학교),A-06,유출,원남동사거리->성균관대입구,11472.0,37.5831,127.0009,10시,756.0
0,20180122.0,월,창경궁로(서울여자대학교),A-06,유출,원남동사거리->성균관대입구,11472.0,37.5831,127.0009,11시,857.0
0,20180122.0,월,창경궁로(서울여자대학교),A-06,유출,원남동사거리->성균관대입구,11472.0,37.5831,127.0009,12시,805.0
0,20180122.0,월,창경궁로(서울여자대학교),A-06,유출,원남동사거리->성균관대입구,11472.0,37.5831,127.0009,13시,898.0
0,20180122.0,월,창경궁로(서울여자대학교),A-06,유출,원남동사거리->성균관대입구,11472.0,37.5831,127.0009,14시,909.0
0,20180122.0,월,창경궁로(서울여자대학교),A-06,유출,원남동사거리->성균관대입구,11472.0,37.5831,127.0009,15시,1011.0
0,20180122.0,월,창경궁로(서울여자대학교),A-06,유출,원남동사거리->성균관대입구,11472.0,37.5831,127.0009,16시,951.0
0,20180122.0,월,창경궁로(서울여자대학교),A-06,유출,원남동사거리->성균관대입구,11472.0,37.5831,127.0009,17시,936.0
0,20180122.0,월,창경궁로(서울여자대학교),A-06,유출,원남동사거리->성균관대입구,11472.0,37.5831,127.0009,18시,1107.0
0,20180122.0,월,창경궁로(서울여자대학교),A-06,유출,원남동사거리->성균관대입구,11472.0,37.5831,127.0009,19시,1073.0
0,20180122.0,월,창경궁로(서울여자대학교),A-06,유출,원남동사거리->성균관대입구,11472.0,37.5831,127.0009,20시,910.0
0,20180123.0,화,창경궁로(서울여자대학교),A-06,유출,원남동사거리->성균관대입구,11937.0,37.5831,127.0009,8시,629.0
0,20180123.0,화,창경궁로(서울여자대학교),A-06,유출,원남동사거리->성균관대입구,11937.0,37.5831,127.0009,9시,726.0
0,20180123.0,화,창경궁로(서울여자대학교),A-06,유출,원남동사거리->성균관대입구,11937.0,37.5831,127.0009,10시,773.0
0,20180123.0,화,창경궁로(서울여자대학교),A-06,유출,원남동사거리->성균관대입구,11937.0,37.5831,127.0009,11시,841.0
0,20180123.0,화,창경궁로(서울여자대학교),A-06,유출,원남동사거리->성균관대입구,11937.0,37.5831,127.0009,12시,851.0
0,20180123.0,화,창경궁로(서울여자대학교),A-06,유출,원남동사거리->성균관대입구,11937.0,37.5831,127.0009,13시,883.0
0,20180123.0,화,창경궁로(서울여자대학교),A-06,유출,원남동사거리->성균관대입구,11937.0,37.5831,127.0009,14시,873.0
0,20180123.0,화,창경궁로(서울여자대학교),A-06,유출,원남동사거리->성균관대입구,11937.0,37.5831,127.0009,15시,1055.0
0,20180123.0,화,창경궁로(서울여자대학교),A-06,유출,원남동사거리->성균관대입구,11937.0,37.5831,127.0009,16시,1031.0
0,20180123.0,화,창경궁로(서울여자대학교),A-06,유출,원남동사거리->성균관대입구,11937.0,37.5831,127.0009,17시,1034.0
0,20180123.0,화,창경궁로(서울여자대학교),A-06,유출,원남동사거리->성균관대입구,11937.0,37.5831,127.0009,18시,1090.0
0,20180123.0,화,창경궁로(서울여자대학교),A-06,유출,원남동사거리->성균관대입구,11937.0,37.5831,127.0009,19시,1121.0
0,20180123.0,화,창경궁로(서울여자대학교),A-06,유출,원남동사거리->성균관대입구,11937.0,37.5831,127.0009,20시,1030.0
0,20180124.0,수,창경궁로(서울여자대학교),A-06,유출,원남동사거리->성균관대입구,11850.0,37.5831,127.0009,8시,661.0
0,20180124.0,수,창경궁로(서울여자대학교),A-06,유출,원남동사거리->성균관대입구,11850.0,37.5831,127.0009,9시,734.0
0,20180124.0,수,창경궁로(서울여자대학교),A-06,유출,원남동사거리->성균관대입구,11850.0,37.5831,127.0009,10시,680.0
0,20180124.0,수,창경궁로(서울여자대학교),A-06,유출,원남동사거리->성균관대입구,11850.0,37.5831,127.0009,11시,841.0
0,20180124.0,수,창경궁로(서울여자대학교),A-06,유출,원남동사거리->성균관대입구,11850.0,37.5831,127.0009,12시,913.0
0,20180124.0,수,창경궁로(서울여자대학교),A-06,유출,원남동사거리->성균관대입구,11850.0,37.5831,127.0009,13시,879.0
0,20180124.0,수,창경궁로(서울여자대학교),A-06,유출,원남동사거리->성균관대입구,11850.0,37.5831,127.0009,14시,918.0
0,20180124.0,수,창경궁로(서울여자대학교),A-06,유출,원남동사거리->성균관대입구,11850.0,37.5831,127.0009,15시,985.0
0,20180124.0,수,창경궁로(서울여자대학교),A-06,유출,원남동사거리->성균관대입구,11850.0,37.5831,127.0009,16시,1050.0
0,20180124.0,수,창경궁로(서울여자대학교),A-06,유출,원남동사거리->성균관대입구,11850.0,37.5831,127.0009,17시,1014.0
0,20180124.0,수,창경궁로(서울여자대학교),A-06,유출,원남동사거리->성균관대입구,11850.0,37.5831,127.0009,18시,1081.0
0,20180124.0,수,창경궁로(서울여자대학교),A-06,유출,원남동사거리->성균관대입구,11850.0,37.5831,127.0009,19시,1127.0
0,20180124.0,수,창경궁로(서울여자대학교),A-06,유출,원남동사거리->성균관대입구,11850.0,37.5831,127.0009,20시,967.0
0,20180125.0,목,창경궁로(서울여자대학교),A-06,유출,원남동사거리->성균관대입구,11929.0,37.5831,127.0009,8시,624.0
0,20180125.0,목,창경궁로(서울여자대학교),A-06,유출,원남동사거리->성균관대입구,11929.0,37.5831,127.0009,9시,742.0
0,20180125.0,목,창경궁로(서울여자대학교),A-06,유출,원남동사거리->성균관대입구,11929.0,37.5831,127.0009,10시,764.0
0,20180125.0,목,창경궁로(서울여자대학교),A-06,유출,원남동사거리->성균관대입구,11929.0,37.5831,127.0009,11시,907.0
0,20180125.0,목,창경궁로(서울여자대학교),A-06,유출,원남동사거리->성균관대입구,11929.0,37.5831,127.0009,12시,830.0
0,20180125.0,목,창경궁로(서울여자대학교),A-06,유출,원남동사거리->성균관대입구,11929.0,37.5831,127.0009,13시,850.0
0,20180125.0,목,창경궁로(서울여자대학교),A-06,유출,원남동사거리->성균관대입구,11929.0,37.5831,127.0009,14시,915.0
0,20180125.0,목,창경궁로(서울여자대학교),A-06,유출,원남동사거리->성균관대입구,11929.0,37.5831,127.0009,15시,999.0
0,20180125.0,목,창경궁로(서울여자대학교),A-06,유출,원남동사거리->성균관대입구,11929.0,37.5831,127.0009,16시,1047.0
0,20180125.0,목,창경궁로(서울여자대학교),A-06,유출,원남동사거리->성균관대입구,11929.0,37.5831,127.0009,17시,1033.0
0,20180125.0,목,창경궁로(서울여자대학교),A-06,유출,원남동사거리->성균관대입구,11929.0,37.5831,127.0009,18시,1092.0
0,20180125.0,목,창경궁로(서울여자대학교),A-06,유출,원남동사거리->성균관대입구,11929.0,37.5831,127.0009,19시,1100.0
0,20180125.0,목,창경궁로(서울여자대학교),A-06,유출,원남동사거리->성균관대입구,11929.0,37.5831,127.0009,20시,1026.0
0,20180126.0,금,창경궁로(서울여자대학교),A-06,유출,원남동사거리->성균관대입구,11633.0,37.5831,127.0009,8시,633.0
0,20180126.0,금,창경궁로(서울여자대학교),A-06,유출,원남동사거리->성균관대입구,11633.0,37.5831,127.0009,9시,636.0
0,20180126.0,금,창경궁로(서울여자대학교),A-06,유출,원남동사거리->성균관대입구,11633.0,37.5831,127.0009,10시,710.0
0,20180126.0,금,창경궁로(서울여자대학교),A-06,유출,원남동사거리->성균관대입구,11633.0,37.5831,127.0009,11시,713.0
0,20180126.0,금,창경궁로(서울여자대학교),A-06,유출,원남동사거리->성균관대입구,11633.0,37.5831,127.0009,12시,772.0
0,20180126.0,금,창경궁로(서울여자대학교),A-06,유출,원남동사거리->성균관대입구,11633.0,37.5831,127.0009,13시,873.0
0,20180126.0,금,창경궁로(서울여자대학교),A-06,유출,원남동사거리->성균관대입구,11633.0,37.5831,127.0009,14시,973.0
0,20180126.0,금,창경궁로(서울여자대학교),A-06,유출,원남동사거리->성균관대입구,11633.0,37.5831,127.0009,15시,1014.0
0,20180126.0,금,창경궁로(서울여자대학교),A-06,유출,원남동사거리->성균관대입구,11633.0,37.5831,127.0009,16시,1045.0
0,20180126.0,금,창경궁로(서울여자대학교),A-06,유출,원남동사거리->성균관대입구,11633.0,37.5831,127.0009,17시,1038.0
0,20180126.0,금,창경궁로(서울여자대학교),A-06,유출,원남동사거리->성균관대입구,11633.0,37.5831,127.0009,18시,1070.0
0,20180126.0,금,창경궁로(서울여자대학교),A-06,유출,원남동사거리->성균관대입구,11633.0,37.5831,127.0009,19시,1103.0
0,20180126.0,금,창경궁로(서울여자대학교),A-06,유출,원남동사거리->성균관대입구,11633.0,37.5831,127.0009,20시,1053.0
0,20180127.0,토,창경궁로(서울여자대학교),A-06,유출,원남동사거리->성균관대입구,11434.0,37.5831,127.0009,8시,554.0
0,20180127.0,토,창경궁로(서울여자대학교),A-06,유출,원남동사거리->성균관대입구,11434.0,37.5831,127.0009,9시,722.0
0,20180127.0,토,창경궁로(서울여자대학교),A-06,유출,원남동사거리->성균관대입구,11434.0,37.5831,127.0009,10시,742.0
0,20180127.0,토,창경궁로(서울여자대학교),A-06,유출,원남동사거리->성균관대입구,11434.0,37.5831,127.0009,11시,823.0
0,20180127.0,토,창경궁로(서울여자대학교),A-06,유출,원남동사거리->성균관대입구,11434.0,37.5831,127.0009,12시,891.0
0,20180127.0,토,창경궁로(서울여자대학교),A-06,유출,원남동사거리->성균관대입구,11434.0,37.5831,127.0009,13시,919.0
0,20180127.0,토,창경궁로(서울여자대학교),A-06,유출,원남동사거리->성균관대입구,11434.0,37.5831,127.0009,14시,958.0
0,20180127.0,토,창경궁로(서울여자대학교),A-06,유출,원남동사거리->성균관대입구,11434.0,37.5831,127.0009,15시,895.0
0,20180127.0,토,창경궁로(서울여자대학교),A-06,유출,원남동사거리->성균관대입구,11434.0,37.5831,127.0009,16시,951.0
0,20180127.0,토,창경궁로(서울여자대학교),A-06,유출,원남동사거리->성균관대입구,11434.0,37.5831,127.0009,17시,1087.0
0,20180127.0,토,창경궁로(서울여자대학교),A-06,유출,원남동사거리->성균관대입구,11434.0,37.5831,127.0009,18시,936.0
0,20180127.0,토,창경궁로(서울여자대학교),A-06,유출,원남동사거리->성균관대입구,11434.0,37.5831,127.0009,19시,1066.0
0,20180127.0,토,창경궁로(서울여자대학교),A-06,유출,원남동사거리->성균관대입구,11434.0,37.5831,127.0009,20시,890.0
0,20180128.0,일,창경궁로(서울여자대학교),A-06,유출,원남동사거리->성균관대입구,10567.0,37.5831,127.0009,8시,372.0
0,20180128.0,일,창경궁로(서울여자대학교),A-06,유출,원남동사거리->성균관대입구,10567.0,37.5831,127.0009,9시,563.0
0,20180128.0,일,창경궁로(서울여자대학교),A-06,유출,원남동사거리->성균관대입구,10567.0,37.5831,127.0009,10시,622.0
0,20180128.0,일,창경궁로(서울여자대학교),A-06,유출,원남동사거리->성균관대입구,10567.0,37.5831,127.0009,11시,646.0
0,20180128.0,일,창경궁로(서울여자대학교),A-06,유출,원남동사거리->성균관대입구,10567.0,37.5831,127.0009,12시,778.0
0,20180128.0,일,창경궁로(서울여자대학교),A-06,유출,원남동사거리->성균관대입구,10567.0,37.5831,127.0009,13시,859.0
0,20180128.0,일,창경궁로(서울여자대학교),A-06,유출,원남동사거리->성균관대입구,10567.0,37.5831,127.0009,14시,963.0
0,20180128.0,일,창경궁로(서울여자대학교),A-06,유출,원남동사거리->성균관대입구,10567.0,37.5831,127.0009,15시,1004.0
0,20180128.0,일,창경궁로(서울여자대학교),A-06,유출,원남동사거리->성균관대입구,10567.0,37.5831,127.0009,16시,1101.0
0,20180128.0,일,창경궁로(서울여자대학교),A-06,유출,원남동사거리->성균관대입구,10567.0,37.5831,127.0009,17시,1091.0
0,20180128.0,일,창경궁로(서울여자대학교),A-06,유출,원남동사거리->성균관대입구,10567.0,37.5831,127.0009,18시,921.0
0,20180128.0,일,창경궁로(서울여자대학교),A-06,유출,원남동사거리->성균관대입구,10567.0,37.5831,127.0009,19시,868.0
0,20180128.0,일,창경궁로(서울여자대학교),A-06,유출,원남동사거리->성균관대입구,10567.0,37.5831,127.0009,20시,779.0
0,20180129.0,월,창경궁로(서울여자대학교),A-06,유출,원남동사거리->성균관대입구,11837.0,37.5831,127.0009,8시,613.0
0,20180129.0,월,창경궁로(서울여자대학교),A-06,유출,원남동사거리->성균관대입구,11837.0,37.5831,127.0009,9시,700.0
0,20180129.0,월,창경궁로(서울여자대학교),A-06,유출,원남동사거리->성균관대입구,11837.0,37.5831,127.0009,10시,792.0
0,20180129.0,월,창경궁로(서울여자대학교),A-06,유출,원남동사거리->성균관대입구,11837.0,37.5831,127.0009,11시,850.0
0,20180129.0,월,창경궁로(서울여자대학교),A-06,유출,원남동사거리->성균관대입구,11837.0,37.5831,127.0009,12시,826.0
0,20180129.0,월,창경궁로(서울여자대학교),A-06,유출,원남동사거리->성균관대입구,11837.0,37.5831,127.0009,13시,870.0
0,20180129.0,월,창경궁로(서울여자대학교),A-06,유출,원남동사거리->성균관대입구,11837.0,37.5831,127.0009,14시,850.0
0,20180129.0,월,창경궁로(서울여자대학교),A-06,유출,원남동사거리->성균관대입구,11837.0,37.5831,127.0009,15시,1023.0
0,20180129.0,월,창경궁로(서울여자대학교),A-06,유출,원남동사거리->성균관대입구,11837.0,37.5831,127.0009,16시,1052.0
0,20180129.0,월,창경궁로(서울여자대학교),A-06,유출,원남동사거리->성균관대입구,11837.0,37.5831,127.0009,17시,1046.0
0,20180129.0,월,창경궁로(서울여자대학교),A-06,유출,원남동사거리->성균관대입구,11837.0,37.5831,127.0009,18시,1091.0
0,20180129.0,월,창경궁로(서울여자대학교),A-06,유출,원남동사거리->성균관대입구,11837.0,37.5831,127.0009,19시,1154.0
0,20180129.0,월,창경궁로(서울여자대학교),A-06,유출,원남동사거리->성균관대입구,11837.0,37.5831,127.0009,20시,970.0
0,20180130.0,화,창경궁로(서울여자대학교),A-06,유출,원남동사거리->성균관대입구,9269.0,37.5831,127.0009,8시,626.0
0,20180130.0,화,창경궁로(서울여자대학교),A-06,유출,원남동사거리->성균관대입구,9269.0,37.5831,127.0009,9시,717.0
0,20180130.0,화,창경궁로(서울여자대학교),A-06,유출,원남동사거리->성균관대입구,9269.0,37.5831,127.0009,10시,686.0
0,20180130.0,화,창경궁로(서울여자대학교),A-06,유출,원남동사거리->성균관대입구,9269.0,37.5831,127.0009,11시,891.0
0,20180130.0,화,창경궁로(서울여자대학교),A-06,유출,원남동사거리->성균관대입구,9269.0,37.5831,127.0009,12시,889.0
0,20180130.0,화,창경궁로(서울여자대학교),A-06,유출,원남동사거리->성균관대입구,9269.0,37.5831,127.0009,13시,858.0
0,20180130.0,화,창경궁로(서울여자대학교),A-06,유출,원남동사거리->성균관대입구,9269.0,37.5831,127.0009,14시,877.0
0,20180130.0,화,창경궁로(서울여자대학교),A-06,유출,원남동사거리->성균관대입구,9269.0,37.5831,127.0009,15시,960.0
0,20180130.0,화,창경궁로(서울여자대학교),A-06,유출,원남동사거리->성균관대입구,9269.0,37.5831,127.0009,16시,906.0
0,20180130.0,화,창경궁로(서울여자대학교),A-06,유출,원남동사거리->성균관대입구,9269.0,37.5831,127.0009,17시,603.0
0,20180130.0,화,창경궁로(서울여자대학교),A-06,유출,원남동사거리->성균관대입구,9269.0,37.5831,127.0009,18시,250.0
0,20180130.0,화,창경궁로(서울여자대학교),A-06,유출,원남동사거리->성균관대입구,9269.0,37.5831,127.0009,19시,287.0
0,20180130.0,화,창경궁로(서울여자대학교),A-06,유출,원남동사거리->성균관대입구,9269.0,37.5831,127.0009,20시,719.0
0,20180131.0,수,창경궁로(서울여자대학교),A-06,유출,원남동사거리->성균관대입구,11391.0,37.5831,127.0009,8시,580.0
0,20180131.0,수,창경궁로(서울여자대학교),A-06,유출,원남동사거리->성균관대입구,11391.0,37.5831,127.0009,9시,670.0
0,20180131.0,수,창경궁로(서울여자대학교),A-06,유출,원남동사거리->성균관대입구,11391.0,37.5831,127.0009,10시,736.0
0,20180131.0,수,창경궁로(서울여자대학교),A-06,유출,원남동사거리->성균관대입구,11391.0,37.5831,127.0009,11시,822.0
0,20180131.0,수,창경궁로(서울여자대학교),A-06,유출,원남동사거리->성균관대입구,11391.0,37.5831,127.0009,12시,828.0
0,20180131.0,수,창경궁로(서울여자대학교),A-06,유출,원남동사거리->성균관대입구,11391.0,37.5831,127.0009,13시,841.0
0,20180131.0,수,창경궁로(서울여자대학교),A-06,유출,원남동사거리->성균관대입구,11391.0,37.5831,127.0009,14시,868.0
0,20180131.0,수,창경궁로(서울여자대학교),A-06,유출,원남동사거리->성균관대입구,11391.0,37.5831,127.0009,15시,982.0
0,20180131.0,수,창경궁로(서울여자대학교),A-06,유출,원남동사거리->성균관대입구,11391.0,37.5831,127.0009,16시,953.0
0,20180131.0,수,창경궁로(서울여자대학교),A-06,유출,원남동사거리->성균관대입구,11391.0,37.5831,127.0009,17시,982.0
0,20180131.0,수,창경궁로(서울여자대학교),A-06,유출,원남동사거리->성균관대입구,11391.0,37.5831,127.0009,18시,1090.0
0,20180131.0,수,창경궁로(서울여자대학교),A-06,유출,원남동사거리->성균관대입구,11391.0,37.5831,127.0009,19시,1066.0
0,20180131.0,수,창경궁로(서울여자대학교),A-06,유출,원남동사거리->성균관대입구,11391.0,37.5831,127.0009,20시,973.0
0,20180201.0,목,창경궁로(서울여자대학교),A-06,유입,성균관대입구->원남동사거리,16758.0,37.5831,127.0009,8시,2263.0
0,20180201.0,목,창경궁로(서울여자대학교),A-06,유입,성균관대입구->원남동사거리,16758.0,37.5831,127.0009,9시,1777.0
0,20180201.0,목,창경궁로(서울여자대학교),A-06,유입,성균관대입구->원남동사거리,16758.0,37.5831,127.0009,10시,1555.0
0,20180201.0,목,창경궁로(서울여자대학교),A-06,유입,성균관대입구->원남동사거리,16758.0,37.5831,127.0009,11시,1433.0
0,20180201.0,목,창경궁로(서울여자대학교),A-06,유입,성균관대입구->원남동사거리,16758.0,37.5831,127.0009,12시,1205.0
0,20180201.0,목,창경궁로(서울여자대학교),A-06,유입,성균관대입구->원남동사거리,16758.0,37.5831,127.0009,13시,1284.0
0,20180201.0,목,창경궁로(서울여자대학교),A-06,유입,성균관대입구->원남동사거리,16758.0,37.5831,127.0009,14시,1214.0
0,20180201.0,목,창경궁로(서울여자대학교),A-06,유입,성균관대입구->원남동사거리,16758.0,37.5831,127.0009,15시,1186.0
0,20180201.0,목,창경궁로(서울여자대학교),A-06,유입,성균관대입구->원남동사거리,16758.0,37.5831,127.0009,16시,1077.0
0,20180201.0,목,창경궁로(서울여자대학교),A-06,유입,성균관대입구->원남동사거리,16758.0,37.5831,127.0009,17시,1067.0
0,20180201.0,목,창경궁로(서울여자대학교),A-06,유입,성균관대입구->원남동사거리,16758.0,37.5831,127.0009,18시,961.0
0,20180201.0,목,창경궁로(서울여자대학교),A-06,유입,성균관대입구->원남동사거리,16758.0,37.5831,127.0009,19시,872.0
0,20180201.0,목,창경궁로(서울여자대학교),A-06,유입,성균관대입구->원남동사거리,16758.0,37.5831,127.0009,20시,864.0
0,20180202.0,금,창경궁로(서울여자대학교),A-06,유입,성균관대입구->원남동사거리,17077.0,37.5831,127.0009,8시,2259.0
0,20180202.0,금,창경궁로(서울여자대학교),A-06,유입,성균관대입구->원남동사거리,17077.0,37.5831,127.0009,9시,1837.0
0,20180202.0,금,창경궁로(서울여자대학교),A-06,유입,성균관대입구->원남동사거리,17077.0,37.5831,127.0009,10시,1461.0
0,20180202.0,금,창경궁로(서울여자대학교),A-06,유입,성균관대입구->원남동사거리,17077.0,37.5831,127.0009,11시,1366.0
0,20180202.0,금,창경궁로(서울여자대학교),A-06,유입,성균관대입구->원남동사거리,17077.0,37.5831,127.0009,12시,1288.0
0,20180202.0,금,창경궁로(서울여자대학교),A-06,유입,성균관대입구->원남동사거리,17077.0,37.5831,127.0009,13시,1294.0
0,20180202.0,금,창경궁로(서울여자대학교),A-06,유입,성균관대입구->원남동사거리,17077.0,37.5831,127.0009,14시,1273.0
0,20180202.0,금,창경궁로(서울여자대학교),A-06,유입,성균관대입구->원남동사거리,17077.0,37.5831,127.0009,15시,1210.0
0,20180202.0,금,창경궁로(서울여자대학교),A-06,유입,성균관대입구->원남동사거리,17077.0,37.5831,127.0009,16시,1139.0
0,20180202.0,금,창경궁로(서울여자대학교),A-06,유입,성균관대입구->원남동사거리,17077.0,37.5831,127.0009,17시,1141.0
0,20180202.0,금,창경궁로(서울여자대학교),A-06,유입,성균관대입구->원남동사거리,17077.0,37.5831,127.0009,18시,986.0
0,20180202.0,금,창경궁로(서울여자대학교),A-06,유입,성균관대입구->원남동사거리,17077.0,37.5831,127.0009,19시,910.0
0,20180202.0,금,창경궁로(서울여자대학교),A-06,유입,성균관대입구->원남동사거리,17077.0,37.5831,127.0009,20시,913.0
0,20180203.0,토,창경궁로(서울여자대학교),A-06,유입,성균관대입구->원남동사거리,17486.0,37.5831,127.0009,8시,1501.0
0,20180203.0,토,창경궁로(서울여자대학교),A-06,유입,성균관대입구->원남동사거리,17486.0,37.5831,127.0009,9시,1493.0
0,20180203.0,토,창경궁로(서울여자대학교),A-06,유입,성균관대입구->원남동사거리,17486.0,37.5831,127.0009,10시,1492.0
0,20180203.0,토,창경궁로(서울여자대학교),A-06,유입,성균관대입구->원남동사거리,17486.0,37.5831,127.0009,11시,1496.0
0,20180203.0,토,창경궁로(서울여자대학교),A-06,유입,성균관대입구->원남동사거리,17486.0,37.5831,127.0009,12시,1505.0
0,20180203.0,토,창경궁로(서울여자대학교),A-06,유입,성균관대입구->원남동사거리,17486.0,37.5831,127.0009,13시,1497.0
0,20180203.0,토,창경궁로(서울여자대학교),A-06,유입,성균관대입구->원남동사거리,17486.0,37.5831,127.0009,14시,1503.0
0,20180203.0,토,창경궁로(서울여자대학교),A-06,유입,성균관대입구->원남동사거리,17486.0,37.5831,127.0009,15시,1270.0
0,20180203.0,토,창경궁로(서울여자대학교),A-06,유입,성균관대입구->원남동사거리,17486.0,37.5831,127.0009,16시,1188.0
0,20180203.0,토,창경궁로(서울여자대학교),A-06,유입,성균관대입구->원남동사거리,17486.0,37.5831,127.0009,17시,1415.0
0,20180203.0,토,창경궁로(서울여자대학교),A-06,유입,성균관대입구->원남동사거리,17486.0,37.5831,127.0009,18시,1104.0
0,20180203.0,토,창경궁로(서울여자대학교),A-06,유입,성균관대입구->원남동사거리,17486.0,37.5831,127.0009,19시,1037.0
0,20180203.0,토,창경궁로(서울여자대학교),A-06,유입,성균관대입구->원남동사거리,17486.0,37.5831,127.0009,20시,985.0
0,20180204.0,일,창경궁로(서울여자대학교),A-06,유입,성균관대입구->원남동사거리,16125.0,37.5831,127.0009,8시,1001.0
0,20180204.0,일,창경궁로(서울여자대학교),A-06,유입,성균관대입구->원남동사거리,16125.0,37.5831,127.0009,9시,1249.0
0,20180204.0,일,창경궁로(서울여자대학교),A-06,유입,성균관대입구->원남동사거리,16125.0,37.5831,127.0009,10시,1401.0
0,20180204.0,일,창경궁로(서울여자대학교),A-06,유입,성균관대입구->원남동사거리,16125.0,37.5831,127.0009,11시,1379.0
0,20180204.0,일,창경궁로(서울여자대학교),A-06,유입,성균관대입구->원남동사거리,16125.0,37.5831,127.0009,12시,1451.0
0,20180204.0,일,창경궁로(서울여자대학교),A-06,유입,성균관대입구->원남동사거리,16125.0,37.5831,127.0009,13시,1508.0
0,20180204.0,일,창경궁로(서울여자대학교),A-06,유입,성균관대입구->원남동사거리,16125.0,37.5831,127.0009,14시,1454.0
0,20180204.0,일,창경궁로(서울여자대학교),A-06,유입,성균관대입구->원남동사거리,16125.0,37.5831,127.0009,15시,1426.0
0,20180204.0,일,창경궁로(서울여자대학교),A-06,유입,성균관대입구->원남동사거리,16125.0,37.5831,127.0009,16시,1319.0
0,20180204.0,일,창경궁로(서울여자대학교),A-06,유입,성균관대입구->원남동사거리,16125.0,37.5831,127.0009,17시,1201.0
0,20180204.0,일,창경궁로(서울여자대학교),A-06,유입,성균관대입구->원남동사거리,16125.0,37.5831,127.0009,18시,992.0
0,20180204.0,일,창경궁로(서울여자대학교),A-06,유입,성균관대입구->원남동사거리,16125.0,37.5831,127.0009,19시,856.0
0,20180204.0,일,창경궁로(서울여자대학교),A-06,유입,성균관대입구->원남동사거리,16125.0,37.5831,127.0009,20시,888.0
0,20180205.0,월,창경궁로(서울여자대학교),A-06,유입,성균관대입구->원남동사거리,16780.0,37.5831,127.0009,8시,2255.0
0,20180205.0,월,창경궁로(서울여자대학교),A-06,유입,성균관대입구->원남동사거리,16780.0,37.5831,127.0009,9시,1921.0
0,20180205.0,월,창경궁로(서울여자대학교),A-06,유입,성균관대입구->원남동사거리,16780.0,37.5831,127.0009,10시,1474.0
0,20180205.0,월,창경궁로(서울여자대학교),A-06,유입,성균관대입구->원남동사거리,16780.0,37.5831,127.0009,11시,1366.0
0,20180205.0,월,창경궁로(서울여자대학교),A-06,유입,성균관대입구->원남동사거리,16780.0,37.5831,127.0009,12시,1253.0
0,20180205.0,월,창경궁로(서울여자대학교),A-06,유입,성균관대입구->원남동사거리,16780.0,37.5831,127.0009,13시,1297.0
0,20180205.0,월,창경궁로(서울여자대학교),A-06,유입,성균관대입구->원남동사거리,16780.0,37.5831,127.0009,14시,1223.0
0,20180205.0,월,창경궁로(서울여자대학교),A-06,유입,성균관대입구->원남동사거리,16780.0,37.5831,127.0009,15시,1120.0
0,20180205.0,월,창경궁로(서울여자대학교),A-06,유입,성균관대입구->원남동사거리,16780.0,37.5831,127.0009,16시,1145.0
0,20180205.0,월,창경궁로(서울여자대학교),A-06,유입,성균관대입구->원남동사거리,16780.0,37.5831,127.0009,17시,1085.0
0,20180205.0,월,창경궁로(서울여자대학교),A-06,유입,성균관대입구->원남동사거리,16780.0,37.5831,127.0009,18시,963.0
0,20180205.0,월,창경궁로(서울여자대학교),A-06,유입,성균관대입구->원남동사거리,16780.0,37.5831,127.0009,19시,808.0
0,20180205.0,월,창경궁로(서울여자대학교),A-06,유입,성균관대입구->원남동사거리,16780.0,37.5831,127.0009,20시,870.0
0,20180206.0,화,창경궁로(서울여자대학교),A-06,유입,성균관대입구->원남동사거리,16922.0,37.5831,127.0009,8시,2228.0
0,20180206.0,화,창경궁로(서울여자대학교),A-06,유입,성균관대입구->원남동사거리,16922.0,37.5831,127.0009,9시,1859.0
0,20180206.0,화,창경궁로(서울여자대학교),A-06,유입,성균관대입구->원남동사거리,16922.0,37.5831,127.0009,10시,1542.0
0,20180206.0,화,창경궁로(서울여자대학교),A-06,유입,성균관대입구->원남동사거리,16922.0,37.5831,127.0009,11시,1317.0
0,20180206.0,화,창경궁로(서울여자대학교),A-06,유입,성균관대입구->원남동사거리,16922.0,37.5831,127.0009,12시,1372.0
0,20180206.0,화,창경궁로(서울여자대학교),A-06,유입,성균관대입구->원남동사거리,16922.0,37.5831,127.0009,13시,1290.0
0,20180206.0,화,창경궁로(서울여자대학교),A-06,유입,성균관대입구->원남동사거리,16922.0,37.5831,127.0009,14시,1225.0
0,20180206.0,화,창경궁로(서울여자대학교),A-06,유입,성균관대입구->원남동사거리,16922.0,37.5831,127.0009,15시,1182.0
0,20180206.0,화,창경궁로(서울여자대학교),A-06,유입,성균관대입구->원남동사거리,16922.0,37.5831,127.0009,16시,1225.0
0,20180206.0,화,창경궁로(서울여자대학교),A-06,유입,성균관대입구->원남동사거리,16922.0,37.5831,127.0009,17시,1048.0
0,20180206.0,화,창경궁로(서울여자대학교),A-06,유입,성균관대입구->원남동사거리,16922.0,37.5831,127.0009,18시,961.0
0,20180206.0,화,창경궁로(서울여자대학교),A-06,유입,성균관대입구->원남동사거리,16922.0,37.5831,127.0009,19시,781.0
0,20180206.0,화,창경궁로(서울여자대학교),A-06,유입,성균관대입구->원남동사거리,16922.0,37.5831,127.0009,20시,892.0
0,20180207.0,수,창경궁로(서울여자대학교),A-06,유입,성균관대입구->원남동사거리,16914.0,37.5831,127.0009,8시,2286.0
0,20180207.0,수,창경궁로(서울여자대학교),A-06,유입,성균관대입구->원남동사거리,16914.0,37.5831,127.0009,9시,1948.0
0,20180207.0,수,창경궁로(서울여자대학교),A-06,유입,성균관대입구->원남동사거리,16914.0,37.5831,127.0009,10시,1467.0
0,20180207.0,수,창경궁로(서울여자대학교),A-06,유입,성균관대입구->원남동사거리,16914.0,37.5831,127.0009,11시,1409.0
0,20180207.0,수,창경궁로(서울여자대학교),A-06,유입,성균관대입구->원남동사거리,16914.0,37.5831,127.0009,12시,1330.0
0,20180207.0,수,창경궁로(서울여자대학교),A-06,유입,성균관대입구->원남동사거리,16914.0,37.5831,127.0009,13시,1358.0
0,20180207.0,수,창경궁로(서울여자대학교),A-06,유입,성균관대입구->원남동사거리,16914.0,37.5831,127.0009,14시,1304.0
0,20180207.0,수,창경궁로(서울여자대학교),A-06,유입,성균관대입구->원남동사거리,16914.0,37.5831,127.0009,15시,1184.0
0,20180207.0,수,창경궁로(서울여자대학교),A-06,유입,성균관대입구->원남동사거리,16914.0,37.5831,127.0009,16시,1087.0
0,20180207.0,수,창경궁로(서울여자대학교),A-06,유입,성균관대입구->원남동사거리,16914.0,37.5831,127.0009,17시,928.0
0,20180207.0,수,창경궁로(서울여자대학교),A-06,유입,성균관대입구->원남동사거리,16914.0,37.5831,127.0009,18시,903.0
0,20180207.0,수,창경궁로(서울여자대학교),A-06,유입,성균관대입구->원남동사거리,16914.0,37.5831,127.0009,19시,840.0
0,20180207.0,수,창경궁로(서울여자대학교),A-06,유입,성균관대입구->원남동사거리,16914.0,37.5831,127.0009,20시,870.0
0,20180208.0,목,창경궁로(서울여자대학교),A-06,유입,성균관대입구->원남동사거리,16936.0,37.5831,127.0009,8시,2289.0
0,20180208.0,목,창경궁로(서울여자대학교),A-06,유입,성균관대입구->원남동사거리,16936.0,37.5831,127.0009,9시,1858.0
0,20180208.0,목,창경궁로(서울여자대학교),A-06,유입,성균관대입구->원남동사거리,16936.0,37.5831,127.0009,10시,1525.0
0,20180208.0,목,창경궁로(서울여자대학교),A-06,유입,성균관대입구->원남동사거리,16936.0,37.5831,127.0009,11시,1335.0
0,20180208.0,목,창경궁로(서울여자대학교),A-06,유입,성균관대입구->원남동사거리,16936.0,37.5831,127.0009,12시,1409.0
0,20180208.0,목,창경궁로(서울여자대학교),A-06,유입,성균관대입구->원남동사거리,16936.0,37.5831,127.0009,13시,1389.0
0,20180208.0,목,창경궁로(서울여자대학교),A-06,유입,성균관대입구->원남동사거리,16936.0,37.5831,127.0009,14시,1202.0
0,20180208.0,목,창경궁로(서울여자대학교),A-06,유입,성균관대입구->원남동사거리,16936.0,37.5831,127.0009,15시,1180.0
0,20180208.0,목,창경궁로(서울여자대학교),A-06,유입,성균관대입구->원남동사거리,16936.0,37.5831,127.0009,16시,1149.0
0,20180208.0,목,창경궁로(서울여자대학교),A-06,유입,성균관대입구->원남동사거리,16936.0,37.5831,127.0009,17시,1074.0
0,20180208.0,목,창경궁로(서울여자대학교),A-06,유입,성균관대입구->원남동사거리,16936.0,37.5831,127.0009,18시,923.0
0,20180208.0,목,창경궁로(서울여자대학교),A-06,유입,성균관대입구->원남동사거리,16936.0,37.5831,127.0009,19시,724.0
0,20180208.0,목,창경궁로(서울여자대학교),A-06,유입,성균관대입구->원남동사거리,16936.0,37.5831,127.0009,20시,879.0
0,20180209.0,금,창경궁로(서울여자대학교),A-06,유입,성균관대입구->원남동사거리,17334.0,37.5831,127.0009,8시,2307.0
0,20180209.0,금,창경궁로(서울여자대학교),A-06,유입,성균관대입구->원남동사거리,17334.0,37.5831,127.0009,9시,1787.0
0,20180209.0,금,창경궁로(서울여자대학교),A-06,유입,성균관대입구->원남동사거리,17334.0,37.5831,127.0009,10시,1508.0
0,20180209.0,금,창경궁로(서울여자대학교),A-06,유입,성균관대입구->원남동사거리,17334.0,37.5831,127.0009,11시,1442.0
0,20180209.0,금,창경궁로(서울여자대학교),A-06,유입,성균관대입구->원남동사거리,17334.0,37.5831,127.0009,12시,1319.0
0,20180209.0,금,창경궁로(서울여자대학교),A-06,유입,성균관대입구->원남동사거리,17334.0,37.5831,127.0009,13시,1398.0
0,20180209.0,금,창경궁로(서울여자대학교),A-06,유입,성균관대입구->원남동사거리,17334.0,37.5831,127.0009,14시,1272.0
0,20180209.0,금,창경궁로(서울여자대학교),A-06,유입,성균관대입구->원남동사거리,17334.0,37.5831,127.0009,15시,1279.0
0,20180209.0,금,창경궁로(서울여자대학교),A-06,유입,성균관대입구->원남동사거리,17334.0,37.5831,127.0009,16시,1187.0
0,20180209.0,금,창경궁로(서울여자대학교),A-06,유입,성균관대입구->원남동사거리,17334.0,37.5831,127.0009,17시,1049.0
0,20180209.0,금,창경궁로(서울여자대학교),A-06,유입,성균관대입구->원남동사거리,17334.0,37.5831,127.0009,18시,1036.0
0,20180209.0,금,창경궁로(서울여자대학교),A-06,유입,성균관대입구->원남동사거리,17334.0,37.5831,127.0009,19시,870.0
0,20180209.0,금,창경궁로(서울여자대학교),A-06,유입,성균관대입구->원남동사거리,17334.0,37.5831,127.0009,20시,880.0
0,20180210.0,토,창경궁로(서울여자대학교),A-06,유입,성균관대입구->원남동사거리,17266.0,37.5831,127.0009,8시,1564.0
0,20180210.0,토,창경궁로(서울여자대학교),A-06,유입,성균관대입구->원남동사거리,17266.0,37.5831,127.0009,9시,1557.0
0,20180210.0,토,창경궁로(서울여자대학교),A-06,유입,성균관대입구->원남동사거리,17266.0,37.5831,127.0009,10시,1551.0
0,20180210.0,토,창경궁로(서울여자대학교),A-06,유입,성균관대입구->원남동사거리,17266.0,37.5831,127.0009,11시,1489.0
0,20180210.0,토,창경궁로(서울여자대학교),A-06,유입,성균관대입구->원남동사거리,17266.0,37.5831,127.0009,12시,1480.0
0,20180210.0,토,창경궁로(서울여자대학교),A-06,유입,성균관대입구->원남동사거리,17266.0,37.5831,127.0009,13시,1449.0
0,20180210.0,토,창경궁로(서울여자대학교),A-06,유입,성균관대입구->원남동사거리,17266.0,37.5831,127.0009,14시,1423.0
0,20180210.0,토,창경궁로(서울여자대학교),A-06,유입,성균관대입구->원남동사거리,17266.0,37.5831,127.0009,15시,1274.0
0,20180210.0,토,창경궁로(서울여자대학교),A-06,유입,성균관대입구->원남동사거리,17266.0,37.5831,127.0009,16시,1228.0
0,20180210.0,토,창경궁로(서울여자대학교),A-06,유입,성균관대입구->원남동사거리,17266.0,37.5831,127.0009,17시,1280.0
0,20180210.0,토,창경궁로(서울여자대학교),A-06,유입,성균관대입구->원남동사거리,17266.0,37.5831,127.0009,18시,1031.0
0,20180210.0,토,창경궁로(서울여자대학교),A-06,유입,성균관대입구->원남동사거리,17266.0,37.5831,127.0009,19시,951.0
0,20180210.0,토,창경궁로(서울여자대학교),A-06,유입,성균관대입구->원남동사거리,17266.0,37.5831,127.0009,20시,989.0
0,20180211.0,일,창경궁로(서울여자대학교),A-06,유입,성균관대입구->원남동사거리,16040.0,37.5831,127.0009,8시,1087.0
0,20180211.0,일,창경궁로(서울여자대학교),A-06,유입,성균관대입구->원남동사거리,16040.0,37.5831,127.0009,9시,1339.0
0,20180211.0,일,창경궁로(서울여자대학교),A-06,유입,성균관대입구->원남동사거리,16040.0,37.5831,127.0009,10시,1410.0
0,20180211.0,일,창경궁로(서울여자대학교),A-06,유입,성균관대입구->원남동사거리,16040.0,37.5831,127.0009,11시,1358.0
0,20180211.0,일,창경궁로(서울여자대학교),A-06,유입,성균관대입구->원남동사거리,16040.0,37.5831,127.0009,12시,1395.0
0,20180211.0,일,창경궁로(서울여자대학교),A-06,유입,성균관대입구->원남동사거리,16040.0,37.5831,127.0009,13시,1451.0
0,20180211.0,일,창경궁로(서울여자대학교),A-06,유입,성균관대입구->원남동사거리,16040.0,37.5831,127.0009,14시,1345.0
0,20180211.0,일,창경궁로(서울여자대학교),A-06,유입,성균관대입구->원남동사거리,16040.0,37.5831,127.0009,15시,1327.0
0,20180211.0,일,창경궁로(서울여자대학교),A-06,유입,성균관대입구->원남동사거리,16040.0,37.5831,127.0009,16시,1235.0
0,20180211.0,일,창경궁로(서울여자대학교),A-06,유입,성균관대입구->원남동사거리,16040.0,37.5831,127.0009,17시,1193.0
0,20180211.0,일,창경궁로(서울여자대학교),A-06,유입,성균관대입구->원남동사거리,16040.0,37.5831,127.0009,18시,1032.0
0,20180211.0,일,창경궁로(서울여자대학교),A-06,유입,성균관대입구->원남동사거리,16040.0,37.5831,127.0009,19시,894.0
0,20180211.0,일,창경궁로(서울여자대학교),A-06,유입,성균관대입구->원남동사거리,16040.0,37.5831,127.0009,20시,974.0
0,20180212.0,월,창경궁로(서울여자대학교),A-06,유입,성균관대입구->원남동사거리,16860.0,37.5831,127.0009,8시,2175.0
0,20180212.0,월,창경궁로(서울여자대학교),A-06,유입,성균관대입구->원남동사거리,16860.0,37.5831,127.0009,9시,1851.0
0,20180212.0,월,창경궁로(서울여자대학교),A-06,유입,성균관대입구->원남동사거리,16860.0,37.5831,127.0009,10시,1518.0
0,20180212.0,월,창경궁로(서울여자대학교),A-06,유입,성균관대입구->원남동사거리,16860.0,37.5831,127.0009,11시,1388.0
0,20180212.0,월,창경궁로(서울여자대학교),A-06,유입,성균관대입구->원남동사거리,16860.0,37.5831,127.0009,12시,1225.0
0,20180212.0,월,창경궁로(서울여자대학교),A-06,유입,성균관대입구->원남동사거리,16860.0,37.5831,127.0009,13시,1330.0
0,20180212.0,월,창경궁로(서울여자대학교),A-06,유입,성균관대입구->원남동사거리,16860.0,37.5831,127.0009,14시,1304.0
0,20180212.0,월,창경궁로(서울여자대학교),A-06,유입,성균관대입구->원남동사거리,16860.0,37.5831,127.0009,15시,1285.0
0,20180212.0,월,창경궁로(서울여자대학교),A-06,유입,성균관대입구->원남동사거리,16860.0,37.5831,127.0009,16시,1129.0
0,20180212.0,월,창경궁로(서울여자대학교),A-06,유입,성균관대입구->원남동사거리,16860.0,37.5831,127.0009,17시,1080.0
0,20180212.0,월,창경궁로(서울여자대학교),A-06,유입,성균관대입구->원남동사거리,16860.0,37.5831,127.0009,18시,953.0
0,20180212.0,월,창경궁로(서울여자대학교),A-06,유입,성균관대입구->원남동사거리,16860.0,37.5831,127.0009,19시,757.0
0,20180212.0,월,창경궁로(서울여자대학교),A-06,유입,성균관대입구->원남동사거리,16860.0,37.5831,127.0009,20시,865.0
0,20180213.0,화,창경궁로(서울여자대학교),A-06,유입,성균관대입구->원남동사거리,16704.0,37.5831,127.0009,8시,2154.0
0,20180213.0,화,창경궁로(서울여자대학교),A-06,유입,성균관대입구->원남동사거리,16704.0,37.5831,127.0009,9시,1831.0
0,20180213.0,화,창경궁로(서울여자대학교),A-06,유입,성균관대입구->원남동사거리,16704.0,37.5831,127.0009,10시,1513.0
0,20180213.0,화,창경궁로(서울여자대학교),A-06,유입,성균관대입구->원남동사거리,16704.0,37.5831,127.0009,11시,1441.0
0,20180213.0,화,창경궁로(서울여자대학교),A-06,유입,성균관대입구->원남동사거리,16704.0,37.5831,127.0009,12시,1390.0
0,20180213.0,화,창경궁로(서울여자대학교),A-06,유입,성균관대입구->원남동사거리,16704.0,37.5831,127.0009,13시,1405.0
0,20180213.0,화,창경궁로(서울여자대학교),A-06,유입,성균관대입구->원남동사거리,16704.0,37.5831,127.0009,14시,1342.0
0,20180213.0,화,창경궁로(서울여자대학교),A-06,유입,성균관대입구->원남동사거리,16704.0,37.5831,127.0009,15시,1160.0
0,20180213.0,화,창경궁로(서울여자대학교),A-06,유입,성균관대입구->원남동사거리,16704.0,37.5831,127.0009,16시,1121.0
0,20180213.0,화,창경궁로(서울여자대학교),A-06,유입,성균관대입구->원남동사거리,16704.0,37.5831,127.0009,17시,960.0
0,20180213.0,화,창경궁로(서울여자대학교),A-06,유입,성균관대입구->원남동사거리,16704.0,37.5831,127.0009,18시,744.0
0,20180213.0,화,창경궁로(서울여자대학교),A-06,유입,성균관대입구->원남동사거리,16704.0,37.5831,127.0009,19시,792.0
0,20180213.0,화,창경궁로(서울여자대학교),A-06,유입,성균관대입구->원남동사거리,16704.0,37.5831,127.0009,20시,851.0
0,20180214.0,수,창경궁로(서울여자대학교),A-06,유입,성균관대입구->원남동사거리,16497.0,37.5831,127.0009,8시,2180.0
0,20180214.0,수,창경궁로(서울여자대학교),A-06,유입,성균관대입구->원남동사거리,16497.0,37.5831,127.0009,9시,1790.0
0,20180214.0,수,창경궁로(서울여자대학교),A-06,유입,성균관대입구->원남동사거리,16497.0,37.5831,127.0009,10시,1494.0
0,20180214.0,수,창경궁로(서울여자대학교),A-06,유입,성균관대입구->원남동사거리,16497.0,37.5831,127.0009,11시,1305.0
0,20180214.0,수,창경궁로(서울여자대학교),A-06,유입,성균관대입구->원남동사거리,16497.0,37.5831,127.0009,12시,1251.0
0,20180214.0,수,창경궁로(서울여자대학교),A-06,유입,성균관대입구->원남동사거리,16497.0,37.5831,127.0009,13시,1388.0
0,20180214.0,수,창경궁로(서울여자대학교),A-06,유입,성균관대입구->원남동사거리,16497.0,37.5831,127.0009,14시,1238.0
0,20180214.0,수,창경궁로(서울여자대학교),A-06,유입,성균관대입구->원남동사거리,16497.0,37.5831,127.0009,15시,1118.0
0,20180214.0,수,창경궁로(서울여자대학교),A-06,유입,성균관대입구->원남동사거리,16497.0,37.5831,127.0009,16시,1027.0
0,20180214.0,수,창경궁로(서울여자대학교),A-06,유입,성균관대입구->원남동사거리,16497.0,37.5831,127.0009,17시,1004.0
0,20180214.0,수,창경궁로(서울여자대학교),A-06,유입,성균관대입구->원남동사거리,16497.0,37.5831,127.0009,18시,897.0
0,20180214.0,수,창경궁로(서울여자대학교),A-06,유입,성균관대입구->원남동사거리,16497.0,37.5831,127.0009,19시,840.0
0,20180214.0,수,창경궁로(서울여자대학교),A-06,유입,성균관대입구->원남동사거리,16497.0,37.5831,127.0009,20시,965.0
0,20180215.0,목,창경궁로(서울여자대학교),A-06,유입,성균관대입구->원남동사거리,14151.0,37.5831,127.0009,8시,801.0
0,20180215.0,목,창경궁로(서울여자대학교),A-06,유입,성균관대입구->원남동사거리,14151.0,37.5831,127.0009,9시,930.0
0,20180215.0,목,창경궁로(서울여자대학교),A-06,유입,성균관대입구->원남동사거리,14151.0,37.5831,127.0009,10시,1182.0
0,20180215.0,목,창경궁로(서울여자대학교),A-06,유입,성균관대입구->원남동사거리,14151.0,37.5831,127.0009,11시,1171.0
0,20180215.0,목,창경궁로(서울여자대학교),A-06,유입,성균관대입구->원남동사거리,14151.0,37.5831,127.0009,12시,1261.0
0,20180215.0,목,창경궁로(서울여자대학교),A-06,유입,성균관대입구->원남동사거리,14151.0,37.5831,127.0009,13시,1272.0
0,20180215.0,목,창경궁로(서울여자대학교),A-06,유입,성균관대입구->원남동사거리,14151.0,37.5831,127.0009,14시,1303.0
0,20180215.0,목,창경궁로(서울여자대학교),A-06,유입,성균관대입구->원남동사거리,14151.0,37.5831,127.0009,15시,1195.0
0,20180215.0,목,창경궁로(서울여자대학교),A-06,유입,성균관대입구->원남동사거리,14151.0,37.5831,127.0009,16시,1172.0
0,20180215.0,목,창경궁로(서울여자대학교),A-06,유입,성균관대입구->원남동사거리,14151.0,37.5831,127.0009,17시,1167.0
0,20180215.0,목,창경궁로(서울여자대학교),A-06,유입,성균관대입구->원남동사거리,14151.0,37.5831,127.0009,18시,927.0
0,20180215.0,목,창경궁로(서울여자대학교),A-06,유입,성균관대입구->원남동사거리,14151.0,37.5831,127.0009,19시,898.0
0,20180215.0,목,창경궁로(서울여자대학교),A-06,유입,성균관대입구->원남동사거리,14151.0,37.5831,127.0009,20시,872.0
0,20180216.0,금,창경궁로(서울여자대학교),A-06,유입,성균관대입구->원남동사거리,17751.0,37.5831,127.0009,8시,1053.0
0,20180216.0,금,창경궁로(서울여자대학교),A-06,유입,성균관대입구->원남동사거리,17751.0,37.5831,127.0009,9시,938.0
0,20180216.0,금,창경궁로(서울여자대학교),A-06,유입,성균관대입구->원남동사거리,17751.0,37.5831,127.0009,10시,1260.0
0,20180216.0,금,창경궁로(서울여자대학교),A-06,유입,성균관대입구->원남동사거리,17751.0,37.5831,127.0009,11시,1517.0
0,20180216.0,금,창경궁로(서울여자대학교),A-06,유입,성균관대입구->원남동사거리,17751.0,37.5831,127.0009,12시,1646.0
0,20180216.0,금,창경궁로(서울여자대학교),A-06,유입,성균관대입구->원남동사거리,17751.0,37.5831,127.0009,13시,1609.0
0,20180216.0,금,창경궁로(서울여자대학교),A-06,유입,성균관대입구->원남동사거리,17751.0,37.5831,127.0009,14시,1647.0
0,20180216.0,금,창경궁로(서울여자대학교),A-06,유입,성균관대입구->원남동사거리,17751.0,37.5831,127.0009,15시,1513.0
0,20180216.0,금,창경궁로(서울여자대학교),A-06,유입,성균관대입구->원남동사거리,17751.0,37.5831,127.0009,16시,1535.0
0,20180216.0,금,창경궁로(서울여자대학교),A-06,유입,성균관대입구->원남동사거리,17751.0,37.5831,127.0009,17시,1456.0
0,20180216.0,금,창경궁로(서울여자대학교),A-06,유입,성균관대입구->원남동사거리,17751.0,37.5831,127.0009,18시,1307.0
0,20180216.0,금,창경궁로(서울여자대학교),A-06,유입,성균관대입구->원남동사거리,17751.0,37.5831,127.0009,19시,1088.0
0,20180216.0,금,창경궁로(서울여자대학교),A-06,유입,성균관대입구->원남동사거리,17751.0,37.5831,127.0009,20시,1182.0
0,20180217.0,토,창경궁로(서울여자대학교),A-06,유입,성균관대입구->원남동사거리,14735.0,37.5831,127.0009,8시,609.0
0,20180217.0,토,창경궁로(서울여자대학교),A-06,유입,성균관대입구->원남동사거리,14735.0,37.5831,127.0009,9시,854.0
0,20180217.0,토,창경궁로(서울여자대학교),A-06,유입,성균관대입구->원남동사거리,14735.0,37.5831,127.0009,10시,1108.0
0,20180217.0,토,창경궁로(서울여자대학교),A-06,유입,성균관대입구->원남동사거리,14735.0,37.5831,127.0009,11시,1344.0
0,20180217.0,토,창경궁로(서울여자대학교),A-06,유입,성균관대입구->원남동사거리,14735.0,37.5831,127.0009,12시,1417.0
0,20180217.0,토,창경궁로(서울여자대학교),A-06,유입,성균관대입구->원남동사거리,14735.0,37.5831,127.0009,13시,1416.0
0,20180217.0,토,창경궁로(서울여자대학교),A-06,유입,성균관대입구->원남동사거리,14735.0,37.5831,127.0009,14시,1362.0
0,20180217.0,토,창경궁로(서울여자대학교),A-06,유입,성균관대입구->원남동사거리,14735.0,37.5831,127.0009,15시,1365.0
0,20180217.0,토,창경궁로(서울여자대학교),A-06,유입,성균관대입구->원남동사거리,14735.0,37.5831,127.0009,16시,1335.0
0,20180217.0,토,창경궁로(서울여자대학교),A-06,유입,성균관대입구->원남동사거리,14735.0,37.5831,127.0009,17시,1221.0
0,20180217.0,토,창경궁로(서울여자대학교),A-06,유입,성균관대입구->원남동사거리,14735.0,37.5831,127.0009,18시,1026.0
0,20180217.0,토,창경궁로(서울여자대학교),A-06,유입,성균관대입구->원남동사거리,14735.0,37.5831,127.0009,19시,807.0
0,20180217.0,토,창경궁로(서울여자대학교),A-06,유입,성균관대입구->원남동사거리,14735.0,37.5831,127.0009,20시,871.0
0,20180218.0,일,창경궁로(서울여자대학교),A-06,유입,성균관대입구->원남동사거리,14640.0,37.5831,127.0009,8시,837.0
0,20180218.0,일,창경궁로(서울여자대학교),A-06,유입,성균관대입구->원남동사거리,14640.0,37.5831,127.0009,9시,1084.0
0,20180218.0,일,창경궁로(서울여자대학교),A-06,유입,성균관대입구->원남동사거리,14640.0,37.5831,127.0009,10시,1236.0
0,20180218.0,일,창경궁로(서울여자대학교),A-06,유입,성균관대입구->원남동사거리,14640.0,37.5831,127.0009,11시,1221.0
0,20180218.0,일,창경궁로(서울여자대학교),A-06,유입,성균관대입구->원남동사거리,14640.0,37.5831,127.0009,12시,1334.0
0,20180218.0,일,창경궁로(서울여자대학교),A-06,유입,성균관대입구->원남동사거리,14640.0,37.5831,127.0009,13시,1407.0
0,20180218.0,일,창경궁로(서울여자대학교),A-06,유입,성균관대입구->원남동사거리,14640.0,37.5831,127.0009,14시,1375.0
0,20180218.0,일,창경궁로(서울여자대학교),A-06,유입,성균관대입구->원남동사거리,14640.0,37.5831,127.0009,15시,1354.0
0,20180218.0,일,창경궁로(서울여자대학교),A-06,유입,성균관대입구->원남동사거리,14640.0,37.5831,127.0009,16시,1182.0
0,20180218.0,일,창경궁로(서울여자대학교),A-06,유입,성균관대입구->원남동사거리,14640.0,37.5831,127.0009,17시,1074.0
0,20180218.0,일,창경궁로(서울여자대학교),A-06,유입,성균관대입구->원남동사거리,14640.0,37.5831,127.0009,18시,894.0
0,20180218.0,일,창경궁로(서울여자대학교),A-06,유입,성균관대입구->원남동사거리,14640.0,37.5831,127.0009,19시,822.0
0,20180218.0,일,창경궁로(서울여자대학교),A-06,유입,성균관대입구->원남동사거리,14640.0,37.5831,127.0009,20시,820.0
0,20180219.0,월,창경궁로(서울여자대학교),A-06,유입,성균관대입구->원남동사거리,16193.0,37.5831,127.0009,8시,2193.0
0,20180219.0,월,창경궁로(서울여자대학교),A-06,유입,성균관대입구->원남동사거리,16193.0,37.5831,127.0009,9시,1745.0
0,20180219.0,월,창경궁로(서울여자대학교),A-06,유입,성균관대입구->원남동사거리,16193.0,37.5831,127.0009,10시,1408.0
0,20180219.0,월,창경궁로(서울여자대학교),A-06,유입,성균관대입구->원남동사거리,16193.0,37.5831,127.0009,11시,1280.0
0,20180219.0,월,창경궁로(서울여자대학교),A-06,유입,성균관대입구->원남동사거리,16193.0,37.5831,127.0009,12시,1242.0
0,20180219.0,월,창경궁로(서울여자대학교),A-06,유입,성균관대입구->원남동사거리,16193.0,37.5831,127.0009,13시,1255.0
0,20180219.0,월,창경궁로(서울여자대학교),A-06,유입,성균관대입구->원남동사거리,16193.0,37.5831,127.0009,14시,1261.0
0,20180219.0,월,창경궁로(서울여자대학교),A-06,유입,성균관대입구->원남동사거리,16193.0,37.5831,127.0009,15시,1149.0
0,20180219.0,월,창경궁로(서울여자대학교),A-06,유입,성균관대입구->원남동사거리,16193.0,37.5831,127.0009,16시,1062.0
0,20180219.0,월,창경궁로(서울여자대학교),A-06,유입,성균관대입구->원남동사거리,16193.0,37.5831,127.0009,17시,988.0
0,20180219.0,월,창경궁로(서울여자대학교),A-06,유입,성균관대입구->원남동사거리,16193.0,37.5831,127.0009,18시,919.0
0,20180219.0,월,창경궁로(서울여자대학교),A-06,유입,성균관대입구->원남동사거리,16193.0,37.5831,127.0009,19시,808.0
0,20180219.0,월,창경궁로(서울여자대학교),A-06,유입,성균관대입구->원남동사거리,16193.0,37.5831,127.0009,20시,883.0
0,20180220.0,화,창경궁로(서울여자대학교),A-06,유입,성균관대입구->원남동사거리,16591.0,37.5831,127.0009,8시,2194.0
0,20180220.0,화,창경궁로(서울여자대학교),A-06,유입,성균관대입구->원남동사거리,16591.0,37.5831,127.0009,9시,1836.0
0,20180220.0,화,창경궁로(서울여자대학교),A-06,유입,성균관대입구->원남동사거리,16591.0,37.5831,127.0009,10시,1488.0
0,20180220.0,화,창경궁로(서울여자대학교),A-06,유입,성균관대입구->원남동사거리,16591.0,37.5831,127.0009,11시,1287.0
0,20180220.0,화,창경궁로(서울여자대학교),A-06,유입,성균관대입구->원남동사거리,16591.0,37.5831,127.0009,12시,1308.0
0,20180220.0,화,창경궁로(서울여자대학교),A-06,유입,성균관대입구->원남동사거리,16591.0,37.5831,127.0009,13시,1414.0
0,20180220.0,화,창경궁로(서울여자대학교),A-06,유입,성균관대입구->원남동사거리,16591.0,37.5831,127.0009,14시,1244.0
0,20180220.0,화,창경궁로(서울여자대학교),A-06,유입,성균관대입구->원남동사거리,16591.0,37.5831,127.0009,15시,1178.0
0,20180220.0,화,창경궁로(서울여자대학교),A-06,유입,성균관대입구->원남동사거리,16591.0,37.5831,127.0009,16시,1072.0
0,20180220.0,화,창경궁로(서울여자대학교),A-06,유입,성균관대입구->원남동사거리,16591.0,37.5831,127.0009,17시,1014.0
0,20180220.0,화,창경궁로(서울여자대학교),A-06,유입,성균관대입구->원남동사거리,16591.0,37.5831,127.0009,18시,857.0
0,20180220.0,화,창경궁로(서울여자대학교),A-06,유입,성균관대입구->원남동사거리,16591.0,37.5831,127.0009,19시,827.0
0,20180220.0,화,창경궁로(서울여자대학교),A-06,유입,성균관대입구->원남동사거리,16591.0,37.5831,127.0009,20시,872.0
0,20180221.0,수,창경궁로(서울여자대학교),A-06,유입,성균관대입구->원남동사거리,17265.0,37.5831,127.0009,8시,2231.0
0,20180221.0,수,창경궁로(서울여자대학교),A-06,유입,성균관대입구->원남동사거리,17265.0,37.5831,127.0009,9시,1813.0
0,20180221.0,수,창경궁로(서울여자대학교),A-06,유입,성균관대입구->원남동사거리,17265.0,37.5831,127.0009,10시,1508.0
0,20180221.0,수,창경궁로(서울여자대학교),A-06,유입,성균관대입구->원남동사거리,17265.0,37.5831,127.0009,11시,1398.0
0,20180221.0,수,창경궁로(서울여자대학교),A-06,유입,성균관대입구->원남동사거리,17265.0,37.5831,127.0009,12시,1334.0
0,20180221.0,수,창경궁로(서울여자대학교),A-06,유입,성균관대입구->원남동사거리,17265.0,37.5831,127.0009,13시,1350.0
0,20180221.0,수,창경궁로(서울여자대학교),A-06,유입,성균관대입구->원남동사거리,17265.0,37.5831,127.0009,14시,1403.0
0,20180221.0,수,창경궁로(서울여자대학교),A-06,유입,성균관대입구->원남동사거리,17265.0,37.5831,127.0009,15시,1228.0
0,20180221.0,수,창경궁로(서울여자대학교),A-06,유입,성균관대입구->원남동사거리,17265.0,37.5831,127.0009,16시,1144.0
0,20180221.0,수,창경궁로(서울여자대학교),A-06,유입,성균관대입구->원남동사거리,17265.0,37.5831,127.0009,17시,1048.0
0,20180221.0,수,창경궁로(서울여자대학교),A-06,유입,성균관대입구->원남동사거리,17265.0,37.5831,127.0009,18시,923.0
0,20180221.0,수,창경궁로(서울여자대학교),A-06,유입,성균관대입구->원남동사거리,17265.0,37.5831,127.0009,19시,881.0
0,20180221.0,수,창경궁로(서울여자대학교),A-06,유입,성균관대입구->원남동사거리,17265.0,37.5831,127.0009,20시,1004.0
0,20180222.0,목,창경궁로(서울여자대학교),A-06,유입,성균관대입구->원남동사거리,17018.0,37.5831,127.0009,8시,2265.0
0,20180222.0,목,창경궁로(서울여자대학교),A-06,유입,성균관대입구->원남동사거리,17018.0,37.5831,127.0009,9시,1847.0
0,20180222.0,목,창경궁로(서울여자대학교),A-06,유입,성균관대입구->원남동사거리,17018.0,37.5831,127.0009,10시,1503.0
0,20180222.0,목,창경궁로(서울여자대학교),A-06,유입,성균관대입구->원남동사거리,17018.0,37.5831,127.0009,11시,1313.0
0,20180222.0,목,창경궁로(서울여자대학교),A-06,유입,성균관대입구->원남동사거리,17018.0,37.5831,127.0009,12시,1325.0
0,20180222.0,목,창경궁로(서울여자대학교),A-06,유입,성균관대입구->원남동사거리,17018.0,37.5831,127.0009,13시,1384.0
0,20180222.0,목,창경궁로(서울여자대학교),A-06,유입,성균관대입구->원남동사거리,17018.0,37.5831,127.0009,14시,1343.0
0,20180222.0,목,창경궁로(서울여자대학교),A-06,유입,성균관대입구->원남동사거리,17018.0,37.5831,127.0009,15시,1222.0
0,20180222.0,목,창경궁로(서울여자대학교),A-06,유입,성균관대입구->원남동사거리,17018.0,37.5831,127.0009,16시,1175.0
0,20180222.0,목,창경궁로(서울여자대학교),A-06,유입,성균관대입구->원남동사거리,17018.0,37.5831,127.0009,17시,1090.0
0,20180222.0,목,창경궁로(서울여자대학교),A-06,유입,성균관대입구->원남동사거리,17018.0,37.5831,127.0009,18시,892.0
0,20180222.0,목,창경궁로(서울여자대학교),A-06,유입,성균관대입구->원남동사거리,17018.0,37.5831,127.0009,19시,801.0
0,20180222.0,목,창경궁로(서울여자대학교),A-06,유입,성균관대입구->원남동사거리,17018.0,37.5831,127.0009,20시,858.0
0,20180223.0,금,창경궁로(서울여자대학교),A-06,유입,성균관대입구->원남동사거리,17056.0,37.5831,127.0009,8시,2190.0
0,20180223.0,금,창경궁로(서울여자대학교),A-06,유입,성균관대입구->원남동사거리,17056.0,37.5831,127.0009,9시,1745.0
0,20180223.0,금,창경궁로(서울여자대학교),A-06,유입,성균관대입구->원남동사거리,17056.0,37.5831,127.0009,10시,1537.0
0,20180223.0,금,창경궁로(서울여자대학교),A-06,유입,성균관대입구->원남동사거리,17056.0,37.5831,127.0009,11시,1404.0
0,20180223.0,금,창경궁로(서울여자대학교),A-06,유입,성균관대입구->원남동사거리,17056.0,37.5831,127.0009,12시,1355.0
0,20180223.0,금,창경궁로(서울여자대학교),A-06,유입,성균관대입구->원남동사거리,17056.0,37.5831,127.0009,13시,1338.0
0,20180223.0,금,창경궁로(서울여자대학교),A-06,유입,성균관대입구->원남동사거리,17056.0,37.5831,127.0009,14시,1279.0
0,20180223.0,금,창경궁로(서울여자대학교),A-06,유입,성균관대입구->원남동사거리,17056.0,37.5831,127.0009,15시,1277.0
0,20180223.0,금,창경궁로(서울여자대학교),A-06,유입,성균관대입구->원남동사거리,17056.0,37.5831,127.0009,16시,1132.0
0,20180223.0,금,창경궁로(서울여자대학교),A-06,유입,성균관대입구->원남동사거리,17056.0,37.5831,127.0009,17시,1137.0
0,20180223.0,금,창경궁로(서울여자대학교),A-06,유입,성균관대입구->원남동사거리,17056.0,37.5831,127.0009,18시,915.0
0,20180223.0,금,창경궁로(서울여자대학교),A-06,유입,성균관대입구->원남동사거리,17056.0,37.5831,127.0009,19시,879.0
0,20180223.0,금,창경궁로(서울여자대학교),A-06,유입,성균관대입구->원남동사거리,17056.0,37.5831,127.0009,20시,868.0
0,20180224.0,토,창경궁로(서울여자대학교),A-06,유입,성균관대입구->원남동사거리,18303.0,37.5831,127.0009,8시,1625.0
0,20180224.0,토,창경궁로(서울여자대학교),A-06,유입,성균관대입구->원남동사거리,18303.0,37.5831,127.0009,9시,1602.0
0,20180224.0,토,창경궁로(서울여자대학교),A-06,유입,성균관대입구->원남동사거리,18303.0,37.5831,127.0009,10시,1516.0
0,20180224.0,토,창경궁로(서울여자대학교),A-06,유입,성균관대입구->원남동사거리,18303.0,37.5831,127.0009,11시,1552.0
0,20180224.0,토,창경궁로(서울여자대학교),A-06,유입,성균관대입구->원남동사거리,18303.0,37.5831,127.0009,12시,1680.0
0,20180224.0,토,창경궁로(서울여자대학교),A-06,유입,성균관대입구->원남동사거리,18303.0,37.5831,127.0009,13시,1644.0
0,20180224.0,토,창경궁로(서울여자대학교),A-06,유입,성균관대입구->원남동사거리,18303.0,37.5831,127.0009,14시,1534.0
0,20180224.0,토,창경궁로(서울여자대학교),A-06,유입,성균관대입구->원남동사거리,18303.0,37.5831,127.0009,15시,1457.0
0,20180224.0,토,창경궁로(서울여자대학교),A-06,유입,성균관대입구->원남동사거리,18303.0,37.5831,127.0009,16시,1476.0
0,20180224.0,토,창경궁로(서울여자대학교),A-06,유입,성균관대입구->원남동사거리,18303.0,37.5831,127.0009,17시,1162.0
0,20180224.0,토,창경궁로(서울여자대학교),A-06,유입,성균관대입구->원남동사거리,18303.0,37.5831,127.0009,18시,1142.0
0,20180224.0,토,창경궁로(서울여자대학교),A-06,유입,성균관대입구->원남동사거리,18303.0,37.5831,127.0009,19시,920.0
0,20180224.0,토,창경궁로(서울여자대학교),A-06,유입,성균관대입구->원남동사거리,18303.0,37.5831,127.0009,20시,993.0
0,20180225.0,일,창경궁로(서울여자대학교),A-06,유입,성균관대입구->원남동사거리,16488.0,37.5831,127.0009,8시,1027.0
0,20180225.0,일,창경궁로(서울여자대학교),A-06,유입,성균관대입구->원남동사거리,16488.0,37.5831,127.0009,9시,1290.0
0,20180225.0,일,창경궁로(서울여자대학교),A-06,유입,성균관대입구->원남동사거리,16488.0,37.5831,127.0009,10시,1310.0
0,20180225.0,일,창경궁로(서울여자대학교),A-06,유입,성균관대입구->원남동사거리,16488.0,37.5831,127.0009,11시,1403.0
0,20180225.0,일,창경궁로(서울여자대학교),A-06,유입,성균관대입구->원남동사거리,16488.0,37.5831,127.0009,12시,1529.0
0,20180225.0,일,창경궁로(서울여자대학교),A-06,유입,성균관대입구->원남동사거리,16488.0,37.5831,127.0009,13시,1551.0
0,20180225.0,일,창경궁로(서울여자대학교),A-06,유입,성균관대입구->원남동사거리,16488.0,37.5831,127.0009,14시,1498.0
0,20180225.0,일,창경궁로(서울여자대학교),A-06,유입,성균관대입구->원남동사거리,16488.0,37.5831,127.0009,15시,1469.0
0,20180225.0,일,창경궁로(서울여자대학교),A-06,유입,성균관대입구->원남동사거리,16488.0,37.5831,127.0009,16시,1311.0
0,20180225.0,일,창경궁로(서울여자대학교),A-06,유입,성균관대입구->원남동사거리,16488.0,37.5831,127.0009,17시,1217.0
0,20180225.0,일,창경궁로(서울여자대학교),A-06,유입,성균관대입구->원남동사거리,16488.0,37.5831,127.0009,18시,1043.0
0,20180225.0,일,창경궁로(서울여자대학교),A-06,유입,성균관대입구->원남동사거리,16488.0,37.5831,127.0009,19시,938.0
0,20180225.0,일,창경궁로(서울여자대학교),A-06,유입,성균관대입구->원남동사거리,16488.0,37.5831,127.0009,20시,902.0
0,20180226.0,월,창경궁로(서울여자대학교),A-06,유입,성균관대입구->원남동사거리,17791.0,37.5831,127.0009,8시,2267.0
0,20180226.0,월,창경궁로(서울여자대학교),A-06,유입,성균관대입구->원남동사거리,17791.0,37.5831,127.0009,9시,1863.0
0,20180226.0,월,창경궁로(서울여자대학교),A-06,유입,성균관대입구->원남동사거리,17791.0,37.5831,127.0009,10시,1532.0
0,20180226.0,월,창경궁로(서울여자대학교),A-06,유입,성균관대입구->원남동사거리,17791.0,37.5831,127.0009,11시,1482.0
0,20180226.0,월,창경궁로(서울여자대학교),A-06,유입,성균관대입구->원남동사거리,17791.0,37.5831,127.0009,12시,1563.0
0,20180226.0,월,창경궁로(서울여자대학교),A-06,유입,성균관대입구->원남동사거리,17791.0,37.5831,127.0009,13시,1554.0
0,20180226.0,월,창경궁로(서울여자대학교),A-06,유입,성균관대입구->원남동사거리,17791.0,37.5831,127.0009,14시,1379.0
0,20180226.0,월,창경궁로(서울여자대학교),A-06,유입,성균관대입구->원남동사거리,17791.0,37.5831,127.0009,15시,1247.0
0,20180226.0,월,창경궁로(서울여자대학교),A-06,유입,성균관대입구->원남동사거리,17791.0,37.5831,127.0009,16시,1149.0
0,20180226.0,월,창경궁로(서울여자대학교),A-06,유입,성균관대입구->원남동사거리,17791.0,37.5831,127.0009,17시,1078.0
0,20180226.0,월,창경궁로(서울여자대학교),A-06,유입,성균관대입구->원남동사거리,17791.0,37.5831,127.0009,18시,942.0
0,20180226.0,월,창경궁로(서울여자대학교),A-06,유입,성균관대입구->원남동사거리,17791.0,37.5831,127.0009,19시,858.0
0,20180226.0,월,창경궁로(서울여자대학교),A-06,유입,성균관대입구->원남동사거리,17791.0,37.5831,127.0009,20시,877.0
0,20180227.0,화,창경궁로(서울여자대학교),A-06,유입,성균관대입구->원남동사거리,17290.0,37.5831,127.0009,8시,2307.0
0,20180227.0,화,창경궁로(서울여자대학교),A-06,유입,성균관대입구->원남동사거리,17290.0,37.5831,127.0009,9시,1844.0
0,20180227.0,화,창경궁로(서울여자대학교),A-06,유입,성균관대입구->원남동사거리,17290.0,37.5831,127.0009,10시,1460.0
0,20180227.0,화,창경궁로(서울여자대학교),A-06,유입,성균관대입구->원남동사거리,17290.0,37.5831,127.0009,11시,1434.0
0,20180227.0,화,창경궁로(서울여자대학교),A-06,유입,성균관대입구->원남동사거리,17290.0,37.5831,127.0009,12시,1361.0
0,20180227.0,화,창경궁로(서울여자대학교),A-06,유입,성균관대입구->원남동사거리,17290.0,37.5831,127.0009,13시,1399.0
0,20180227.0,화,창경궁로(서울여자대학교),A-06,유입,성균관대입구->원남동사거리,17290.0,37.5831,127.0009,14시,1309.0
0,20180227.0,화,창경궁로(서울여자대학교),A-06,유입,성균관대입구->원남동사거리,17290.0,37.5831,127.0009,15시,1252.0
0,20180227.0,화,창경궁로(서울여자대학교),A-06,유입,성균관대입구->원남동사거리,17290.0,37.5831,127.0009,16시,1156.0
0,20180227.0,화,창경궁로(서울여자대학교),A-06,유입,성균관대입구->원남동사거리,17290.0,37.5831,127.0009,17시,1159.0
0,20180227.0,화,창경궁로(서울여자대학교),A-06,유입,성균관대입구->원남동사거리,17290.0,37.5831,127.0009,18시,904.0
0,20180227.0,화,창경궁로(서울여자대학교),A-06,유입,성균관대입구->원남동사거리,17290.0,37.5831,127.0009,19시,848.0
0,20180227.0,화,창경궁로(서울여자대학교),A-06,유입,성균관대입구->원남동사거리,17290.0,37.5831,127.0009,20시,857.0
0,20180228.0,수,창경궁로(서울여자대학교),A-06,유입,성균관대입구->원남동사거리,16824.0,37.5831,127.0009,8시,2184.0
0,20180228.0,수,창경궁로(서울여자대학교),A-06,유입,성균관대입구->원남동사거리,16824.0,37.5831,127.0009,9시,1814.0
0,20180228.0,수,창경궁로(서울여자대학교),A-06,유입,성균관대입구->원남동사거리,16824.0,37.5831,127.0009,10시,1540.0
0,20180228.0,수,창경궁로(서울여자대학교),A-06,유입,성균관대입구->원남동사거리,16824.0,37.5831,127.0009,11시,1382.0
0,20180228.0,수,창경궁로(서울여자대학교),A-06,유입,성균관대입구->원남동사거리,16824.0,37.5831,127.0009,12시,1356.0
0,20180228.0,수,창경궁로(서울여자대학교),A-06,유입,성균관대입구->원남동사거리,16824.0,37.5831,127.0009,13시,1375.0
0,20180228.0,수,창경궁로(서울여자대학교),A-06,유입,성균관대입구->원남동사거리,16824.0,37.5831,127.0009,14시,1284.0
0,20180228.0,수,창경궁로(서울여자대학교),A-06,유입,성균관대입구->원남동사거리,16824.0,37.5831,127.0009,15시,1042.0
0,20180228.0,수,창경궁로(서울여자대학교),A-06,유입,성균관대입구->원남동사거리,16824.0,37.5831,127.0009,16시,1109.0
0,20180228.0,수,창경궁로(서울여자대학교),A-06,유입,성균관대입구->원남동사거리,16824.0,37.5831,127.0009,17시,1102.0
0,20180228.0,수,창경궁로(서울여자대학교),A-06,유입,성균관대입구->원남동사거리,16824.0,37.5831,127.0009,18시,935.0
0,20180228.0,수,창경궁로(서울여자대학교),A-06,유입,성균관대입구->원남동사거리,16824.0,37.5831,127.0009,19시,805.0
0,20180228.0,수,창경궁로(서울여자대학교),A-06,유입,성균관대입구->원남동사거리,16824.0,37.5831,127.0009,20시,896.0
0,20180201.0,목,창경궁로(서울여자대학교),A-06,유출,원남동사거리->성균관대입구,11655.0,37.5831,127.0009,8시,599.0
0,20180201.0,목,창경궁로(서울여자대학교),A-06,유출,원남동사거리->성균관대입구,11655.0,37.5831,127.0009,9시,706.0
0,20180201.0,목,창경궁로(서울여자대학교),A-06,유출,원남동사거리->성균관대입구,11655.0,37.5831,127.0009,10시,767.0
0,20180201.0,목,창경궁로(서울여자대학교),A-06,유출,원남동사거리->성균관대입구,11655.0,37.5831,127.0009,11시,775.0
0,20180201.0,목,창경궁로(서울여자대학교),A-06,유출,원남동사거리->성균관대입구,11655.0,37.5831,127.0009,12시,889.0
0,20180201.0,목,창경궁로(서울여자대학교),A-06,유출,원남동사거리->성균관대입구,11655.0,37.5831,127.0009,13시,815.0
0,20180201.0,목,창경궁로(서울여자대학교),A-06,유출,원남동사거리->성균관대입구,11655.0,37.5831,127.0009,14시,897.0
0,20180201.0,목,창경궁로(서울여자대학교),A-06,유출,원남동사거리->성균관대입구,11655.0,37.5831,127.0009,15시,970.0
0,20180201.0,목,창경궁로(서울여자대학교),A-06,유출,원남동사거리->성균관대입구,11655.0,37.5831,127.0009,16시,1008.0
0,20180201.0,목,창경궁로(서울여자대학교),A-06,유출,원남동사거리->성균관대입구,11655.0,37.5831,127.0009,17시,1065.0
0,20180201.0,목,창경궁로(서울여자대학교),A-06,유출,원남동사거리->성균관대입구,11655.0,37.5831,127.0009,18시,1067.0
0,20180201.0,목,창경궁로(서울여자대학교),A-06,유출,원남동사거리->성균관대입구,11655.0,37.5831,127.0009,19시,1043.0
0,20180201.0,목,창경궁로(서울여자대학교),A-06,유출,원남동사거리->성균관대입구,11655.0,37.5831,127.0009,20시,1054.0
0,20180202.0,금,창경궁로(서울여자대학교),A-06,유출,원남동사거리->성균관대입구,11926.0,37.5831,127.0009,8시,650.0
0,20180202.0,금,창경궁로(서울여자대학교),A-06,유출,원남동사거리->성균관대입구,11926.0,37.5831,127.0009,9시,698.0
0,20180202.0,금,창경궁로(서울여자대학교),A-06,유출,원남동사거리->성균관대입구,11926.0,37.5831,127.0009,10시,795.0
0,20180202.0,금,창경궁로(서울여자대학교),A-06,유출,원남동사거리->성균관대입구,11926.0,37.5831,127.0009,11시,862.0
0,20180202.0,금,창경궁로(서울여자대학교),A-06,유출,원남동사거리->성균관대입구,11926.0,37.5831,127.0009,12시,871.0
0,20180202.0,금,창경궁로(서울여자대학교),A-06,유출,원남동사거리->성균관대입구,11926.0,37.5831,127.0009,13시,867.0
0,20180202.0,금,창경궁로(서울여자대학교),A-06,유출,원남동사거리->성균관대입구,11926.0,37.5831,127.0009,14시,918.0
0,20180202.0,금,창경궁로(서울여자대학교),A-06,유출,원남동사거리->성균관대입구,11926.0,37.5831,127.0009,15시,1006.0
0,20180202.0,금,창경궁로(서울여자대학교),A-06,유출,원남동사거리->성균관대입구,11926.0,37.5831,127.0009,16시,1049.0
0,20180202.0,금,창경궁로(서울여자대학교),A-06,유출,원남동사거리->성균관대입구,11926.0,37.5831,127.0009,17시,1033.0
0,20180202.0,금,창경궁로(서울여자대학교),A-06,유출,원남동사거리->성균관대입구,11926.0,37.5831,127.0009,18시,1005.0
0,20180202.0,금,창경궁로(서울여자대학교),A-06,유출,원남동사거리->성균관대입구,11926.0,37.5831,127.0009,19시,1093.0
0,20180202.0,금,창경궁로(서울여자대학교),A-06,유출,원남동사거리->성균관대입구,11926.0,37.5831,127.0009,20시,1079.0
0,20180203.0,토,창경궁로(서울여자대학교),A-06,유출,원남동사거리->성균관대입구,10974.0,37.5831,127.0009,8시,624.0
0,20180203.0,토,창경궁로(서울여자대학교),A-06,유출,원남동사거리->성균관대입구,10974.0,37.5831,127.0009,9시,677.0
0,20180203.0,토,창경궁로(서울여자대학교),A-06,유출,원남동사거리->성균관대입구,10974.0,37.5831,127.0009,10시,732.0
0,20180203.0,토,창경궁로(서울여자대학교),A-06,유출,원남동사거리->성균관대입구,10974.0,37.5831,127.0009,11시,737.0
0,20180203.0,토,창경궁로(서울여자대학교),A-06,유출,원남동사거리->성균관대입구,10974.0,37.5831,127.0009,12시,781.0
0,20180203.0,토,창경궁로(서울여자대학교),A-06,유출,원남동사거리->성균관대입구,10974.0,37.5831,127.0009,13시,873.0
0,20180203.0,토,창경궁로(서울여자대학교),A-06,유출,원남동사거리->성균관대입구,10974.0,37.5831,127.0009,14시,888.0
0,20180203.0,토,창경궁로(서울여자대학교),A-06,유출,원남동사거리->성균관대입구,10974.0,37.5831,127.0009,15시,976.0
0,20180203.0,토,창경궁로(서울여자대학교),A-06,유출,원남동사거리->성균관대입구,10974.0,37.5831,127.0009,16시,933.0
0,20180203.0,토,창경궁로(서울여자대학교),A-06,유출,원남동사거리->성균관대입구,10974.0,37.5831,127.0009,17시,936.0
0,20180203.0,토,창경궁로(서울여자대학교),A-06,유출,원남동사거리->성균관대입구,10974.0,37.5831,127.0009,18시,957.0
0,20180203.0,토,창경궁로(서울여자대학교),A-06,유출,원남동사거리->성균관대입구,10974.0,37.5831,127.0009,19시,960.0
0,20180203.0,토,창경궁로(서울여자대학교),A-06,유출,원남동사거리->성균관대입구,10974.0,37.5831,127.0009,20시,900.0
0,20180204.0,일,창경궁로(서울여자대학교),A-06,유출,원남동사거리->성균관대입구,10677.0,37.5831,127.0009,8시,404.0
0,20180204.0,일,창경궁로(서울여자대학교),A-06,유출,원남동사거리->성균관대입구,10677.0,37.5831,127.0009,9시,618.0
0,20180204.0,일,창경궁로(서울여자대학교),A-06,유출,원남동사거리->성균관대입구,10677.0,37.5831,127.0009,10시,684.0
0,20180204.0,일,창경궁로(서울여자대학교),A-06,유출,원남동사거리->성균관대입구,10677.0,37.5831,127.0009,11시,638.0
0,20180204.0,일,창경궁로(서울여자대학교),A-06,유출,원남동사거리->성균관대입구,10677.0,37.5831,127.0009,12시,769.0
0,20180204.0,일,창경궁로(서울여자대학교),A-06,유출,원남동사거리->성균관대입구,10677.0,37.5831,127.0009,13시,965.0
0,20180204.0,일,창경궁로(서울여자대학교),A-06,유출,원남동사거리->성균관대입구,10677.0,37.5831,127.0009,14시,973.0
0,20180204.0,일,창경궁로(서울여자대학교),A-06,유출,원남동사거리->성균관대입구,10677.0,37.5831,127.0009,15시,939.0
0,20180204.0,일,창경궁로(서울여자대학교),A-06,유출,원남동사거리->성균관대입구,10677.0,37.5831,127.0009,16시,1079.0
0,20180204.0,일,창경궁로(서울여자대학교),A-06,유출,원남동사거리->성균관대입구,10677.0,37.5831,127.0009,17시,1063.0
0,20180204.0,일,창경궁로(서울여자대학교),A-06,유출,원남동사거리->성균관대입구,10677.0,37.5831,127.0009,18시,901.0
0,20180204.0,일,창경궁로(서울여자대학교),A-06,유출,원남동사거리->성균관대입구,10677.0,37.5831,127.0009,19시,850.0
0,20180204.0,일,창경궁로(서울여자대학교),A-06,유출,원남동사거리->성균관대입구,10677.0,37.5831,127.0009,20시,794.0
0,20180205.0,월,창경궁로(서울여자대학교),A-06,유출,원남동사거리->성균관대입구,11770.0,37.5831,127.0009,8시,600.0
0,20180205.0,월,창경궁로(서울여자대학교),A-06,유출,원남동사거리->성균관대입구,11770.0,37.5831,127.0009,9시,644.0
0,20180205.0,월,창경궁로(서울여자대학교),A-06,유출,원남동사거리->성균관대입구,11770.0,37.5831,127.0009,10시,747.0
0,20180205.0,월,창경궁로(서울여자대학교),A-06,유출,원남동사거리->성균관대입구,11770.0,37.5831,127.0009,11시,849.0
0,20180205.0,월,창경궁로(서울여자대학교),A-06,유출,원남동사거리->성균관대입구,11770.0,37.5831,127.0009,12시,904.0
0,20180205.0,월,창경궁로(서울여자대학교),A-06,유출,원남동사거리->성균관대입구,11770.0,37.5831,127.0009,13시,830.0
0,20180205.0,월,창경궁로(서울여자대학교),A-06,유출,원남동사거리->성균관대입구,11770.0,37.5831,127.0009,14시,941.0
0,20180205.0,월,창경궁로(서울여자대학교),A-06,유출,원남동사거리->성균관대입구,11770.0,37.5831,127.0009,15시,1054.0
0,20180205.0,월,창경궁로(서울여자대학교),A-06,유출,원남동사거리->성균관대입구,11770.0,37.5831,127.0009,16시,1029.0
0,20180205.0,월,창경궁로(서울여자대학교),A-06,유출,원남동사거리->성균관대입구,11770.0,37.5831,127.0009,17시,975.0
0,20180205.0,월,창경궁로(서울여자대학교),A-06,유출,원남동사거리->성균관대입구,11770.0,37.5831,127.0009,18시,1039.0
0,20180205.0,월,창경궁로(서울여자대학교),A-06,유출,원남동사거리->성균관대입구,11770.0,37.5831,127.0009,19시,1126.0
0,20180205.0,월,창경궁로(서울여자대학교),A-06,유출,원남동사거리->성균관대입구,11770.0,37.5831,127.0009,20시,1032.0
0,20180206.0,화,창경궁로(서울여자대학교),A-06,유출,원남동사거리->성균관대입구,11732.0,37.5831,127.0009,8시,601.0
0,20180206.0,화,창경궁로(서울여자대학교),A-06,유출,원남동사거리->성균관대입구,11732.0,37.5831,127.0009,9시,628.0
0,20180206.0,화,창경궁로(서울여자대학교),A-06,유출,원남동사거리->성균관대입구,11732.0,37.5831,127.0009,10시,707.0
0,20180206.0,화,창경궁로(서울여자대학교),A-06,유출,원남동사거리->성균관대입구,11732.0,37.5831,127.0009,11시,852.0
0,20180206.0,화,창경궁로(서울여자대학교),A-06,유출,원남동사거리->성균관대입구,11732.0,37.5831,127.0009,12시,886.0
0,20180206.0,화,창경궁로(서울여자대학교),A-06,유출,원남동사거리->성균관대입구,11732.0,37.5831,127.0009,13시,868.0
0,20180206.0,화,창경궁로(서울여자대학교),A-06,유출,원남동사거리->성균관대입구,11732.0,37.5831,127.0009,14시,942.0
0,20180206.0,화,창경궁로(서울여자대학교),A-06,유출,원남동사거리->성균관대입구,11732.0,37.5831,127.0009,15시,1019.0
0,20180206.0,화,창경궁로(서울여자대학교),A-06,유출,원남동사거리->성균관대입구,11732.0,37.5831,127.0009,16시,978.0
0,20180206.0,화,창경궁로(서울여자대학교),A-06,유출,원남동사거리->성균관대입구,11732.0,37.5831,127.0009,17시,1023.0
0,20180206.0,화,창경궁로(서울여자대학교),A-06,유출,원남동사거리->성균관대입구,11732.0,37.5831,127.0009,18시,1101.0
0,20180206.0,화,창경궁로(서울여자대학교),A-06,유출,원남동사거리->성균관대입구,11732.0,37.5831,127.0009,19시,1069.0
0,20180206.0,화,창경궁로(서울여자대학교),A-06,유출,원남동사거리->성균관대입구,11732.0,37.5831,127.0009,20시,1058.0
0,20180207.0,수,창경궁로(서울여자대학교),A-06,유출,원남동사거리->성균관대입구,11604.0,37.5831,127.0009,8시,652.0
0,20180207.0,수,창경궁로(서울여자대학교),A-06,유출,원남동사거리->성균관대입구,11604.0,37.5831,127.0009,9시,667.0
0,20180207.0,수,창경궁로(서울여자대학교),A-06,유출,원남동사거리->성균관대입구,11604.0,37.5831,127.0009,10시,801.0
0,20180207.0,수,창경궁로(서울여자대학교),A-06,유출,원남동사거리->성균관대입구,11604.0,37.5831,127.0009,11시,901.0
0,20180207.0,수,창경궁로(서울여자대학교),A-06,유출,원남동사거리->성균관대입구,11604.0,37.5831,127.0009,12시,822.0
0,20180207.0,수,창경궁로(서울여자대학교),A-06,유출,원남동사거리->성균관대입구,11604.0,37.5831,127.0009,13시,816.0
0,20180207.0,수,창경궁로(서울여자대학교),A-06,유출,원남동사거리->성균관대입구,11604.0,37.5831,127.0009,14시,915.0
0,20180207.0,수,창경궁로(서울여자대학교),A-06,유출,원남동사거리->성균관대입구,11604.0,37.5831,127.0009,15시,979.0
0,20180207.0,수,창경궁로(서울여자대학교),A-06,유출,원남동사거리->성균관대입구,11604.0,37.5831,127.0009,16시,1041.0
0,20180207.0,수,창경궁로(서울여자대학교),A-06,유출,원남동사거리->성균관대입구,11604.0,37.5831,127.0009,17시,968.0
0,20180207.0,수,창경궁로(서울여자대학교),A-06,유출,원남동사거리->성균관대입구,11604.0,37.5831,127.0009,18시,1008.0
0,20180207.0,수,창경궁로(서울여자대학교),A-06,유출,원남동사거리->성균관대입구,11604.0,37.5831,127.0009,19시,1080.0
0,20180207.0,수,창경궁로(서울여자대학교),A-06,유출,원남동사거리->성균관대입구,11604.0,37.5831,127.0009,20시,954.0
0,20180208.0,목,창경궁로(서울여자대학교),A-06,유출,원남동사거리->성균관대입구,11578.0,37.5831,127.0009,8시,680.0
0,20180208.0,목,창경궁로(서울여자대학교),A-06,유출,원남동사거리->성균관대입구,11578.0,37.5831,127.0009,9시,718.0
0,20180208.0,목,창경궁로(서울여자대학교),A-06,유출,원남동사거리->성균관대입구,11578.0,37.5831,127.0009,10시,724.0
0,20180208.0,목,창경궁로(서울여자대학교),A-06,유출,원남동사거리->성균관대입구,11578.0,37.5831,127.0009,11시,822.0
0,20180208.0,목,창경궁로(서울여자대학교),A-06,유출,원남동사거리->성균관대입구,11578.0,37.5831,127.0009,12시,803.0
0,20180208.0,목,창경궁로(서울여자대학교),A-06,유출,원남동사거리->성균관대입구,11578.0,37.5831,127.0009,13시,832.0
0,20180208.0,목,창경궁로(서울여자대학교),A-06,유출,원남동사거리->성균관대입구,11578.0,37.5831,127.0009,14시,914.0
0,20180208.0,목,창경궁로(서울여자대학교),A-06,유출,원남동사거리->성균관대입구,11578.0,37.5831,127.0009,15시,980.0
0,20180208.0,목,창경궁로(서울여자대학교),A-06,유출,원남동사거리->성균관대입구,11578.0,37.5831,127.0009,16시,1020.0
0,20180208.0,목,창경궁로(서울여자대학교),A-06,유출,원남동사거리->성균관대입구,11578.0,37.5831,127.0009,17시,998.0
0,20180208.0,목,창경궁로(서울여자대학교),A-06,유출,원남동사거리->성균관대입구,11578.0,37.5831,127.0009,18시,980.0
0,20180208.0,목,창경궁로(서울여자대학교),A-06,유출,원남동사거리->성균관대입구,11578.0,37.5831,127.0009,19시,1062.0
0,20180208.0,목,창경궁로(서울여자대학교),A-06,유출,원남동사거리->성균관대입구,11578.0,37.5831,127.0009,20시,1045.0
0,20180209.0,금,창경궁로(서울여자대학교),A-06,유출,원남동사거리->성균관대입구,11716.0,37.5831,127.0009,8시,668.0
0,20180209.0,금,창경궁로(서울여자대학교),A-06,유출,원남동사거리->성균관대입구,11716.0,37.5831,127.0009,9시,721.0
0,20180209.0,금,창경궁로(서울여자대학교),A-06,유출,원남동사거리->성균관대입구,11716.0,37.5831,127.0009,10시,789.0
0,20180209.0,금,창경궁로(서울여자대학교),A-06,유출,원남동사거리->성균관대입구,11716.0,37.5831,127.0009,11시,849.0
0,20180209.0,금,창경궁로(서울여자대학교),A-06,유출,원남동사거리->성균관대입구,11716.0,37.5831,127.0009,12시,888.0
0,20180209.0,금,창경궁로(서울여자대학교),A-06,유출,원남동사거리->성균관대입구,11716.0,37.5831,127.0009,13시,834.0
0,20180209.0,금,창경궁로(서울여자대학교),A-06,유출,원남동사거리->성균관대입구,11716.0,37.5831,127.0009,14시,932.0
0,20180209.0,금,창경궁로(서울여자대학교),A-06,유출,원남동사거리->성균관대입구,11716.0,37.5831,127.0009,15시,1020.0
0,20180209.0,금,창경궁로(서울여자대학교),A-06,유출,원남동사거리->성균관대입구,11716.0,37.5831,127.0009,16시,1009.0
0,20180209.0,금,창경궁로(서울여자대학교),A-06,유출,원남동사거리->성균관대입구,11716.0,37.5831,127.0009,17시,1007.0
0,20180209.0,금,창경궁로(서울여자대학교),A-06,유출,원남동사거리->성균관대입구,11716.0,37.5831,127.0009,18시,984.0
0,20180209.0,금,창경궁로(서울여자대학교),A-06,유출,원남동사거리->성균관대입구,11716.0,37.5831,127.0009,19시,1060.0
0,20180209.0,금,창경궁로(서울여자대학교),A-06,유출,원남동사거리->성균관대입구,11716.0,37.5831,127.0009,20시,955.0
0,20180210.0,토,창경궁로(서울여자대학교),A-06,유출,원남동사거리->성균관대입구,11174.0,37.5831,127.0009,8시,658.0
0,20180210.0,토,창경궁로(서울여자대학교),A-06,유출,원남동사거리->성균관대입구,11174.0,37.5831,127.0009,9시,693.0
0,20180210.0,토,창경궁로(서울여자대학교),A-06,유출,원남동사거리->성균관대입구,11174.0,37.5831,127.0009,10시,755.0
0,20180210.0,토,창경궁로(서울여자대학교),A-06,유출,원남동사거리->성균관대입구,11174.0,37.5831,127.0009,11시,727.0
0,20180210.0,토,창경궁로(서울여자대학교),A-06,유출,원남동사거리->성균관대입구,11174.0,37.5831,127.0009,12시,769.0
0,20180210.0,토,창경궁로(서울여자대학교),A-06,유출,원남동사거리->성균관대입구,11174.0,37.5831,127.0009,13시,930.0
0,20180210.0,토,창경궁로(서울여자대학교),A-06,유출,원남동사거리->성균관대입구,11174.0,37.5831,127.0009,14시,914.0
0,20180210.0,토,창경궁로(서울여자대학교),A-06,유출,원남동사거리->성균관대입구,11174.0,37.5831,127.0009,15시,1015.0
0,20180210.0,토,창경궁로(서울여자대학교),A-06,유출,원남동사거리->성균관대입구,11174.0,37.5831,127.0009,16시,939.0
0,20180210.0,토,창경궁로(서울여자대학교),A-06,유출,원남동사거리->성균관대입구,11174.0,37.5831,127.0009,17시,1018.0
0,20180210.0,토,창경궁로(서울여자대학교),A-06,유출,원남동사거리->성균관대입구,11174.0,37.5831,127.0009,18시,982.0
0,20180210.0,토,창경궁로(서울여자대학교),A-06,유출,원남동사거리->성균관대입구,11174.0,37.5831,127.0009,19시,871.0
0,20180210.0,토,창경궁로(서울여자대학교),A-06,유출,원남동사거리->성균관대입구,11174.0,37.5831,127.0009,20시,903.0
0,20180211.0,일,창경궁로(서울여자대학교),A-06,유출,원남동사거리->성균관대입구,10672.0,37.5831,127.0009,8시,449.0
0,20180211.0,일,창경궁로(서울여자대학교),A-06,유출,원남동사거리->성균관대입구,10672.0,37.5831,127.0009,9시,565.0
0,20180211.0,일,창경궁로(서울여자대학교),A-06,유출,원남동사거리->성균관대입구,10672.0,37.5831,127.0009,10시,670.0
0,20180211.0,일,창경궁로(서울여자대학교),A-06,유출,원남동사거리->성균관대입구,10672.0,37.5831,127.0009,11시,689.0
0,20180211.0,일,창경궁로(서울여자대학교),A-06,유출,원남동사거리->성균관대입구,10672.0,37.5831,127.0009,12시,764.0
0,20180211.0,일,창경궁로(서울여자대학교),A-06,유출,원남동사거리->성균관대입구,10672.0,37.5831,127.0009,13시,844.0
0,20180211.0,일,창경궁로(서울여자대학교),A-06,유출,원남동사거리->성균관대입구,10672.0,37.5831,127.0009,14시,934.0
0,20180211.0,일,창경궁로(서울여자대학교),A-06,유출,원남동사거리->성균관대입구,10672.0,37.5831,127.0009,15시,1045.0
0,20180211.0,일,창경궁로(서울여자대학교),A-06,유출,원남동사거리->성균관대입구,10672.0,37.5831,127.0009,16시,1034.0
0,20180211.0,일,창경궁로(서울여자대학교),A-06,유출,원남동사거리->성균관대입구,10672.0,37.5831,127.0009,17시,1092.0
0,20180211.0,일,창경궁로(서울여자대학교),A-06,유출,원남동사거리->성균관대입구,10672.0,37.5831,127.0009,18시,939.0
0,20180211.0,일,창경궁로(서울여자대학교),A-06,유출,원남동사거리->성균관대입구,10672.0,37.5831,127.0009,19시,830.0
0,20180211.0,일,창경궁로(서울여자대학교),A-06,유출,원남동사거리->성균관대입구,10672.0,37.5831,127.0009,20시,817.0
0,20180212.0,월,창경궁로(서울여자대학교),A-06,유출,원남동사거리->성균관대입구,11309.0,37.5831,127.0009,8시,594.0
0,20180212.0,월,창경궁로(서울여자대학교),A-06,유출,원남동사거리->성균관대입구,11309.0,37.5831,127.0009,9시,669.0
0,20180212.0,월,창경궁로(서울여자대학교),A-06,유출,원남동사거리->성균관대입구,11309.0,37.5831,127.0009,10시,739.0
0,20180212.0,월,창경궁로(서울여자대학교),A-06,유출,원남동사거리->성균관대입구,11309.0,37.5831,127.0009,11시,833.0
0,20180212.0,월,창경궁로(서울여자대학교),A-06,유출,원남동사거리->성균관대입구,11309.0,37.5831,127.0009,12시,879.0
0,20180212.0,월,창경궁로(서울여자대학교),A-06,유출,원남동사거리->성균관대입구,11309.0,37.5831,127.0009,13시,906.0
0,20180212.0,월,창경궁로(서울여자대학교),A-06,유출,원남동사거리->성균관대입구,11309.0,37.5831,127.0009,14시,930.0
0,20180212.0,월,창경궁로(서울여자대학교),A-06,유출,원남동사거리->성균관대입구,11309.0,37.5831,127.0009,15시,1017.0
0,20180212.0,월,창경궁로(서울여자대학교),A-06,유출,원남동사거리->성균관대입구,11309.0,37.5831,127.0009,16시,1011.0
0,20180212.0,월,창경궁로(서울여자대학교),A-06,유출,원남동사거리->성균관대입구,11309.0,37.5831,127.0009,17시,955.0
0,20180212.0,월,창경궁로(서울여자대학교),A-06,유출,원남동사거리->성균관대입구,11309.0,37.5831,127.0009,18시,836.0
0,20180212.0,월,창경궁로(서울여자대학교),A-06,유출,원남동사거리->성균관대입구,11309.0,37.5831,127.0009,19시,936.0
0,20180212.0,월,창경궁로(서울여자대학교),A-06,유출,원남동사거리->성균관대입구,11309.0,37.5831,127.0009,20시,1004.0
0,20180213.0,화,창경궁로(서울여자대학교),A-06,유출,원남동사거리->성균관대입구,11330.0,37.5831,127.0009,8시,639.0
0,20180213.0,화,창경궁로(서울여자대학교),A-06,유출,원남동사거리->성균관대입구,11330.0,37.5831,127.0009,9시,702.0
0,20180213.0,화,창경궁로(서울여자대학교),A-06,유출,원남동사거리->성균관대입구,11330.0,37.5831,127.0009,10시,818.0
0,20180213.0,화,창경궁로(서울여자대학교),A-06,유출,원남동사거리->성균관대입구,11330.0,37.5831,127.0009,11시,860.0
0,20180213.0,화,창경궁로(서울여자대학교),A-06,유출,원남동사거리->성균관대입구,11330.0,37.5831,127.0009,12시,880.0
0,20180213.0,화,창경궁로(서울여자대학교),A-06,유출,원남동사거리->성균관대입구,11330.0,37.5831,127.0009,13시,873.0
0,20180213.0,화,창경궁로(서울여자대학교),A-06,유출,원남동사거리->성균관대입구,11330.0,37.5831,127.0009,14시,934.0
0,20180213.0,화,창경궁로(서울여자대학교),A-06,유출,원남동사거리->성균관대입구,11330.0,37.5831,127.0009,15시,997.0
0,20180213.0,화,창경궁로(서울여자대학교),A-06,유출,원남동사거리->성균관대입구,11330.0,37.5831,127.0009,16시,999.0
0,20180213.0,화,창경궁로(서울여자대학교),A-06,유출,원남동사거리->성균관대입구,11330.0,37.5831,127.0009,17시,884.0
0,20180213.0,화,창경궁로(서울여자대학교),A-06,유출,원남동사거리->성균관대입구,11330.0,37.5831,127.0009,18시,818.0
0,20180213.0,화,창경궁로(서울여자대학교),A-06,유출,원남동사거리->성균관대입구,11330.0,37.5831,127.0009,19시,945.0
0,20180213.0,화,창경궁로(서울여자대학교),A-06,유출,원남동사거리->성균관대입구,11330.0,37.5831,127.0009,20시,981.0
0,20180214.0,수,창경궁로(서울여자대학교),A-06,유출,원남동사거리->성균관대입구,11581.0,37.5831,127.0009,8시,593.0
0,20180214.0,수,창경궁로(서울여자대학교),A-06,유출,원남동사거리->성균관대입구,11581.0,37.5831,127.0009,9시,695.0
0,20180214.0,수,창경궁로(서울여자대학교),A-06,유출,원남동사거리->성균관대입구,11581.0,37.5831,127.0009,10시,754.0
0,20180214.0,수,창경궁로(서울여자대학교),A-06,유출,원남동사거리->성균관대입구,11581.0,37.5831,127.0009,11시,880.0
0,20180214.0,수,창경궁로(서울여자대학교),A-06,유출,원남동사거리->성균관대입구,11581.0,37.5831,127.0009,12시,949.0
0,20180214.0,수,창경궁로(서울여자대학교),A-06,유출,원남동사거리->성균관대입구,11581.0,37.5831,127.0009,13시,909.0
0,20180214.0,수,창경궁로(서울여자대학교),A-06,유출,원남동사거리->성균관대입구,11581.0,37.5831,127.0009,14시,1036.0
0,20180214.0,수,창경궁로(서울여자대학교),A-06,유출,원남동사거리->성균관대입구,11581.0,37.5831,127.0009,15시,1016.0
0,20180214.0,수,창경궁로(서울여자대학교),A-06,유출,원남동사거리->성균관대입구,11581.0,37.5831,127.0009,16시,966.0
0,20180214.0,수,창경궁로(서울여자대학교),A-06,유출,원남동사거리->성균관대입구,11581.0,37.5831,127.0009,17시,947.0
0,20180214.0,수,창경궁로(서울여자대학교),A-06,유출,원남동사거리->성균관대입구,11581.0,37.5831,127.0009,18시,988.0
0,20180214.0,수,창경궁로(서울여자대학교),A-06,유출,원남동사거리->성균관대입구,11581.0,37.5831,127.0009,19시,934.0
0,20180214.0,수,창경궁로(서울여자대학교),A-06,유출,원남동사거리->성균관대입구,11581.0,37.5831,127.0009,20시,914.0
0,20180215.0,목,창경궁로(서울여자대학교),A-06,유출,원남동사거리->성균관대입구,9653.0,37.5831,127.0009,8시,388.0
0,20180215.0,목,창경궁로(서울여자대학교),A-06,유출,원남동사거리->성균관대입구,9653.0,37.5831,127.0009,9시,438.0
0,20180215.0,목,창경궁로(서울여자대학교),A-06,유출,원남동사거리->성균관대입구,9653.0,37.5831,127.0009,10시,606.0
0,20180215.0,목,창경궁로(서울여자대학교),A-06,유출,원남동사거리->성균관대입구,9653.0,37.5831,127.0009,11시,789.0
0,20180215.0,목,창경궁로(서울여자대학교),A-06,유출,원남동사거리->성균관대입구,9653.0,37.5831,127.0009,12시,975.0
0,20180215.0,목,창경궁로(서울여자대학교),A-06,유출,원남동사거리->성균관대입구,9653.0,37.5831,127.0009,13시,839.0
0,20180215.0,목,창경궁로(서울여자대학교),A-06,유출,원남동사거리->성균관대입구,9653.0,37.5831,127.0009,14시,947.0
0,20180215.0,목,창경궁로(서울여자대학교),A-06,유출,원남동사거리->성균관대입구,9653.0,37.5831,127.0009,15시,907.0
0,20180215.0,목,창경궁로(서울여자대학교),A-06,유출,원남동사거리->성균관대입구,9653.0,37.5831,127.0009,16시,903.0
0,20180215.0,목,창경궁로(서울여자대학교),A-06,유출,원남동사거리->성균관대입구,9653.0,37.5831,127.0009,17시,853.0
0,20180215.0,목,창경궁로(서울여자대학교),A-06,유출,원남동사거리->성균관대입구,9653.0,37.5831,127.0009,18시,749.0
0,20180215.0,목,창경궁로(서울여자대학교),A-06,유출,원남동사거리->성균관대입구,9653.0,37.5831,127.0009,19시,620.0
0,20180215.0,목,창경궁로(서울여자대학교),A-06,유출,원남동사거리->성균관대입구,9653.0,37.5831,127.0009,20시,639.0
0,20180216.0,금,창경궁로(서울여자대학교),A-06,유출,원남동사거리->성균관대입구,11165.0,37.5831,127.0009,8시,1049.0
0,20180216.0,금,창경궁로(서울여자대학교),A-06,유출,원남동사거리->성균관대입구,11165.0,37.5831,127.0009,9시,595.0
0,20180216.0,금,창경궁로(서울여자대학교),A-06,유출,원남동사거리->성균관대입구,11165.0,37.5831,127.0009,10시,622.0
0,20180216.0,금,창경궁로(서울여자대학교),A-06,유출,원남동사거리->성균관대입구,11165.0,37.5831,127.0009,11시,779.0
0,20180216.0,금,창경궁로(서울여자대학교),A-06,유출,원남동사거리->성균관대입구,11165.0,37.5831,127.0009,12시,939.0
0,20180216.0,금,창경궁로(서울여자대학교),A-06,유출,원남동사거리->성균관대입구,11165.0,37.5831,127.0009,13시,945.0
0,20180216.0,금,창경궁로(서울여자대학교),A-06,유출,원남동사거리->성균관대입구,11165.0,37.5831,127.0009,14시,1007.0
0,20180216.0,금,창경궁로(서울여자대학교),A-06,유출,원남동사거리->성균관대입구,11165.0,37.5831,127.0009,15시,1084.0
0,20180216.0,금,창경궁로(서울여자대학교),A-06,유출,원남동사거리->성균관대입구,11165.0,37.5831,127.0009,16시,1005.0
0,20180216.0,금,창경궁로(서울여자대학교),A-06,유출,원남동사거리->성균관대입구,11165.0,37.5831,127.0009,17시,964.0
0,20180216.0,금,창경궁로(서울여자대학교),A-06,유출,원남동사거리->성균관대입구,11165.0,37.5831,127.0009,18시,909.0
0,20180216.0,금,창경궁로(서울여자대학교),A-06,유출,원남동사거리->성균관대입구,11165.0,37.5831,127.0009,19시,655.0
0,20180216.0,금,창경궁로(서울여자대학교),A-06,유출,원남동사거리->성균관대입구,11165.0,37.5831,127.0009,20시,612.0
0,20180217.0,토,창경궁로(서울여자대학교),A-06,유출,원남동사거리->성균관대입구,9273.0,37.5831,127.0009,8시,276.0
0,20180217.0,토,창경궁로(서울여자대학교),A-06,유출,원남동사거리->성균관대입구,9273.0,37.5831,127.0009,9시,377.0
0,20180217.0,토,창경궁로(서울여자대학교),A-06,유출,원남동사거리->성균관대입구,9273.0,37.5831,127.0009,10시,478.0
0,20180217.0,토,창경궁로(서울여자대학교),A-06,유출,원남동사거리->성균관대입구,9273.0,37.5831,127.0009,11시,587.0
0,20180217.0,토,창경궁로(서울여자대학교),A-06,유출,원남동사거리->성균관대입구,9273.0,37.5831,127.0009,12시,798.0
0,20180217.0,토,창경궁로(서울여자대학교),A-06,유출,원남동사거리->성균관대입구,9273.0,37.5831,127.0009,13시,866.0
0,20180217.0,토,창경궁로(서울여자대학교),A-06,유출,원남동사거리->성균관대입구,9273.0,37.5831,127.0009,14시,853.0
0,20180217.0,토,창경궁로(서울여자대학교),A-06,유출,원남동사거리->성균관대입구,9273.0,37.5831,127.0009,15시,916.0
0,20180217.0,토,창경궁로(서울여자대학교),A-06,유출,원남동사거리->성균관대입구,9273.0,37.5831,127.0009,16시,901.0
0,20180217.0,토,창경궁로(서울여자대학교),A-06,유출,원남동사거리->성균관대입구,9273.0,37.5831,127.0009,17시,995.0
0,20180217.0,토,창경궁로(서울여자대학교),A-06,유출,원남동사거리->성균관대입구,9273.0,37.5831,127.0009,18시,782.0
0,20180217.0,토,창경궁로(서울여자대학교),A-06,유출,원남동사거리->성균관대입구,9273.0,37.5831,127.0009,19시,737.0
0,20180217.0,토,창경궁로(서울여자대학교),A-06,유출,원남동사거리->성균관대입구,9273.0,37.5831,127.0009,20시,707.0
0,20180218.0,일,창경궁로(서울여자대학교),A-06,유출,원남동사거리->성균관대입구,9266.0,37.5831,127.0009,8시,327.0
0,20180218.0,일,창경궁로(서울여자대학교),A-06,유출,원남동사거리->성균관대입구,9266.0,37.5831,127.0009,9시,434.0
0,20180218.0,일,창경궁로(서울여자대학교),A-06,유출,원남동사거리->성균관대입구,9266.0,37.5831,127.0009,10시,558.0
0,20180218.0,일,창경궁로(서울여자대학교),A-06,유출,원남동사거리->성균관대입구,9266.0,37.5831,127.0009,11시,588.0
0,20180218.0,일,창경궁로(서울여자대학교),A-06,유출,원남동사거리->성균관대입구,9266.0,37.5831,127.0009,12시,714.0
0,20180218.0,일,창경궁로(서울여자대학교),A-06,유출,원남동사거리->성균관대입구,9266.0,37.5831,127.0009,13시,835.0
0,20180218.0,일,창경궁로(서울여자대학교),A-06,유출,원남동사거리->성균관대입구,9266.0,37.5831,127.0009,14시,902.0
0,20180218.0,일,창경궁로(서울여자대학교),A-06,유출,원남동사거리->성균관대입구,9266.0,37.5831,127.0009,15시,888.0
0,20180218.0,일,창경궁로(서울여자대학교),A-06,유출,원남동사거리->성균관대입구,9266.0,37.5831,127.0009,16시,898.0
0,20180218.0,일,창경궁로(서울여자대학교),A-06,유출,원남동사거리->성균관대입구,9266.0,37.5831,127.0009,17시,958.0
0,20180218.0,일,창경궁로(서울여자대학교),A-06,유출,원남동사거리->성균관대입구,9266.0,37.5831,127.0009,18시,797.0
0,20180218.0,일,창경궁로(서울여자대학교),A-06,유출,원남동사거리->성균관대입구,9266.0,37.5831,127.0009,19시,686.0
0,20180218.0,일,창경궁로(서울여자대학교),A-06,유출,원남동사거리->성균관대입구,9266.0,37.5831,127.0009,20시,681.0
0,20180219.0,월,창경궁로(서울여자대학교),A-06,유출,원남동사거리->성균관대입구,11695.0,37.5831,127.0009,8시,593.0
0,20180219.0,월,창경궁로(서울여자대학교),A-06,유출,원남동사거리->성균관대입구,11695.0,37.5831,127.0009,9시,737.0
0,20180219.0,월,창경궁로(서울여자대학교),A-06,유출,원남동사거리->성균관대입구,11695.0,37.5831,127.0009,10시,778.0
0,20180219.0,월,창경궁로(서울여자대학교),A-06,유출,원남동사거리->성균관대입구,11695.0,37.5831,127.0009,11시,821.0
0,20180219.0,월,창경궁로(서울여자대학교),A-06,유출,원남동사거리->성균관대입구,11695.0,37.5831,127.0009,12시,859.0
0,20180219.0,월,창경궁로(서울여자대학교),A-06,유출,원남동사거리->성균관대입구,11695.0,37.5831,127.0009,13시,894.0
0,20180219.0,월,창경궁로(서울여자대학교),A-06,유출,원남동사거리->성균관대입구,11695.0,37.5831,127.0009,14시,947.0
0,20180219.0,월,창경궁로(서울여자대학교),A-06,유출,원남동사거리->성균관대입구,11695.0,37.5831,127.0009,15시,997.0
0,20180219.0,월,창경궁로(서울여자대학교),A-06,유출,원남동사거리->성균관대입구,11695.0,37.5831,127.0009,16시,1011.0
0,20180219.0,월,창경궁로(서울여자대학교),A-06,유출,원남동사거리->성균관대입구,11695.0,37.5831,127.0009,17시,986.0
0,20180219.0,월,창경궁로(서울여자대학교),A-06,유출,원남동사거리->성균관대입구,11695.0,37.5831,127.0009,18시,1134.0
0,20180219.0,월,창경궁로(서울여자대학교),A-06,유출,원남동사거리->성균관대입구,11695.0,37.5831,127.0009,19시,1003.0
0,20180219.0,월,창경궁로(서울여자대학교),A-06,유출,원남동사거리->성균관대입구,11695.0,37.5831,127.0009,20시,935.0
0,20180220.0,화,창경궁로(서울여자대학교),A-06,유출,원남동사거리->성균관대입구,11862.0,37.5831,127.0009,8시,608.0
0,20180220.0,화,창경궁로(서울여자대학교),A-06,유출,원남동사거리->성균관대입구,11862.0,37.5831,127.0009,9시,727.0
0,20180220.0,화,창경궁로(서울여자대학교),A-06,유출,원남동사거리->성균관대입구,11862.0,37.5831,127.0009,10시,805.0
0,20180220.0,화,창경궁로(서울여자대학교),A-06,유출,원남동사거리->성균관대입구,11862.0,37.5831,127.0009,11시,831.0
0,20180220.0,화,창경궁로(서울여자대학교),A-06,유출,원남동사거리->성균관대입구,11862.0,37.5831,127.0009,12시,839.0
0,20180220.0,화,창경궁로(서울여자대학교),A-06,유출,원남동사거리->성균관대입구,11862.0,37.5831,127.0009,13시,872.0
0,20180220.0,화,창경궁로(서울여자대학교),A-06,유출,원남동사거리->성균관대입구,11862.0,37.5831,127.0009,14시,899.0
0,20180220.0,화,창경궁로(서울여자대학교),A-06,유출,원남동사거리->성균관대입구,11862.0,37.5831,127.0009,15시,1021.0
0,20180220.0,화,창경궁로(서울여자대학교),A-06,유출,원남동사거리->성균관대입구,11862.0,37.5831,127.0009,16시,1023.0
0,20180220.0,화,창경궁로(서울여자대학교),A-06,유출,원남동사거리->성균관대입구,11862.0,37.5831,127.0009,17시,1064.0
0,20180220.0,화,창경궁로(서울여자대학교),A-06,유출,원남동사거리->성균관대입구,11862.0,37.5831,127.0009,18시,1065.0
0,20180220.0,화,창경궁로(서울여자대학교),A-06,유출,원남동사거리->성균관대입구,11862.0,37.5831,127.0009,19시,1067.0
0,20180220.0,화,창경궁로(서울여자대학교),A-06,유출,원남동사거리->성균관대입구,11862.0,37.5831,127.0009,20시,1041.0
0,20180221.0,수,창경궁로(서울여자대학교),A-06,유출,원남동사거리->성균관대입구,11755.0,37.5831,127.0009,8시,649.0
0,20180221.0,수,창경궁로(서울여자대학교),A-06,유출,원남동사거리->성균관대입구,11755.0,37.5831,127.0009,9시,735.0
0,20180221.0,수,창경궁로(서울여자대학교),A-06,유출,원남동사거리->성균관대입구,11755.0,37.5831,127.0009,10시,754.0
0,20180221.0,수,창경궁로(서울여자대학교),A-06,유출,원남동사거리->성균관대입구,11755.0,37.5831,127.0009,11시,853.0
0,20180221.0,수,창경궁로(서울여자대학교),A-06,유출,원남동사거리->성균관대입구,11755.0,37.5831,127.0009,12시,825.0
0,20180221.0,수,창경궁로(서울여자대학교),A-06,유출,원남동사거리->성균관대입구,11755.0,37.5831,127.0009,13시,826.0
0,20180221.0,수,창경궁로(서울여자대학교),A-06,유출,원남동사거리->성균관대입구,11755.0,37.5831,127.0009,14시,897.0
0,20180221.0,수,창경궁로(서울여자대학교),A-06,유출,원남동사거리->성균관대입구,11755.0,37.5831,127.0009,15시,984.0
0,20180221.0,수,창경궁로(서울여자대학교),A-06,유출,원남동사거리->성균관대입구,11755.0,37.5831,127.0009,16시,1054.0
0,20180221.0,수,창경궁로(서울여자대학교),A-06,유출,원남동사거리->성균관대입구,11755.0,37.5831,127.0009,17시,1065.0
0,20180221.0,수,창경궁로(서울여자대학교),A-06,유출,원남동사거리->성균관대입구,11755.0,37.5831,127.0009,18시,1055.0
0,20180221.0,수,창경궁로(서울여자대학교),A-06,유출,원남동사거리->성균관대입구,11755.0,37.5831,127.0009,19시,1038.0
0,20180221.0,수,창경궁로(서울여자대학교),A-06,유출,원남동사거리->성균관대입구,11755.0,37.5831,127.0009,20시,1020.0
0,20180222.0,목,창경궁로(서울여자대학교),A-06,유출,원남동사거리->성균관대입구,11668.0,37.5831,127.0009,8시,627.0
0,20180222.0,목,창경궁로(서울여자대학교),A-06,유출,원남동사거리->성균관대입구,11668.0,37.5831,127.0009,9시,724.0
0,20180222.0,목,창경궁로(서울여자대학교),A-06,유출,원남동사거리->성균관대입구,11668.0,37.5831,127.0009,10시,780.0
0,20180222.0,목,창경궁로(서울여자대학교),A-06,유출,원남동사거리->성균관대입구,11668.0,37.5831,127.0009,11시,877.0
0,20180222.0,목,창경궁로(서울여자대학교),A-06,유출,원남동사거리->성균관대입구,11668.0,37.5831,127.0009,12시,828.0
0,20180222.0,목,창경궁로(서울여자대학교),A-06,유출,원남동사거리->성균관대입구,11668.0,37.5831,127.0009,13시,833.0
0,20180222.0,목,창경궁로(서울여자대학교),A-06,유출,원남동사거리->성균관대입구,11668.0,37.5831,127.0009,14시,901.0
0,20180222.0,목,창경궁로(서울여자대학교),A-06,유출,원남동사거리->성균관대입구,11668.0,37.5831,127.0009,15시,915.0
0,20180222.0,목,창경궁로(서울여자대학교),A-06,유출,원남동사거리->성균관대입구,11668.0,37.5831,127.0009,16시,1002.0
0,20180222.0,목,창경궁로(서울여자대학교),A-06,유출,원남동사거리->성균관대입구,11668.0,37.5831,127.0009,17시,1062.0
0,20180222.0,목,창경궁로(서울여자대학교),A-06,유출,원남동사거리->성균관대입구,11668.0,37.5831,127.0009,18시,1095.0
0,20180222.0,목,창경궁로(서울여자대학교),A-06,유출,원남동사거리->성균관대입구,11668.0,37.5831,127.0009,19시,1092.0
0,20180222.0,목,창경궁로(서울여자대학교),A-06,유출,원남동사거리->성균관대입구,11668.0,37.5831,127.0009,20시,932.0
0,20180223.0,금,창경궁로(서울여자대학교),A-06,유출,원남동사거리->성균관대입구,11504.0,37.5831,127.0009,8시,593.0
0,20180223.0,금,창경궁로(서울여자대학교),A-06,유출,원남동사거리->성균관대입구,11504.0,37.5831,127.0009,9시,706.0
0,20180223.0,금,창경궁로(서울여자대학교),A-06,유출,원남동사거리->성균관대입구,11504.0,37.5831,127.0009,10시,708.0
0,20180223.0,금,창경궁로(서울여자대학교),A-06,유출,원남동사거리->성균관대입구,11504.0,37.5831,127.0009,11시,765.0
0,20180223.0,금,창경궁로(서울여자대학교),A-06,유출,원남동사거리->성균관대입구,11504.0,37.5831,127.0009,12시,855.0
0,20180223.0,금,창경궁로(서울여자대학교),A-06,유출,원남동사거리->성균관대입구,11504.0,37.5831,127.0009,13시,847.0
0,20180223.0,금,창경궁로(서울여자대학교),A-06,유출,원남동사거리->성균관대입구,11504.0,37.5831,127.0009,14시,918.0
0,20180223.0,금,창경궁로(서울여자대학교),A-06,유출,원남동사거리->성균관대입구,11504.0,37.5831,127.0009,15시,1045.0
0,20180223.0,금,창경궁로(서울여자대학교),A-06,유출,원남동사거리->성균관대입구,11504.0,37.5831,127.0009,16시,1017.0
0,20180223.0,금,창경궁로(서울여자대학교),A-06,유출,원남동사거리->성균관대입구,11504.0,37.5831,127.0009,17시,1011.0
0,20180223.0,금,창경궁로(서울여자대학교),A-06,유출,원남동사거리->성균관대입구,11504.0,37.5831,127.0009,18시,1045.0
0,20180223.0,금,창경궁로(서울여자대학교),A-06,유출,원남동사거리->성균관대입구,11504.0,37.5831,127.0009,19시,972.0
0,20180223.0,금,창경궁로(서울여자대학교),A-06,유출,원남동사거리->성균관대입구,11504.0,37.5831,127.0009,20시,1022.0
0,20180224.0,토,창경궁로(서울여자대학교),A-06,유출,원남동사거리->성균관대입구,10903.0,37.5831,127.0009,8시,601.0
0,20180224.0,토,창경궁로(서울여자대학교),A-06,유출,원남동사거리->성균관대입구,10903.0,37.5831,127.0009,9시,755.0
0,20180224.0,토,창경궁로(서울여자대학교),A-06,유출,원남동사거리->성균관대입구,10903.0,37.5831,127.0009,10시,815.0
0,20180224.0,토,창경궁로(서울여자대학교),A-06,유출,원남동사거리->성균관대입구,10903.0,37.5831,127.0009,11시,782.0
0,20180224.0,토,창경궁로(서울여자대학교),A-06,유출,원남동사거리->성균관대입구,10903.0,37.5831,127.0009,12시,852.0
0,20180224.0,토,창경궁로(서울여자대학교),A-06,유출,원남동사거리->성균관대입구,10903.0,37.5831,127.0009,13시,927.0
0,20180224.0,토,창경궁로(서울여자대학교),A-06,유출,원남동사거리->성균관대입구,10903.0,37.5831,127.0009,14시,902.0
0,20180224.0,토,창경궁로(서울여자대학교),A-06,유출,원남동사거리->성균관대입구,10903.0,37.5831,127.0009,15시,886.0
0,20180224.0,토,창경궁로(서울여자대학교),A-06,유출,원남동사거리->성균관대입구,10903.0,37.5831,127.0009,16시,795.0
0,20180224.0,토,창경궁로(서울여자대학교),A-06,유출,원남동사거리->성균관대입구,10903.0,37.5831,127.0009,17시,870.0
0,20180224.0,토,창경궁로(서울여자대학교),A-06,유출,원남동사거리->성균관대입구,10903.0,37.5831,127.0009,18시,897.0
0,20180224.0,토,창경궁로(서울여자대학교),A-06,유출,원남동사거리->성균관대입구,10903.0,37.5831,127.0009,19시,940.0
0,20180224.0,토,창경궁로(서울여자대학교),A-06,유출,원남동사거리->성균관대입구,10903.0,37.5831,127.0009,20시,881.0
0,20180225.0,일,창경궁로(서울여자대학교),A-06,유출,원남동사거리->성균관대입구,10776.0,37.5831,127.0009,8시,428.0
0,20180225.0,일,창경궁로(서울여자대학교),A-06,유출,원남동사거리->성균관대입구,10776.0,37.5831,127.0009,9시,563.0
0,20180225.0,일,창경궁로(서울여자대학교),A-06,유출,원남동사거리->성균관대입구,10776.0,37.5831,127.0009,10시,636.0
0,20180225.0,일,창경궁로(서울여자대학교),A-06,유출,원남동사거리->성균관대입구,10776.0,37.5831,127.0009,11시,654.0
0,20180225.0,일,창경궁로(서울여자대학교),A-06,유출,원남동사거리->성균관대입구,10776.0,37.5831,127.0009,12시,753.0
0,20180225.0,일,창경궁로(서울여자대학교),A-06,유출,원남동사거리->성균관대입구,10776.0,37.5831,127.0009,13시,936.0
0,20180225.0,일,창경궁로(서울여자대학교),A-06,유출,원남동사거리->성균관대입구,10776.0,37.5831,127.0009,14시,998.0
0,20180225.0,일,창경궁로(서울여자대학교),A-06,유출,원남동사거리->성균관대입구,10776.0,37.5831,127.0009,15시,918.0
0,20180225.0,일,창경궁로(서울여자대학교),A-06,유출,원남동사거리->성균관대입구,10776.0,37.5831,127.0009,16시,1089.0
0,20180225.0,일,창경궁로(서울여자대학교),A-06,유출,원남동사거리->성균관대입구,10776.0,37.5831,127.0009,17시,1055.0
0,20180225.0,일,창경궁로(서울여자대학교),A-06,유출,원남동사거리->성균관대입구,10776.0,37.5831,127.0009,18시,1064.0
0,20180225.0,일,창경궁로(서울여자대학교),A-06,유출,원남동사거리->성균관대입구,10776.0,37.5831,127.0009,19시,898.0
0,20180225.0,일,창경궁로(서울여자대학교),A-06,유출,원남동사거리->성균관대입구,10776.0,37.5831,127.0009,20시,784.0
0,20180226.0,월,창경궁로(서울여자대학교),A-06,유출,원남동사거리->성균관대입구,11867.0,37.5831,127.0009,8시,581.0
0,20180226.0,월,창경궁로(서울여자대학교),A-06,유출,원남동사거리->성균관대입구,11867.0,37.5831,127.0009,9시,667.0
0,20180226.0,월,창경궁로(서울여자대학교),A-06,유출,원남동사거리->성균관대입구,11867.0,37.5831,127.0009,10시,823.0
0,20180226.0,월,창경궁로(서울여자대학교),A-06,유출,원남동사거리->성균관대입구,11867.0,37.5831,127.0009,11시,905.0
0,20180226.0,월,창경궁로(서울여자대학교),A-06,유출,원남동사거리->성균관대입구,11867.0,37.5831,127.0009,12시,884.0
0,20180226.0,월,창경궁로(서울여자대학교),A-06,유출,원남동사거리->성균관대입구,11867.0,37.5831,127.0009,13시,914.0
0,20180226.0,월,창경궁로(서울여자대학교),A-06,유출,원남동사거리->성균관대입구,11867.0,37.5831,127.0009,14시,916.0
0,20180226.0,월,창경궁로(서울여자대학교),A-06,유출,원남동사거리->성균관대입구,11867.0,37.5831,127.0009,15시,1008.0
0,20180226.0,월,창경궁로(서울여자대학교),A-06,유출,원남동사거리->성균관대입구,11867.0,37.5831,127.0009,16시,948.0
0,20180226.0,월,창경궁로(서울여자대학교),A-06,유출,원남동사거리->성균관대입구,11867.0,37.5831,127.0009,17시,1045.0
0,20180226.0,월,창경궁로(서울여자대학교),A-06,유출,원남동사거리->성균관대입구,11867.0,37.5831,127.0009,18시,1097.0
0,20180226.0,월,창경궁로(서울여자대학교),A-06,유출,원남동사거리->성균관대입구,11867.0,37.5831,127.0009,19시,1083.0
0,20180226.0,월,창경궁로(서울여자대학교),A-06,유출,원남동사거리->성균관대입구,11867.0,37.5831,127.0009,20시,996.0
0,20180227.0,화,창경궁로(서울여자대학교),A-06,유출,원남동사거리->성균관대입구,11841.0,37.5831,127.0009,8시,607.0
0,20180227.0,화,창경궁로(서울여자대학교),A-06,유출,원남동사거리->성균관대입구,11841.0,37.5831,127.0009,9시,729.0
0,20180227.0,화,창경궁로(서울여자대학교),A-06,유출,원남동사거리->성균관대입구,11841.0,37.5831,127.0009,10시,736.0
0,20180227.0,화,창경궁로(서울여자대학교),A-06,유출,원남동사거리->성균관대입구,11841.0,37.5831,127.0009,11시,833.0
0,20180227.0,화,창경궁로(서울여자대학교),A-06,유출,원남동사거리->성균관대입구,11841.0,37.5831,127.0009,12시,911.0
0,20180227.0,화,창경궁로(서울여자대학교),A-06,유출,원남동사거리->성균관대입구,11841.0,37.5831,127.0009,13시,915.0
0,20180227.0,화,창경궁로(서울여자대학교),A-06,유출,원남동사거리->성균관대입구,11841.0,37.5831,127.0009,14시,920.0
0,20180227.0,화,창경궁로(서울여자대학교),A-06,유출,원남동사거리->성균관대입구,11841.0,37.5831,127.0009,15시,1026.0
0,20180227.0,화,창경궁로(서울여자대학교),A-06,유출,원남동사거리->성균관대입구,11841.0,37.5831,127.0009,16시,1030.0
0,20180227.0,화,창경궁로(서울여자대학교),A-06,유출,원남동사거리->성균관대입구,11841.0,37.5831,127.0009,17시,1003.0
0,20180227.0,화,창경궁로(서울여자대학교),A-06,유출,원남동사거리->성균관대입구,11841.0,37.5831,127.0009,18시,1062.0
0,20180227.0,화,창경궁로(서울여자대학교),A-06,유출,원남동사거리->성균관대입구,11841.0,37.5831,127.0009,19시,1057.0
0,20180227.0,화,창경궁로(서울여자대학교),A-06,유출,원남동사거리->성균관대입구,11841.0,37.5831,127.0009,20시,1012.0
0,20180228.0,수,창경궁로(서울여자대학교),A-06,유출,원남동사거리->성균관대입구,10985.0,37.5831,127.0009,8시,607.0
0,20180228.0,수,창경궁로(서울여자대학교),A-06,유출,원남동사거리->성균관대입구,10985.0,37.5831,127.0009,9시,701.0
0,20180228.0,수,창경궁로(서울여자대학교),A-06,유출,원남동사거리->성균관대입구,10985.0,37.5831,127.0009,10시,749.0
0,20180228.0,수,창경궁로(서울여자대학교),A-06,유출,원남동사거리->성균관대입구,10985.0,37.5831,127.0009,11시,817.0
0,20180228.0,수,창경궁로(서울여자대학교),A-06,유출,원남동사거리->성균관대입구,10985.0,37.5831,127.0009,12시,887.0
0,20180228.0,수,창경궁로(서울여자대학교),A-06,유출,원남동사거리->성균관대입구,10985.0,37.5831,127.0009,13시,836.0
0,20180228.0,수,창경궁로(서울여자대학교),A-06,유출,원남동사거리->성균관대입구,10985.0,37.5831,127.0009,14시,889.0
0,20180228.0,수,창경궁로(서울여자대학교),A-06,유출,원남동사거리->성균관대입구,10985.0,37.5831,127.0009,15시,860.0
0,20180228.0,수,창경궁로(서울여자대학교),A-06,유출,원남동사거리->성균관대입구,10985.0,37.5831,127.0009,16시,992.0
0,20180228.0,수,창경궁로(서울여자대학교),A-06,유출,원남동사거리->성균관대입구,10985.0,37.5831,127.0009,17시,969.0
0,20180228.0,수,창경궁로(서울여자대학교),A-06,유출,원남동사거리->성균관대입구,10985.0,37.5831,127.0009,18시,870.0
0,20180228.0,수,창경궁로(서울여자대학교),A-06,유출,원남동사거리->성균관대입구,10985.0,37.5831,127.0009,19시,976.0
0,20180228.0,수,창경궁로(서울여자대학교),A-06,유출,원남동사거리->성균관대입구,10985.0,37.5831,127.0009,20시,832.0
0,20180301.0,목,창경궁로(서울여자대학교),A-06,유입,성균관대입구->원남동사거리,15988.0,37.5831,127.0009,8시,1105.0
0,20180301.0,목,창경궁로(서울여자대학교),A-06,유입,성균관대입구->원남동사거리,15988.0,37.5831,127.0009,9시,1323.0
0,20180301.0,목,창경궁로(서울여자대학교),A-06,유입,성균관대입구->원남동사거리,15988.0,37.5831,127.0009,10시,1416.0
0,20180301.0,목,창경궁로(서울여자대학교),A-06,유입,성균관대입구->원남동사거리,15988.0,37.5831,127.0009,11시,1381.0
0,20180301.0,목,창경궁로(서울여자대학교),A-06,유입,성균관대입구->원남동사거리,15988.0,37.5831,127.0009,12시,1332.0
0,20180301.0,목,창경궁로(서울여자대학교),A-06,유입,성균관대입구->원남동사거리,15988.0,37.5831,127.0009,13시,1242.0
0,20180301.0,목,창경궁로(서울여자대학교),A-06,유입,성균관대입구->원남동사거리,15988.0,37.5831,127.0009,14시,1465.0
0,20180301.0,목,창경궁로(서울여자대학교),A-06,유입,성균관대입구->원남동사거리,15988.0,37.5831,127.0009,15시,1243.0
0,20180301.0,목,창경궁로(서울여자대학교),A-06,유입,성균관대입구->원남동사거리,15988.0,37.5831,127.0009,16시,1209.0
0,20180301.0,목,창경궁로(서울여자대학교),A-06,유입,성균관대입구->원남동사거리,15988.0,37.5831,127.0009,17시,1124.0
0,20180301.0,목,창경궁로(서울여자대학교),A-06,유입,성균관대입구->원남동사거리,15988.0,37.5831,127.0009,18시,1063.0
0,20180301.0,목,창경궁로(서울여자대학교),A-06,유입,성균관대입구->원남동사거리,15988.0,37.5831,127.0009,19시,1015.0
0,20180301.0,목,창경궁로(서울여자대학교),A-06,유입,성균관대입구->원남동사거리,15988.0,37.5831,127.0009,20시,1070.0
0,20180302.0,금,창경궁로(서울여자대학교),A-06,유입,성균관대입구->원남동사거리,17423.0,37.5831,127.0009,8시,2259.0
0,20180302.0,금,창경궁로(서울여자대학교),A-06,유입,성균관대입구->원남동사거리,17423.0,37.5831,127.0009,9시,1781.0
0,20180302.0,금,창경궁로(서울여자대학교),A-06,유입,성균관대입구->원남동사거리,17423.0,37.5831,127.0009,10시,1450.0
0,20180302.0,금,창경궁로(서울여자대학교),A-06,유입,성균관대입구->원남동사거리,17423.0,37.5831,127.0009,11시,1405.0
0,20180302.0,금,창경궁로(서울여자대학교),A-06,유입,성균관대입구->원남동사거리,17423.0,37.5831,127.0009,12시,1315.0
0,20180302.0,금,창경궁로(서울여자대학교),A-06,유입,성균관대입구->원남동사거리,17423.0,37.5831,127.0009,13시,1376.0
0,20180302.0,금,창경궁로(서울여자대학교),A-06,유입,성균관대입구->원남동사거리,17423.0,37.5831,127.0009,14시,1276.0
0,20180302.0,금,창경궁로(서울여자대학교),A-06,유입,성균관대입구->원남동사거리,17423.0,37.5831,127.0009,15시,1257.0
0,20180302.0,금,창경궁로(서울여자대학교),A-06,유입,성균관대입구->원남동사거리,17423.0,37.5831,127.0009,16시,1237.0
0,20180302.0,금,창경궁로(서울여자대학교),A-06,유입,성균관대입구->원남동사거리,17423.0,37.5831,127.0009,17시,1124.0
0,20180302.0,금,창경궁로(서울여자대학교),A-06,유입,성균관대입구->원남동사거리,17423.0,37.5831,127.0009,18시,1067.0
0,20180302.0,금,창경궁로(서울여자대학교),A-06,유입,성균관대입구->원남동사거리,17423.0,37.5831,127.0009,19시,926.0
0,20180302.0,금,창경궁로(서울여자대학교),A-06,유입,성균관대입구->원남동사거리,17423.0,37.5831,127.0009,20시,950.0
0,20180303.0,토,창경궁로(서울여자대학교),A-06,유입,성균관대입구->원남동사거리,17277.0,37.5831,127.0009,8시,1487.0
0,20180303.0,토,창경궁로(서울여자대학교),A-06,유입,성균관대입구->원남동사거리,17277.0,37.5831,127.0009,9시,1503.0
0,20180303.0,토,창경궁로(서울여자대학교),A-06,유입,성균관대입구->원남동사거리,17277.0,37.5831,127.0009,10시,1525.0
0,20180303.0,토,창경궁로(서울여자대학교),A-06,유입,성균관대입구->원남동사거리,17277.0,37.5831,127.0009,11시,1469.0
0,20180303.0,토,창경궁로(서울여자대학교),A-06,유입,성균관대입구->원남동사거리,17277.0,37.5831,127.0009,12시,1486.0
0,20180303.0,토,창경궁로(서울여자대학교),A-06,유입,성균관대입구->원남동사거리,17277.0,37.5831,127.0009,13시,1382.0
0,20180303.0,토,창경궁로(서울여자대학교),A-06,유입,성균관대입구->원남동사거리,17277.0,37.5831,127.0009,14시,1430.0
0,20180303.0,토,창경궁로(서울여자대학교),A-06,유입,성균관대입구->원남동사거리,17277.0,37.5831,127.0009,15시,1392.0
0,20180303.0,토,창경궁로(서울여자대학교),A-06,유입,성균관대입구->원남동사거리,17277.0,37.5831,127.0009,16시,1223.0
0,20180303.0,토,창경궁로(서울여자대학교),A-06,유입,성균관대입구->원남동사거리,17277.0,37.5831,127.0009,17시,1243.0
0,20180303.0,토,창경궁로(서울여자대학교),A-06,유입,성균관대입구->원남동사거리,17277.0,37.5831,127.0009,18시,1105.0
0,20180303.0,토,창경궁로(서울여자대학교),A-06,유입,성균관대입구->원남동사거리,17277.0,37.5831,127.0009,19시,987.0
0,20180303.0,토,창경궁로(서울여자대학교),A-06,유입,성균관대입구->원남동사거리,17277.0,37.5831,127.0009,20시,1045.0
0,20180304.0,일,창경궁로(서울여자대학교),A-06,유입,성균관대입구->원남동사거리,15559.0,37.5831,127.0009,8시,1041.0
0,20180304.0,일,창경궁로(서울여자대학교),A-06,유입,성균관대입구->원남동사거리,15559.0,37.5831,127.0009,9시,1228.0
0,20180304.0,일,창경궁로(서울여자대학교),A-06,유입,성균관대입구->원남동사거리,15559.0,37.5831,127.0009,10시,1418.0
0,20180304.0,일,창경궁로(서울여자대학교),A-06,유입,성균관대입구->원남동사거리,15559.0,37.5831,127.0009,11시,1261.0
0,20180304.0,일,창경궁로(서울여자대학교),A-06,유입,성균관대입구->원남동사거리,15559.0,37.5831,127.0009,12시,1366.0
0,20180304.0,일,창경궁로(서울여자대학교),A-06,유입,성균관대입구->원남동사거리,15559.0,37.5831,127.0009,13시,1375.0
0,20180304.0,일,창경궁로(서울여자대학교),A-06,유입,성균관대입구->원남동사거리,15559.0,37.5831,127.0009,14시,1348.0
0,20180304.0,일,창경궁로(서울여자대학교),A-06,유입,성균관대입구->원남동사거리,15559.0,37.5831,127.0009,15시,1288.0
0,20180304.0,일,창경궁로(서울여자대학교),A-06,유입,성균관대입구->원남동사거리,15559.0,37.5831,127.0009,16시,1229.0
0,20180304.0,일,창경궁로(서울여자대학교),A-06,유입,성균관대입구->원남동사거리,15559.0,37.5831,127.0009,17시,1166.0
0,20180304.0,일,창경궁로(서울여자대학교),A-06,유입,성균관대입구->원남동사거리,15559.0,37.5831,127.0009,18시,1012.0
0,20180304.0,일,창경궁로(서울여자대학교),A-06,유입,성균관대입구->원남동사거리,15559.0,37.5831,127.0009,19시,965.0
0,20180304.0,일,창경궁로(서울여자대학교),A-06,유입,성균관대입구->원남동사거리,15559.0,37.5831,127.0009,20시,862.0
0,20180305.0,월,창경궁로(서울여자대학교),A-06,유입,성균관대입구->원남동사거리,16578.0,37.5831,127.0009,8시,2218.0
0,20180305.0,월,창경궁로(서울여자대학교),A-06,유입,성균관대입구->원남동사거리,16578.0,37.5831,127.0009,9시,1841.0
0,20180305.0,월,창경궁로(서울여자대학교),A-06,유입,성균관대입구->원남동사거리,16578.0,37.5831,127.0009,10시,1456.0
0,20180305.0,월,창경궁로(서울여자대학교),A-06,유입,성균관대입구->원남동사거리,16578.0,37.5831,127.0009,11시,1407.0
0,20180305.0,월,창경궁로(서울여자대학교),A-06,유입,성균관대입구->원남동사거리,16578.0,37.5831,127.0009,12시,1197.0
0,20180305.0,월,창경궁로(서울여자대학교),A-06,유입,성균관대입구->원남동사거리,16578.0,37.5831,127.0009,13시,1298.0
0,20180305.0,월,창경궁로(서울여자대학교),A-06,유입,성균관대입구->원남동사거리,16578.0,37.5831,127.0009,14시,1245.0
0,20180305.0,월,창경궁로(서울여자대학교),A-06,유입,성균관대입구->원남동사거리,16578.0,37.5831,127.0009,15시,1108.0
0,20180305.0,월,창경궁로(서울여자대학교),A-06,유입,성균관대입구->원남동사거리,16578.0,37.5831,127.0009,16시,1129.0
0,20180305.0,월,창경궁로(서울여자대학교),A-06,유입,성균관대입구->원남동사거리,16578.0,37.5831,127.0009,17시,1051.0
0,20180305.0,월,창경궁로(서울여자대학교),A-06,유입,성균관대입구->원남동사거리,16578.0,37.5831,127.0009,18시,909.0
0,20180305.0,월,창경궁로(서울여자대학교),A-06,유입,성균관대입구->원남동사거리,16578.0,37.5831,127.0009,19시,816.0
0,20180305.0,월,창경궁로(서울여자대학교),A-06,유입,성균관대입구->원남동사거리,16578.0,37.5831,127.0009,20시,903.0
0,20180306.0,화,창경궁로(서울여자대학교),A-06,유입,성균관대입구->원남동사거리,16971.0,37.5831,127.0009,8시,2255.0
0,20180306.0,화,창경궁로(서울여자대학교),A-06,유입,성균관대입구->원남동사거리,16971.0,37.5831,127.0009,9시,1925.0
0,20180306.0,화,창경궁로(서울여자대학교),A-06,유입,성균관대입구->원남동사거리,16971.0,37.5831,127.0009,10시,1442.0
0,20180306.0,화,창경궁로(서울여자대학교),A-06,유입,성균관대입구->원남동사거리,16971.0,37.5831,127.0009,11시,1417.0
0,20180306.0,화,창경궁로(서울여자대학교),A-06,유입,성균관대입구->원남동사거리,16971.0,37.5831,127.0009,12시,1192.0
0,20180306.0,화,창경궁로(서울여자대학교),A-06,유입,성균관대입구->원남동사거리,16971.0,37.5831,127.0009,13시,1291.0
0,20180306.0,화,창경궁로(서울여자대학교),A-06,유입,성균관대입구->원남동사거리,16971.0,37.5831,127.0009,14시,1247.0
0,20180306.0,화,창경궁로(서울여자대학교),A-06,유입,성균관대입구->원남동사거리,16971.0,37.5831,127.0009,15시,1282.0
0,20180306.0,화,창경궁로(서울여자대학교),A-06,유입,성균관대입구->원남동사거리,16971.0,37.5831,127.0009,16시,1154.0
0,20180306.0,화,창경궁로(서울여자대학교),A-06,유입,성균관대입구->원남동사거리,16971.0,37.5831,127.0009,17시,1006.0
0,20180306.0,화,창경궁로(서울여자대학교),A-06,유입,성균관대입구->원남동사거리,16971.0,37.5831,127.0009,18시,989.0
0,20180306.0,화,창경궁로(서울여자대학교),A-06,유입,성균관대입구->원남동사거리,16971.0,37.5831,127.0009,19시,796.0
0,20180306.0,화,창경궁로(서울여자대학교),A-06,유입,성균관대입구->원남동사거리,16971.0,37.5831,127.0009,20시,975.0
0,20180307.0,수,창경궁로(서울여자대학교),A-06,유입,성균관대입구->원남동사거리,16796.0,37.5831,127.0009,8시,2302.0
0,20180307.0,수,창경궁로(서울여자대학교),A-06,유입,성균관대입구->원남동사거리,16796.0,37.5831,127.0009,9시,1869.0
0,20180307.0,수,창경궁로(서울여자대학교),A-06,유입,성균관대입구->원남동사거리,16796.0,37.5831,127.0009,10시,1454.0
0,20180307.0,수,창경궁로(서울여자대학교),A-06,유입,성균관대입구->원남동사거리,16796.0,37.5831,127.0009,11시,1366.0
0,20180307.0,수,창경궁로(서울여자대학교),A-06,유입,성균관대입구->원남동사거리,16796.0,37.5831,127.0009,12시,1249.0
0,20180307.0,수,창경궁로(서울여자대학교),A-06,유입,성균관대입구->원남동사거리,16796.0,37.5831,127.0009,13시,1283.0
0,20180307.0,수,창경궁로(서울여자대학교),A-06,유입,성균관대입구->원남동사거리,16796.0,37.5831,127.0009,14시,1226.0
0,20180307.0,수,창경궁로(서울여자대학교),A-06,유입,성균관대입구->원남동사거리,16796.0,37.5831,127.0009,15시,1127.0
0,20180307.0,수,창경궁로(서울여자대학교),A-06,유입,성균관대입구->원남동사거리,16796.0,37.5831,127.0009,16시,1101.0
0,20180307.0,수,창경궁로(서울여자대학교),A-06,유입,성균관대입구->원남동사거리,16796.0,37.5831,127.0009,17시,1092.0
0,20180307.0,수,창경궁로(서울여자대학교),A-06,유입,성균관대입구->원남동사거리,16796.0,37.5831,127.0009,18시,950.0
0,20180307.0,수,창경궁로(서울여자대학교),A-06,유입,성균관대입구->원남동사거리,16796.0,37.5831,127.0009,19시,876.0
0,20180307.0,수,창경궁로(서울여자대학교),A-06,유입,성균관대입구->원남동사거리,16796.0,37.5831,127.0009,20시,901.0
0,20180308.0,목,창경궁로(서울여자대학교),A-06,유입,성균관대입구->원남동사거리,16797.0,37.5831,127.0009,8시,2199.0
0,20180308.0,목,창경궁로(서울여자대학교),A-06,유입,성균관대입구->원남동사거리,16797.0,37.5831,127.0009,9시,1775.0
0,20180308.0,목,창경궁로(서울여자대학교),A-06,유입,성균관대입구->원남동사거리,16797.0,37.5831,127.0009,10시,1483.0
0,20180308.0,목,창경궁로(서울여자대학교),A-06,유입,성균관대입구->원남동사거리,16797.0,37.5831,127.0009,11시,1317.0
0,20180308.0,목,창경궁로(서울여자대학교),A-06,유입,성균관대입구->원남동사거리,16797.0,37.5831,127.0009,12시,1322.0
0,20180308.0,목,창경궁로(서울여자대학교),A-06,유입,성균관대입구->원남동사거리,16797.0,37.5831,127.0009,13시,1302.0
0,20180308.0,목,창경궁로(서울여자대학교),A-06,유입,성균관대입구->원남동사거리,16797.0,37.5831,127.0009,14시,1271.0
0,20180308.0,목,창경궁로(서울여자대학교),A-06,유입,성균관대입구->원남동사거리,16797.0,37.5831,127.0009,15시,1109.0
0,20180308.0,목,창경궁로(서울여자대학교),A-06,유입,성균관대입구->원남동사거리,16797.0,37.5831,127.0009,16시,1083.0
0,20180308.0,목,창경궁로(서울여자대학교),A-06,유입,성균관대입구->원남동사거리,16797.0,37.5831,127.0009,17시,1146.0
0,20180308.0,목,창경궁로(서울여자대학교),A-06,유입,성균관대입구->원남동사거리,16797.0,37.5831,127.0009,18시,1027.0
0,20180308.0,목,창경궁로(서울여자대학교),A-06,유입,성균관대입구->원남동사거리,16797.0,37.5831,127.0009,19시,806.0
0,20180308.0,목,창경궁로(서울여자대학교),A-06,유입,성균관대입구->원남동사거리,16797.0,37.5831,127.0009,20시,957.0
0,20180309.0,금,창경궁로(서울여자대학교),A-06,유입,성균관대입구->원남동사거리,17138.0,37.5831,127.0009,8시,2305.0
0,20180309.0,금,창경궁로(서울여자대학교),A-06,유입,성균관대입구->원남동사거리,17138.0,37.5831,127.0009,9시,1752.0
0,20180309.0,금,창경궁로(서울여자대학교),A-06,유입,성균관대입구->원남동사거리,17138.0,37.5831,127.0009,10시,1531.0
0,20180309.0,금,창경궁로(서울여자대학교),A-06,유입,성균관대입구->원남동사거리,17138.0,37.5831,127.0009,11시,1368.0
0,20180309.0,금,창경궁로(서울여자대학교),A-06,유입,성균관대입구->원남동사거리,17138.0,37.5831,127.0009,12시,1294.0
0,20180309.0,금,창경궁로(서울여자대학교),A-06,유입,성균관대입구->원남동사거리,17138.0,37.5831,127.0009,13시,1316.0
0,20180309.0,금,창경궁로(서울여자대학교),A-06,유입,성균관대입구->원남동사거리,17138.0,37.5831,127.0009,14시,1322.0
0,20180309.0,금,창경궁로(서울여자대학교),A-06,유입,성균관대입구->원남동사거리,17138.0,37.5831,127.0009,15시,1016.0
0,20180309.0,금,창경궁로(서울여자대학교),A-06,유입,성균관대입구->원남동사거리,17138.0,37.5831,127.0009,16시,1104.0
0,20180309.0,금,창경궁로(서울여자대학교),A-06,유입,성균관대입구->원남동사거리,17138.0,37.5831,127.0009,17시,1179.0
0,20180309.0,금,창경궁로(서울여자대학교),A-06,유입,성균관대입구->원남동사거리,17138.0,37.5831,127.0009,18시,1033.0
0,20180309.0,금,창경궁로(서울여자대학교),A-06,유입,성균관대입구->원남동사거리,17138.0,37.5831,127.0009,19시,937.0
0,20180309.0,금,창경궁로(서울여자대학교),A-06,유입,성균관대입구->원남동사거리,17138.0,37.5831,127.0009,20시,981.0
0,20180310.0,토,창경궁로(서울여자대학교),A-06,유입,성균관대입구->원남동사거리,17902.0,37.5831,127.0009,8시,1536.0
0,20180310.0,토,창경궁로(서울여자대학교),A-06,유입,성균관대입구->원남동사거리,17902.0,37.5831,127.0009,9시,1590.0
0,20180310.0,토,창경궁로(서울여자대학교),A-06,유입,성균관대입구->원남동사거리,17902.0,37.5831,127.0009,10시,1548.0
0,20180310.0,토,창경궁로(서울여자대학교),A-06,유입,성균관대입구->원남동사거리,17902.0,37.5831,127.0009,11시,1637.0
0,20180310.0,토,창경궁로(서울여자대학교),A-06,유입,성균관대입구->원남동사거리,17902.0,37.5831,127.0009,12시,1598.0
0,20180310.0,토,창경궁로(서울여자대학교),A-06,유입,성균관대입구->원남동사거리,17902.0,37.5831,127.0009,13시,1524.0
0,20180310.0,토,창경궁로(서울여자대학교),A-06,유입,성균관대입구->원남동사거리,17902.0,37.5831,127.0009,14시,1457.0
0,20180310.0,토,창경궁로(서울여자대학교),A-06,유입,성균관대입구->원남동사거리,17902.0,37.5831,127.0009,15시,1355.0
0,20180310.0,토,창경궁로(서울여자대학교),A-06,유입,성균관대입구->원남동사거리,17902.0,37.5831,127.0009,16시,1236.0
0,20180310.0,토,창경궁로(서울여자대학교),A-06,유입,성균관대입구->원남동사거리,17902.0,37.5831,127.0009,17시,1357.0
0,20180310.0,토,창경궁로(서울여자대학교),A-06,유입,성균관대입구->원남동사거리,17902.0,37.5831,127.0009,18시,1139.0
0,20180310.0,토,창경궁로(서울여자대학교),A-06,유입,성균관대입구->원남동사거리,17902.0,37.5831,127.0009,19시,973.0
0,20180310.0,토,창경궁로(서울여자대학교),A-06,유입,성균관대입구->원남동사거리,17902.0,37.5831,127.0009,20시,952.0
0,20180311.0,일,창경궁로(서울여자대학교),A-06,유입,성균관대입구->원남동사거리,16390.0,37.5831,127.0009,8시,1058.0
0,20180311.0,일,창경궁로(서울여자대학교),A-06,유입,성균관대입구->원남동사거리,16390.0,37.5831,127.0009,9시,1338.0
0,20180311.0,일,창경궁로(서울여자대학교),A-06,유입,성균관대입구->원남동사거리,16390.0,37.5831,127.0009,10시,1389.0
0,20180311.0,일,창경궁로(서울여자대학교),A-06,유입,성균관대입구->원남동사거리,16390.0,37.5831,127.0009,11시,1411.0
0,20180311.0,일,창경궁로(서울여자대학교),A-06,유입,성균관대입구->원남동사거리,16390.0,37.5831,127.0009,12시,1379.0
0,20180311.0,일,창경궁로(서울여자대학교),A-06,유입,성균관대입구->원남동사거리,16390.0,37.5831,127.0009,13시,1441.0
0,20180311.0,일,창경궁로(서울여자대학교),A-06,유입,성균관대입구->원남동사거리,16390.0,37.5831,127.0009,14시,1508.0
0,20180311.0,일,창경궁로(서울여자대학교),A-06,유입,성균관대입구->원남동사거리,16390.0,37.5831,127.0009,15시,1421.0
0,20180311.0,일,창경궁로(서울여자대학교),A-06,유입,성균관대입구->원남동사거리,16390.0,37.5831,127.0009,16시,1282.0
0,20180311.0,일,창경궁로(서울여자대학교),A-06,유입,성균관대입구->원남동사거리,16390.0,37.5831,127.0009,17시,1262.0
0,20180311.0,일,창경궁로(서울여자대학교),A-06,유입,성균관대입구->원남동사거리,16390.0,37.5831,127.0009,18시,990.0
0,20180311.0,일,창경궁로(서울여자대학교),A-06,유입,성균관대입구->원남동사거리,16390.0,37.5831,127.0009,19시,920.0
0,20180311.0,일,창경궁로(서울여자대학교),A-06,유입,성균관대입구->원남동사거리,16390.0,37.5831,127.0009,20시,991.0
0,20180312.0,월,창경궁로(서울여자대학교),A-06,유입,성균관대입구->원남동사거리,10465.0,37.5831,127.0009,8시,1700.0
0,20180312.0,월,창경궁로(서울여자대학교),A-06,유입,성균관대입구->원남동사거리,10465.0,37.5831,127.0009,9시,1487.0
0,20180312.0,월,창경궁로(서울여자대학교),A-06,유입,성균관대입구->원남동사거리,10465.0,37.5831,127.0009,10시,764.0
0,20180312.0,월,창경궁로(서울여자대학교),A-06,유입,성균관대입구->원남동사거리,10465.0,37.5831,127.0009,11시,829.0
0,20180312.0,월,창경궁로(서울여자대학교),A-06,유입,성균관대입구->원남동사거리,10465.0,37.5831,127.0009,12시,821.0
0,20180312.0,월,창경궁로(서울여자대학교),A-06,유입,성균관대입구->원남동사거리,10465.0,37.5831,127.0009,13시,664.0
0,20180312.0,월,창경궁로(서울여자대학교),A-06,유입,성균관대입구->원남동사거리,10465.0,37.5831,127.0009,14시,668.0
0,20180312.0,월,창경궁로(서울여자대학교),A-06,유입,성균관대입구->원남동사거리,10465.0,37.5831,127.0009,15시,659.0
0,20180312.0,월,창경궁로(서울여자대학교),A-06,유입,성균관대입구->원남동사거리,10465.0,37.5831,127.0009,16시,614.0
0,20180312.0,월,창경궁로(서울여자대학교),A-06,유입,성균관대입구->원남동사거리,10465.0,37.5831,127.0009,17시,551.0
0,20180312.0,월,창경궁로(서울여자대학교),A-06,유입,성균관대입구->원남동사거리,10465.0,37.5831,127.0009,18시,661.0
0,20180312.0,월,창경궁로(서울여자대학교),A-06,유입,성균관대입구->원남동사거리,10465.0,37.5831,127.0009,19시,486.0
0,20180312.0,월,창경궁로(서울여자대학교),A-06,유입,성균관대입구->원남동사거리,10465.0,37.5831,127.0009,20시,561.0
